x[nm]                E[kV/cm]            
-8                   -0
-6                   -0
-4                   -0
-2                   -0
0                    -293.22280207844
1.999                -0.00037588760710412
3.997                -0.00021712370084486
5.995                -0.00012541700966606
7.9929999999999      -7.2444539523088e-05
9.9909999999999      -4.1846083933097e-05
11.989               -2.4171524530574e-05
13.987               -1.3962178093698e-05
15.985               -8.0649623338229e-06
17.983               -4.6585580460513e-06
19.981               -2.6909205594514e-06
21.979               -1.5543544651809e-06
23.977               -8.9784036061714e-07
25.975               -5.1861751463226e-07
27.973               -2.9956906713905e-07
29.971               -1.730436503687e-07
31.969               -9.9953412247035e-08
33.967               -5.7736042617945e-08
35.965               -3.3346698775679e-08
37.963               -1.9263869778631e-08
39.961               -1.1128902270867e-08
41.959               -6.4279579323643e-09
43.957               -3.7118567590071e-09
45.955               -2.1426526441214e-09
47.953               -1.2402491446263e-09
49.951               -7.1347665846783e-10
51.948999999999      -4.1341638154211e-10
53.946999999999      -2.4004822154058e-10
55.944999999999      -1.40028129232e-10
57.942999999999      -7.7793405128891e-11
59.940999999999      -4.6676043077334e-11
61.938999999999      -2.667202461562e-11
63.936999999999      -1.7781349743746e-11
65.934999999999      -8.8906748718732e-12
67.932999999999      -4.4453374359366e-12
69.930999999999      -4.4453374359366e-12
71.928999999999      -2.2226687179683e-12
73.926999999999      -0
75.924999999999      -2.2226687179683e-12
77.922999999999      2.2226687179683e-12
79.920999999999      -2.2226687179683e-12
81.918999999999      -0
83.916999999999      -0
85.914999999999      -0
87.912999999999      -0
89.910999999999      -0
91.908999999999      -0
93.906999999999      -0
95.904999999999      -0
97.902999999999      -0
99.900999999999      -0
101.899              -0
103.897              -0
105.895              -0
107.893              -0
109.891              -0
111.889              -0
113.887              -0
115.885              -0
117.883              -0
119.881              -0
121.879              -0
123.877              -0
125.875              -0
127.873              -0
129.871              -2.2226687179683e-12
131.869              -2.2226687179683e-12
133.867              -0
135.865              -0
137.863              2.2226687179683e-12
139.861              2.2226687179683e-12
141.859              -0
143.857              -2.2226687179683e-12
145.855              -0
147.853              -0
149.851              -0
151.849              -0
153.847              -2.2226687179683e-12
155.845              -2.2226687179683e-12
157.843              -0
159.841              -0
161.839              -2.2226687179683e-12
163.837              2.2226687179683e-12
165.835              -0
167.833              -2.2226687179683e-12
169.831              2.2226687179683e-12
171.829              -0
173.827              -0
175.825              -0
177.823              -0
179.821              -0
181.819              -0
183.817              -0
185.815              -0
187.813              -0
189.811              -0
191.809              -0
193.807              -2.2226687179683e-12
195.805              2.2226687179683e-12
197.803              -0
199.801              -2.2226687179683e-12
201.799              2.2226687179683e-12
203.797              -0
205.795              -0
207.793              -0
209.791              -0
211.789              -0
213.787              -0
215.785              -0
217.783              -0
219.781              -0
221.779              -0
223.777              -0
225.775              -2.2226687179683e-12
227.773              2.2226687179683e-12
229.771              -0
231.769              -2.2226687179683e-12
233.767              2.2226687179683e-12
235.765              -0
237.763              -0
239.761              -0
241.759              2.2226687179683e-12
243.757              2.2226687179683e-12
245.755              -0
247.753              -2.2226687179683e-12
249.751              -0
251.749              -0
253.747              -0
255.745              2.2226687179683e-12
257.743              -0
259.741              2.2226687179684e-12
261.739              -0
263.737              -0
265.735              -0
267.733              -0
269.731              -0
271.729              -0
273.727              -0
275.725              -0
277.723              -0
279.721              -0
281.719              -0
283.717              -0
285.715              -0
287.713              -0
289.711              -0
291.709              -0
293.707              -0
295.705              -0
297.703              -0
299.701              -0
301.699              -0
303.697              -0
305.695              -0
307.693              -0
309.691              -0
311.689              -0
313.687              -0
315.685              -0
317.683              -0
319.681              -0
321.679              -0
323.677              -0
325.675              -0
327.673              -0
329.671              -0
331.669              -0
333.667              -0
335.665              -0
337.663              -0
339.661              -0
341.659              -0
343.657              -0
345.655              -0
347.653              -0
349.651              -0
351.649              -0
353.647              -0
355.645              -0
357.643              -0
359.641              -0
361.639              -0
363.637              -0
365.635              -0
367.633              -0
369.631              -0
371.629              -0
373.627              -0
375.625              -0
377.623              -0
379.621              -0
381.619              -0
383.617              -0
385.615              -0
387.613              -0
389.611              -0
391.609              -0
393.607              -0
395.605              -0
397.60299999999      -0
399.60099999999      -0
401.59899999999      -0
403.59699999999      -0
405.59499999999      -0
407.59299999999      -0
409.59099999999      -0
411.58899999999      -0
413.58699999999      -0
415.58499999999      -0
417.58299999999      -0
419.58099999999      -0
421.57899999999      -0
423.57699999999      -0
425.57499999999      -0
427.57299999999      -0
429.57099999999      -0
431.56899999999      -0
433.56699999999      -0
435.56499999999      -0
437.56299999999      -0
439.56099999999      -0
441.55899999999      -0
443.55699999999      -0
445.55499999999      -0
447.55299999999      -0
449.55099999999      -0
451.54899999999      -0
453.54699999999      -0
455.54499999999      -0
457.54299999999      -0
459.54099999999      -0
461.53899999999      -0
463.53699999999      -0
465.53499999999      -0
467.53299999999      -0
469.53099999999      -0
471.52899999999      -0
473.52699999999      -0
475.52499999999      -0
477.52299999999      -0
479.52099999999      -0
481.51899999999      -0
483.51699999999      -0
485.51499999999      -0
487.51299999999      -0
489.51099999999      -0
491.50899999999      -0
493.50699999999      -0
495.50499999999      -0
497.50299999999      -0
499.50099999999      -0
501.49899999999      -0
503.49699999999      -0
505.49499999999      -0
507.49299999999      -0
509.49099999999      -0
511.48899999999      -0
513.48699999999      -2.2226687179682e-12
515.48499999999      -0
517.48299999999      -2.2226687179684e-12
519.48099999999      2.2226687179682e-12
521.47899999999      -0
523.47699999999      -0
525.47499999999      -0
527.47299999999      2.2226687179682e-12
529.47099999999      -2.2226687179684e-12
531.46899999999      -0
533.46699999999      -2.2226687179682e-12
535.46499999999      -0
537.46299999999      -0
539.46099999999      -0
541.45899999999      -0
543.45699999999      -0
545.45499999999      -0
547.45299999999      -0
549.45099999999      -0
551.44899999999      -0
553.44699999999      -0
555.44499999999      2.2226687179682e-12
557.44299999999      2.2226687179682e-12
559.44099999999      -0
561.43899999999      2.2226687179682e-12
563.43699999999      -0
565.43499999999      -2.2226687179684e-12
567.43299999999      -2.2226687179682e-12
569.43099999999      -0
571.42899999999      -0
573.42699999999      2.2226687179682e-12
575.42499999999      2.2226687179684e-12
577.42299999999      -0
579.42099999999      -0
581.41899999999      -0
583.41699999999      -2.2226687179682e-12
585.41499999999      -0
587.41299999999      -2.2226687179684e-12
589.41099999999      -0
591.40899999999      -2.2226687179682e-12
593.40699999999      -0
595.40499999999      -0
597.40299999999      -0
599.40099999999      -0
601.39899999999      -0
603.39699999999      -0
605.39499999999      -0
607.39299999999      -0
609.39099999999      -0
611.38899999999      -0
613.38699999999      2.2226687179682e-12
615.38499999999      2.2226687179682e-12
617.38299999999      -0
619.38099999999      2.2226687179682e-12
621.37899999999      -0
623.37699999999      -2.2226687179684e-12
625.37499999999      -2.2226687179682e-12
627.37299999999      -0
629.37099999999      -0
631.369              2.2226687179682e-12
633.36699999999      2.2226687179684e-12
635.365              -0
637.363              -0
639.361              -0
641.359              -2.2226687179682e-12
643.357              -0
645.355              -2.2226687179684e-12
647.353              -0
649.351              -2.2226687179682e-12
651.349              -0
653.347              -0
655.345              -0
657.343              -0
659.341              -0
661.339              -0
663.337              -0
665.335              -0
667.333              -0
669.331              -0
671.329              2.2226687179682e-12
673.327              2.2226687179682e-12
675.325              -0
677.323              2.2226687179682e-12
679.321              -0
681.319              -2.2226687179684e-12
683.317              -2.2226687179682e-12
685.315              -0
687.313              -0
689.311              2.2226687179682e-12
691.309              2.2226687179684e-12
693.307              -0
695.305              -0
697.303              -0
699.301              -2.2226687179682e-12
701.299              -0
703.297              -2.2226687179684e-12
705.295              -0
707.293              -2.2226687179682e-12
709.291              -0
711.289              -0
713.287              -0
715.285              -0
717.283              -0
719.281              -0
721.279              -0
723.277              -0
725.275              -0
727.273              -0
729.271              -0
731.269              -0
733.267              -0
735.265              -0
737.263              -0
739.261              -0
741.259              2.2226687179682e-12
743.257              2.2226687179682e-12
745.255              -0
747.253              2.2226687179682e-12
749.251              -0
751.249              -2.2226687179684e-12
753.247              -2.2226687179682e-12
755.245              -0
757.243              -0
759.241              2.2226687179682e-12
761.239              2.2226687179684e-12
763.237              -0
765.235              -0
767.233              -0
769.231              -2.2226687179682e-12
771.229              -0
773.227              -2.2226687179684e-12
775.225              -0
777.223              -2.2226687179682e-12
779.221              -0
781.219              -0
783.217              -0
785.215              -0
787.213              -0
789.211              -0
791.209              -0
793.207              -0
795.205              -0
797.203              -0
799.201              2.2226687179682e-12
801.199              2.2226687179682e-12
803.197              -0
805.195              2.2226687179682e-12
807.193              -0
809.191              -2.2226687179684e-12
811.189              -2.2226687179682e-12
813.187              -0
815.185              -0
817.183              2.2226687179682e-12
819.181              2.2226687179684e-12
821.179              -0
823.177              -0
825.175              -0
827.173              -2.2226687179682e-12
829.171              -0
831.169              -2.2226687179684e-12
833.167              -0
835.165              -2.2226687179682e-12
837.163              -0
839.161              -0
841.159              -0
843.157              -0
845.155              -0
847.153              -0
849.151              -0
851.149              -0
853.147              -0
855.145              -0
857.143              -0
859.141              -0
861.139              -0
863.137              -0
865.135              -0
867.133              -0
869.131              2.2226687179682e-12
871.129              -0
873.127              -0
875.125              2.2226687179682e-12
877.123              -0
879.121              2.2226687179684e-12
881.119              -0
883.117              2.2226687179682e-12
885.115              2.2226687179682e-12
887.113              6.6680061539047e-12
889.111              1.1113343589842e-11
891.109              1.7781349743746e-11
893.107              3.1117362051555e-11
895.105              5.1121380513269e-11
897.103              9.1129417436697e-11
899.101              1.5780947897574e-10
901.099              2.7338825231011e-10
903.097              4.689830994913e-10
905.095              8.1349675077637e-10
907.093              1.4091719671919e-09
909.091              2.4404902523291e-09
911.089              4.2252932328576e-09
913.087              7.3148027508339e-09
915.085              1.2664766354983e-08
917.083              2.1924404234039e-08
919.081              3.7958736365461e-08
921.079              6.5710977978013e-08
923.077              1.1376063032305e-07
925.075              1.9694400709302e-07
927.073              3.4095293599889e-07
929.071              5.9026301808723e-07
931.069              1.0218674977485e-06
933.067              1.7690753766801e-06
935.065              3.0626485665192e-06
937.063              5.3021006559771e-06
939.061              9.1790728060354e-06
941.059              1.5890938881752e-05
943.057              2.7510621964227e-05
945.055              4.76267785081e-05
947.053              8.2452156547122e-05
949.051              0.00014274233669161
951.049              0.00024711755053552
953.047              0.00042781338031708
955.045              0.00074063649218695
957.043              0.0012822000940695
959.041              0.0022197620407338
961.039              0.0038428806438863
963.037              0.0066528407496592
965.035              0.01151746599105
967.033              0.019939121485033
969.031              0.034518652769877
971.029              0.059758469810851
973.027              0.10345257698433
975.025              0.17909217205665
977.023              0.31002773350887
979.021              0.53666693299746
981.019              0.92891312640783
983.017              1.6076311896055
985.015              2.7816060487238
987.013              4.8109158199335
989.011              8.3148145253669
991.009              14.353007872346
993.007              24.722973868705
995.005              42.424958343475
997.003              72.31639814016
999.001              121.78383953491
1001                 129.78541091812
1003                 92.365695319172
1005                 68.712211410875
1007                 52.92989764901
1009                 41.884421059362
1011                 33.837314497163
1013                 27.778525650439
1015                 23.093396291061
1017                 19.39130505171
1019                 16.414095327357
1021                 13.985132249261
1023                 11.979821201704
1025                 10.307900995457
1027                 8.9024395801607
1029                 7.7127795853671
1031                 6.6998872070823
1033                 5.8332069185152
1035                 5.0884851819366
1037                 4.446233048514
1039                 3.8906194167243
1041                 3.4086605051309
1043                 2.9896168615262
1045                 2.6245382601431
1047                 2.3059156363869
1049                 2.0274116143937
1051                 1.783649515672
1053                 1.5700464256252
1055                 1.3826798374605
1057                 1.2181801637245
1059                 1.0736433786618
1061                 0.94655947650235
1063                 0.83475346710271
1065                 0.7363363940982
1067                 0.64966442873793
1069                 0.57330451952664
1071                 0.50600540113521
1073                 0.44667301346335
1075                 0.39434957208373
1077                 0.34819567941824
1079                 0.3074749816645
1081                 0.2715409677001
1083                 0.23982557863844
1085                 0.2118293543929
1087                 0.18711289019535
1089                 0.16528941346738
1091                 0.14601832218464
1093                 0.12899955072809
1095                 0.11396864996183
1097                 0.10069248526312
1099                 0.088965470377289
1101                 0.078606266902259
1103                 0.069454889062293
1105                 0.061370161898999
1107                 0.054227488035519
1109                 0.047916884271526
1111                 0.04234125439817
1113                 0.037414868971908
1115                 0.033062026680852
1117                 0.029215875090305
1119                 0.025817371418491
1121                 0.02281436643603
1123                 0.020160796641022
1125                 0.017815971753432
1127                 0.015743946149005
1129                 0.013912964182961
1131                 0.012294970705984
1133                 0.010865178974306
1135                 0.0096016892170425
1137                 0.0084851518633577
1139                 0.0074984701559089
1141                 0.0066265375475716
1143                 0.0058560057869528
1145                 0.005175080044495
1147                 0.0045733380060753
1149                 0.0040415700230945
1151                 0.0035716379254147
1153                 0.0031563502944643
1155                 0.0027893522669409
1157                 0.0024650281682526
1159                 0.0021784155057603
1161                 0.0019251289651301
1163                 0.0017012932529425
1165                 0.0015034837819172
1167                 0.0013286742106544
1169                 0.0011741901428941
1171                 0.0010376681935931
1173                 0.00091701979121339
1175                 0.00081039924992865
1177                 0.00071617549002312
1179                 0.00063290710006214
1181                 0.0005593202745402
1183                 0.00049428932058504
1185                 0.00043681943617813
1187                 0.00038603149121741
1189                 0.00034114858049605
1191                 0.00030148411989117
1193                 0.00026643136807891
1195                 0.00023545412286552
1197                 0.0002080785321823
1199                 0.00018388583766793
1201                 0.00016250596424072
1203                 0.00014361187350431
1205                 0.00012691454998048
1207                 0.00011215857798064
1209                 9.9118242502527e-05
1211                 8.7594069775321e-05
1213                 7.7409776366721e-05
1215                 6.8409582443252e-05
1217                 6.0455815908966e-05
1219                 5.3426809643042e-05
1221                 4.7215042986437e-05
1223                 4.1725498611811e-05
1225                 3.6874208131366e-05
1227                 3.2586959797243e-05
1229                 2.8798179396716e-05
1231                 2.5449908847008e-05
1233                 2.2490929119101e-05
1235                 1.9875980861173e-05
1237                 1.7565064958092e-05
1239                 1.5522831908754e-05
1241                 1.3718042257693e-05
1243                 1.2123089199179e-05
1245                 1.0713578912913e-05
1247                 9.4679442064205e-06
1249                 8.3671358730442e-06
1251                 7.3943184908387e-06
1253                 6.53460618949e-06
1255                 5.7748472670482e-06
1257                 5.1034243497838e-06
1259                 4.5100656542729e-06
1261                 3.9856962175122e-06
1263                 3.5222913474797e-06
1265                 3.1127656008323e-06
1267                 2.750855099265e-06
1269                 2.431022050331e-06
1271                 2.1483725909377e-06
1273                 1.8985901739654e-06
1275                 1.6778467504253e-06
1277                 1.4827716832144e-06
1279                 1.3103718110585e-06
1281                 1.1580225667274e-06
1283                 1.023381379639e-06
1285                 9.0439655764385e-07
1287                 7.992473349816e-07
1289                 7.0631944737443e-07
1291                 6.2419847068895e-07
1293                 5.5162541201526e-07
1295                 4.8749004832871e-07
1297                 4.3081094247555e-07
1299                 3.8072212049656e-07
1301                 3.364553080587e-07
1303                 2.9733771000906e-07
1305                 2.6276536502223e-07
1307                 2.322186887227e-07
1309                 2.0521584431776e-07
1311                 1.8135937196462e-07
1313                 1.6027179583489e-07
1315                 1.4163559214353e-07
1317                 1.2517098468834e-07
1319                 1.1061818128155e-07
1321                 9.7757357764294e-08
1323                 8.6390894438182e-08
1325                 7.6347816957423e-08
1327                 6.747047365252e-08
1329                 5.9625637760519e-08
1331                 5.269118474871e-08
1333                 4.6567194544878e-08
1335                 4.1151526630756e-08
1337                 3.6364244948572e-08
1339                 3.2138736116849e-08
1341                 2.8401725415961e-08
1343                 2.5097701694676e-08
1345                 2.2180035585961e-08
1347                 1.9602097722782e-08
1349                 1.7321699630202e-08
1351                 1.5307755063532e-08
1353                 1.3526957332033e-08
1355                 1.1954881529164e-08
1357                 1.0567102748382e-08
1359                 9.3369756370976e-09
1361                 8.2533979650634e-09
1363                 7.2941652717873e-09
1365                 6.4437344349244e-09
1367                 5.6954441163271e-09
1369                 5.0337511936505e-09
1371                 4.4475534366484e-09
1373                 3.9301895071731e-09
1375                 3.4727776210275e-09
1377                 3.0686564400639e-09
1379                 2.7111646261346e-09
1381                 2.3958612871411e-09
1383                 2.1183055309848e-09
1385                 1.871836019518e-09
1387                 1.6542323066915e-09
1389                 1.4610535004067e-09
1391                 1.2922996006637e-09
1393                 1.1413092693147e-09
1395                 1.0080825063596e-09
1397                 8.9039886574938e-10
1399                 7.8825834748386e-10
1401                 6.9499961341535e-10
1403                 6.1506355564234e-10
1405                 5.4400928206633e-10
1407                 4.7961634663807e-10
1409                 4.2410519540681e-10
1411                 3.7303493627405e-10
1413                 3.3306690738755e-10
1415                 2.9309887850104e-10
1417                 2.5757174171304e-10
1419                 2.2870594307278e-10
1421                 2.0206059048178e-10
1423                 1.7985612998928e-10
1425                 1.5987211554602e-10
1427                 1.3988810110277e-10
1429                 1.2434497875802e-10
1431                 1.1102230246252e-10
1433                 9.5479180117763e-11
1435                 8.6597395920762e-11
1437                 7.5495165674511e-11
1439                 6.883382752676e-11
1441                 5.9952043329758e-11
1443                 5.3290705182008e-11
1445                 4.6629367034257e-11
1447                 4.2188474935756e-11
1449                 3.7747582837255e-11
1451                 3.3306690738755e-11
1453                 2.8865798640254e-11
1455                 2.6645352591004e-11
1457                 2.4424906541753e-11
1459                 1.9984014443253e-11
1461                 1.7763568394003e-11
1463                 1.5543122344752e-11
1465                 1.5543122344752e-11
1467                 1.1102230246252e-11
1469                 1.1102230246252e-11
1471                 8.8817841970013e-12
1473                 6.6613381477509e-12
1475                 8.8817841970013e-12
1477                 6.6613381477509e-12
1479                 4.4408920985006e-12
1481                 4.4408920985006e-12
1483                 4.4408920985006e-12
1485                 4.4408920985006e-12
1487                 4.4408920985006e-12
1489                 4.4408920985006e-12
1491                 4.4408920985006e-12
1493                 4.4408920985006e-12
1495                 2.2204460492503e-12
1497                 4.4408920985006e-12
1499                 2.2204460492503e-12
1501                 4.4408920985006e-12
1503                 4.4408920985006e-12
1505                 2.2204460492503e-12
1507                 4.4408920985006e-12
1509                 4.4408920985006e-12
1511                 6.6613381477509e-12
1513                 4.4408920985006e-12
1515                 6.6613381477509e-12
1517                 8.8817841970013e-12
1519                 6.6613381477509e-12
1521                 8.8817841970013e-12
1523                 8.8817841970013e-12
1525                 1.1102230246252e-11
1527                 1.3322676295502e-11
1529                 1.5543122344752e-11
1531                 1.7763568394003e-11
1533                 2.2204460492503e-11
1535                 2.2204460492503e-11
1537                 2.6645352591004e-11
1539                 2.8865798640254e-11
1541                 3.3306690738755e-11
1543                 3.3306690738755e-11
1545                 3.9968028886506e-11
1547                 4.4408920985006e-11
1549                 5.3290705182008e-11
1551                 5.7731597280508e-11
1553                 6.4392935428259e-11
1555                 7.327471962526e-11
1557                 8.2156503822262e-11
1559                 9.3258734068513e-11
1561                 1.0658141036402e-10
1563                 1.1990408665952e-10
1565                 1.3544720900427e-10
1567                 1.5321077739827e-10
1569                 1.7319479184152e-10
1571                 1.9761969838328e-10
1573                 2.2426505097428e-10
1575                 2.5091040356529e-10
1577                 2.8643754035329e-10
1579                 3.219646771413e-10
1581                 3.663735981263e-10
1583                 4.1300296516056e-10
1585                 4.6851411639182e-10
1587                 5.3068660577082e-10
1589                 5.9952043329758e-10
1591                 6.794564910706e-10
1593                 7.6827433304061e-10
1595                 8.7041485130612e-10
1597                 9.8365759981789e-10
1599                 1.1124434706744e-09
1601                 1.2589929099249e-09
1603                 1.4255263636187e-09
1605                 1.614264277805e-09
1607                 1.8229862064345e-09
1609                 2.0650148258028e-09
1611                 2.3381296898606e-09
1613                 2.6445512446571e-09
1615                 2.9909408283402e-09
1617                 3.3861802251067e-09
1619                 3.8302694349568e-09
1621                 4.3343106881366e-09
1623                 4.9049653227939e-09
1625                 5.5488946770765e-09
1627                 6.2816418733291e-09
1629                 7.1076478036503e-09
1631                 8.0424555903846e-09
1633                 9.0993879098278e-09
1635                 1.0296208330374e-08
1637                 1.1650680420416e-08
1639                 1.3185008640448e-08
1641                 1.4921397450962e-08
1643                 1.6884271758499e-08
1645                 1.910471780775e-08
1647                 2.1618262735501e-08
1649                 2.4460433678541e-08
1651                 2.7680080449954e-08
1653                 3.1321611970725e-08
1655                 3.5440539392084e-08
1657                 4.010347609551e-08
1659                 4.5379255908529e-08
1661                 5.1352255781012e-08
1663                 5.8106852662831e-08
1665                 6.575406885645e-08
1667                 7.4404926664329e-08
1669                 8.4194873295473e-08
1671                 9.5270458189134e-08
1673                 1.078026556911e-07
1675                 1.2198686505371e-07
1677                 1.3803624909769e-07
1679                 1.5619505688846e-07
1681                 1.7674306462823e-07
1683                 1.9999779610202e-07
1685                 2.2631230223169e-07
1687                 2.5608626330609e-07
1689                 2.8977931165741e-07
1691                 3.2790214987699e-07
1693                 3.7104097572183e-07
1695                 4.1985526166854e-07
1697                 4.7509551848179e-07
1699                 5.3759885432214e-07
1701                 6.0832672232891e-07
1703                 6.8836047972809e-07
1705                 7.7892137184676e-07
1707                 8.8140161835781e-07
1709                 9.9735997238781e-07
1711                 1.1285772316683e-06
1713                 1.2770540180895e-06
1715                 1.4450707297442e-06
1717                 1.635185320481e-06
1719                 1.8503176768547e-06
1721                 2.0937496181261e-06
1723                 2.369211493658e-06
1725                 2.6809110487136e-06
1727                 3.0336200218528e-06
1729                 3.4327318765293e-06
1731                 3.8843550598244e-06
1733                 4.3953929385054e-06
1735                 4.9736659235577e-06
1737                 5.6280180515955e-06
1739                 6.3684546525167e-06
1741                 7.2063088829566e-06
1743                 8.1543949370655e-06
1745                 9.227212327545e-06
1747                 1.0441172371145e-05
1749                 1.1814846878622e-05
1751                 1.3369245710493e-05
1753                 1.5128145403054e-05
1755                 1.7118451101084e-05
1757                 1.9370605119917e-05
1759                 2.1919064341347e-05
1761                 2.4802802034429e-05
1763                 2.8065936241717e-05
1765                 3.1758375929059e-05
1767                 3.5936607023501e-05
1769                 4.0664533962342e-05
1771                 4.601448555519e-05
1773                 5.2068291900298e-05
1775                 5.8918552259257e-05
1777                 6.6670053922024e-05
1779                 7.5441364266737e-05
1781                 8.5366651525476e-05
1783                 9.6597738696858e-05
1785                 0.00010930641503037
1787                 0.00012368707613675
1789                 0.00013995969716518
1791                 0.00015837317679512
1793                 0.00017920918526926
1795                 0.0002027864165477
1797                 0.00022946551991865
1799                 0.00025965458005928
1801                 0.00029381536315043
1803                 0.00033247039565865
1805                 0.00037621093573748
1807                 0.00042570603264735
1809                 0.00048171274746878
1811                 0.00054508773716933
1813                 0.00061680035745582
1815                 0.00069794748203122
1817                 0.0007897702736237
1819                 0.00089367317324118
1821                 0.0010112453718847
1823                 0.0011442851044485
1825                 0.0012948271521651
1827                 0.0014651739488336
1829                 0.0016579307726694
1831                 0.0018760455855471
1833                 0.0021228540902918
1835                 0.0024021306987976
1837                 0.0027181462458614
1839                 0.0030757332036835
1841                 0.003480359564989
1843                 0.0039382123251386
1845                 0.0044562920176183
1847                 0.0050425195863291
1849                 0.0057058573221802
1851                 0.0064564456692118
1853                 0.0073057579164093
1855                 0.0082667752487886
1857                 0.0093541846513112
1859                 0.010584602776476
1861                 0.011976829084048
1863                 0.013552132083205
1865                 0.015334572982528
1867                 0.017351371552898
1869                 0.019633319749968
1871                 0.022215249149138
1873                 0.025136559227423
1875                 0.028441814206026
1877                 0.032181417288779
1879                 0.036412372153016
1881                 0.041199142704063
1883                 0.046614623576691
1885                 0.052741235234688
1887                 0.05967215919167
1889                 0.067512730776986
1891                 0.076382008655784
1893                 0.086414542685986
1895                 0.097762363879816
1897                 0.11059722278439
1899                 0.12511310530927
1901                 0.14152905774445
1903                 0.16009235570547
1905                 0.18108205460443
1907                 0.20481296213681
1909                 0.23164007606713
1911                 0.26196353286156
1913                 0.29623411467394
1915                 0.3349593631552
1917                 0.37871034835435
1919                 0.428129139185
1921                 0.48393701779448
1923                 0.54694347300988
1925                 0.61805599699483
1927                 0.69829069315297
1929                 0.78878368062307
1931                 0.89080325032631
1933                 1.0057626869253
1935                 1.135233618843
1937                 1.2809596919716
1939                 1.444870279852
1941                 1.6290938416885
1943                 1.8359704179072
1945                 2.0680626103142
1947                 2.3281642307227
1949                 2.6193056214141
1951                 2.9447544589511
1953                 3.3080106606653
1955                 3.7127938371007
1957                 4.1630215977628
1959                 4.6627769535146
1961                 5.2162631073616
1963                 5.8277441334975
1965                 6.5014704638711
1967                 7.2415887807775
1969                 8.0520368898762
1971                 8.9364254310142
1973                 9.8979098426755
1975                 10.939057739385
1977                 12.061718628062
1979                 13.266904443958
1981                 14.554690436162
1983                 15.924146161905
1985                 17.373305484507
1987                 18.899182353167
1989                 20.497835807742
1991                 22.164483371852
1993                 23.893657285396
1995                 25.679393566107
1997                 27.515440403227
1999                 29.395470479363
2001                 25.769116592389
2003                 21.676398317436
2005                 18.374631651576
2007                 15.675362831047
2009                 13.443789547876
2011                 11.581317777623
2013                 10.014364240902
2015                 8.6870012324991
2017                 7.5560178331946
2019                 6.5875340143773
2021                 5.7546337677672
2023                 5.0356803294505
2025                 4.4130965824007
2027                 3.8724683081903
2029                 3.401875203255
2031                 2.99138505236
2033                 2.6326664566811
2035                 2.3186888624394
2037                 2.0434876816955
2039                 1.8019785170242
2041                 1.5898088375721
2043                 1.4032385157559
2045                 1.2390428218523
2047                 1.0944330556262
2049                 0.9669911497312
2051                 0.85461543257059
2053                 0.75547537397469
2055                 0.6679736147408
2057                 0.59071394368004
2059                 0.52247416272522
2061                 0.4621829942697
2063                 0.40890035062802
2065                 0.36180041513845
2067                 0.32015708648192
2069                 0.28333141870673
2071                 0.25076075397701
2073                 0.22194929690578
2075                 0.19645992120454
2077                 0.17390703329179
2079                 0.15395034550059
2081                 0.13628943409838
2083                 0.1206589764724
2085                 0.10682457721733
2087                 0.094579106206805
2089                 0.083739482457101
2091                 0.0741438469265
2093                 0.065649075229324
2095                 0.058128587685502
2097                 0.051470420041611
2099                 0.045575522733543
2101                 0.040356260913033
2103                 0.035735090886391
2105                 0.031643391800174
2107                 0.028020433926468
2109                 0.024812467314117
2111                 0.021971916543961
2113                 0.019456669042572
2115                 0.017229445914424
2117                 0.015257245680189
2119                 0.013510852321375
2121                 0.011964400161713
2123                 0.010594988955059
2125                 0.0093823433577889
2127                 0.0083085116120429
2129                 0.0073575989167907
2131                 0.0065155314765697
2133                 0.0057698476552126
2135                 0.0051095131414769
2137                 0.0045247573421392
2139                 0.0040069285489608
2141                 0.0035483657234714
2143                 0.0031422850033103
2145                 0.0027826792226016
2147                 0.0024642289342403
2149                 0.0021822236728752
2151                 0.0019324921751718
2153                 0.0017113406824976
2155                 0.001515498233573
2157                 0.0013420682654086
2159                 0.0011884857697986
2161                 0.0010524792992683
2163                 0.00093203740503256
2165                 0.00082537883194789
2167                 0.00073092621510895
2169                 0.00064728269189018
2171                 0.00057321128510424
2173                 0.00050761658210163
2175                 0.00044952853439639
2177                 0.00039808810914366
2179                 0.00035253459484963
2181                 0.00031219433260787
2183                 0.00027647076183968
2185                 0.00024483560068234
2187                 0.00021682102557818
2189                 0.00019201275902603
2191                 0.00017004393448872
2193                 0.00015058968294568
2195                 0.0001333623100841
2197                 0.00011810706634918
2199                 0.00010459836108367
2201                 9.263642075652e-05
2203                 8.204436241499e-05
2205                 7.2665551353879e-05
2207                 6.4361296292503e-05
2209                 5.7008797682556e-05
2211                 5.0499322501452e-05
2213                 4.4736618853847e-05
2215                 3.9635461579479e-05
2217                 3.5120422126056e-05
2219                 3.1124731680876e-05
2221                 2.7589304174569e-05
2223                 2.4461854764013e-05
2225                 2.169613821934e-05
2227                 1.9251260585662e-05
2229                 1.7091064119512e-05
2231                 1.5183598822688e-05
2233                 1.350066725081e-05
2235                 1.2017378203666e-05
2237                 1.0711798115182e-05
2239                 9.5646179865128e-06
2241                 8.5588780507351e-06
2243                 7.6797035397647e-06
2245                 6.9140915215371e-06
2247                 6.2507266029854e-06
2249                 5.6797921921259e-06
2251                 5.1928483735253e-06
2253                 4.7826942406459e-06
2255                 4.4432679757733e-06
2257                 4.169544709498e-06
2259                 3.9574787891183e-06
2261                 3.8039371652587e-06
2263                 3.7066438807187e-06
2265                 3.6641645273505e-06
2267                 3.6758684984761e-06
2269                 3.7419289888874e-06
2271                 3.863325215292e-06
2273                 4.0418512980978e-06
2275                 4.2801451272112e-06
2277                 4.5817327709585e-06
2279                 4.9510728850066e-06
2281                 5.3936277666367e-06
2283                 5.9159432908018e-06
2285                 6.5257421688614e-06
2287                 7.2320371913293e-06
2289                 8.0452777773132e-06
2291                 8.9774920830621e-06
2293                 1.0042460196757e-05
2295                 1.1255931742227e-05
2297                 1.263585236444e-05
2299                 1.420262796259e-05
2301                 1.5979426670754e-05
2303                 1.7992520806587e-05
2305                 2.0271684331163e-05
2307                 2.2850614733727e-05
2309                 2.5767454836512e-05
2311                 2.9065332363132e-05
2313                 3.2793017190613e-05
2315                 3.7005629671683e-05
2317                 4.176547108159e-05
2319                 4.7142918457865e-05
2321                 5.321749929621e-05
2323                 6.0079039521099e-05
2325                 6.7829000194308e-05
2327                 7.6581989638669e-05
2329                 8.6467437654392e-05
2331                 9.7631531748021e-05
2333                 0.00011023935542198
2335                 0.0001244773484288
2337                 0.00014055605124241
2339                 0.00015871323366667
2341                 0.00017921738537652
2343                 0.00020237171272086
2345                 0.00022851860403961
2347                 0.00025804470116242
2349                 0.0002913866170573
2351                 0.00032903737956502
2353                 0.00037155373888709
2355                 0.00041956438323609
2357                 0.00047377925138647
2359                 0.00053500000873896
2361                 0.00060413191560471
2363                 0.00068219720983365
2365                 0.00077035020584759
2367                 0.00086989437431129
2369                 0.00098230161116319
2371                 0.0011092339780028
2373                 0.00125256829131
2375                 0.0014144238513758
2377                 0.0015971937727954
2379                 0.0018035803384109
2381                 0.0020366349562373
2383                 0.0022998032189747
2385                 0.0025969758432609
2387                 0.0029325461325946
2389                 0.0033114748720919
2391                 0.0037393636076466
2393                 0.004222537359766
2395                 0.0047681380088704
2397                 0.0053842297265128
2399                 0.0060799179957272
2401                 0.0068654839369131
2403                 0.0077525359931663
2405                 0.0087541810644964
2407                 0.0098852177399245
2409                 0.011162354318639
2411                 0.012604454879828
2413                 0.014232816956117
2415                 0.016071484816305
2417                 0.018147602938168
2419                 0.020491814733958
2421                 0.02313871229509
2423                 0.026127343579763
2425                 0.029501784297725
2427                 0.033311782665635
2429                 0.037613486039145
2431                 0.042470259777883
2433                 0.047953609652041
2435                 0.054144220673624
2437                 0.061133126521007
2439                 0.069023025557335
2441                 0.077929761039819
2443                 0.087983985228579
2445                 0.099333029102144
2447                 0.11214300166484
2449                 0.12660114534269
2451                 0.14291847630021
2453                 0.16133274142183
2455                 0.18211172607252
2457                 0.20555694968838
2459                 0.23200778858534
2461                 0.26184606783053
2463                 0.29550116570354
2465                 0.33345567568066
2467                 0.37625167100597
2469                 0.42449761576524
2471                 0.47887596366314
2473                 0.54015148007069
2475                 0.60918031447033
2477                 0.68691983760027
2479                 0.77443923965914
2481                 0.87293086113327
2483                 0.98372219510034
2485                 1.1082884569524
2487                 1.2482655627322
2489                 1.4054632884242
2491                 1.5818782974919
2493                 1.7797066209724
2495                 2.0013550518239
2497                 2.2494507728132
2499                 2.5268483760943
2501                 2.8366332561047
2503                 3.182120172549
2505                 3.5668455985971
2507                 3.9945523080998
2509                 4.4691645394357
2511                 4.9947520351723
2513                 5.5754813363684
2515                 6.2155529564589
2517                 6.9191235221333
2519                 7.6902126959699
2521                 8.5325957210136
2523                 9.4496837575098
2525                 10.44439577792
2527                 11.519027547495
2529                 12.675124969161
2531                 13.913370562204
2533                 15.233492765689
2535                 16.634207784878
2537                 18.113202559507
2539                 19.667164989445
2541                 21.291863882946
2543                 22.982276535586
2545                 24.732756992087
2547                 26.537233637944
2549                 28.389421568755
2551                 31.485270759364
2553                 31.62666920806
2555                 31.76852338117
2557                 31.910735786056
2559                 32.053229473841
2561                 32.195943778228
2563                 32.338830923861
2565                 32.481853329616
2567                 32.624981466931
2569                 32.768192160753
2571                 32.911467243231
2573                 33.054792488121
2575                 33.198156768375
2577                 33.34155139094
2579                 33.484969572111
2581                 33.628406024215
2583                 33.771856630425
2585                 33.915318189159
2587                 34.058788213471
2589                 34.202264773733
2591                 34.345746374476
2593                 34.489231858021
2595                 34.632720329208
2597                 34.776211096668
2599                 34.919703627021
2601                 35.063197509273
2603                 35.206692427063
2605                 35.350188137182
2607                 35.493684452859
2609                 35.637181230814
2611                 35.780678361286
2613                 35.924175760269
2615                 36.067673363542
2617                 36.211171122073
2619                 36.354668998462
2621                 36.498166964217
2623                 36.641664997665
2625                 36.785163082325
2627                 36.928661205685
2629                 37.072159358261
2631                 37.215657532864
2633                 37.35915572406
2635                 37.502653927738
2637                 37.646152140798
2639                 37.789650360899
2641                 37.93314858628
2643                 38.076646815621
2645                 38.220145047925
2647                 38.363643282445
2649                 38.507141518624
2651                 38.650639756045
2653                 38.794137994399
2655                 38.937636233458
2657                 39.081134473054
2659                 39.224632713067
2661                 39.368130953416
2663                 39.511629194048
2665                 39.655127434938
2667                 39.798625676083
2669                 39.942123917509
2671                 40.085622159264
2673                 40.22912040143
2675                 40.372618644131
2677                 40.516116887542
2679                 40.659615131915
2681                 40.803113377597
2683                 40.946611625067
2685                 41.090109874998
2687                 41.233608128313
2689                 41.377106386297
2691                 41.520604650724
2693                 41.664102924061
2695                 41.807601209732
2697                 41.951099512497
2699                 42.094597838974
2701                 42.238096198389
2703                 42.3815946036
2705                 42.525093072562
2707                 42.668591630363
2709                 42.812090312095
2711                 42.955589166919
2713                 43.099088263743
2715                 43.242587699287
2717                 43.386087609453
2719                 43.529588185398
2721                 43.673089696294
2723                 43.816592521586
2725                 43.960097196745
2727                 44.103604478249
2729                 44.24711543598
2731                 44.39063158469
2733                 44.534155071341
2735                 44.677688942285
2737                 44.821237524751
2739                 44.964806972115
2740.9774419792      42.433410674553
2742.8832025866      43.397369856398
2744.6931852871      44.602981948552
2746.4122035958      46.113583178899
2748.0448291145      48.008613398032
2749.5954036903      50.389396590748
2751.0680509614      53.387894494855
2752.4666873243      57.180275173482
2753.795032349       62.00853475436
2755.0566186707      68.216123527204
2756.2548013851      76.309067500618
2757.3927669703      87.066054438214
2758.4735417618      101.74861749322
2759.5               122.53147839641
2760.5               144.75918730638
2761.5               137.88063222611
2762.5               131.00867266008
2763.5               124.14724228818
2764.5               117.30213743437
2765.5               110.48161226138
2766.5               103.69701550063
2767.5               96.963396036558
2768.5               90.299976204504
2769.5               83.730373604061
2770.5               77.282454270033
2771.5               70.987729514351
2772.5               64.880266788427
2773.5               58.995163718814
2774.5               53.366717535419
2775.5               48.026488318111
2776.5               43.001485053178
2777.5               38.312688972206
2778.5               33.974072650991
2779.5               29.992191106649
2780.5               26.366333688519
2781.5               23.089152437872
2782.5               20.147636210521
2783.5               17.52428351196
2784.5               15.198336308229
2785.5               13.146963364827
2786.5               11.346315471066
2787.5               9.7724084718087
2788.5               8.4018183896983
2789.5               7.2121938636927
2790.5               6.1826045156121
2791.5               5.2937507828132
2792.5               4.5280628303912
2793.5               3.8697150057154
2794.5               3.3045792976516
2795.5               2.8201374411552
2796.5               2.4053673572988
2797.5               2.0506159517186
2798.5               1.7474671181872
2799.5               1.4886111782797
2800.5               1.2677199186095
2801.5               1.0793298061507
2802.5               0.91873479255433
2803.5               0.78188928210654
2804.5               0.66532126146157
2805.5               0.56605521064901
2806.5               0.48154418201385
2807.5               0.40961030628228
2808.5               0.3483929310244
2809.5               0.29630359267951
2810.5               0.25198705149831
2811.5               0.21428766659115
2812.5               0.18222044657179
2813.5               0.15494617433331
2814.5               0.13175006765787
2815.5               0.11202349834205
2816.5               0.09524834984953
2817.5               0.080983645773802
2818.5               0.068854129045004
2819.5               0.058540514165095
2820.5               0.04977117237015
2821.5               0.042315042665386
2822.5               0.035975590593207
2823.5               0.030585661783267
2824.5               0.026003099089511
2825.5               0.022107010988481
2826.5               0.01879459522236
2827.5               0.015978435530251
2828.5               0.013584201374872
2829.5               0.011548690934671
2830.5               0.0098181662000485
2831.5               0.0083469368261646
2832.5               0.0070961556164484
2833.5               0.0060327941153737
2834.5               0.0051287713809245
2835.5               0.0043602131527543
2836.5               0.0037068218361469
2837.5               0.0031513408194073
2838.5               0.0026790989671177
2839.5               0.002277623318836
2840.5               0.0019363097925051
2841.5               0.0016461431928683
2842.5               0.0013994591685496
2843.5               0.0011897418272788
2844.5               0.0010114516402204
2845.5               0.00085987915898755
2846.5               0.00073102065734076
2847.5               0.00062147234913823
2848.5               0.00052834051356143
2849.5               0.0004491650651417
2850.5               0.00038185456796569
2851.5               0.00032463098875724
2852.5               0.00027598274332519
2853.5               0.000234624770723
2854.5               0.00019946457374687
2855.5               0.00016957337534151
2856.5               0.00014416158267139
2857.5               0.00012255792603
2858.5               0.00010419173301912
2859.5               8.8577842838333e-05
2860.5               7.5303807633986e-05
2861.5               6.4018983447767e-05
2862.5               5.4425268736225e-05
2863.5               4.6269246212205e-05
2864.5               3.9335459334211e-05
2865.5               3.3440752389424e-05
2866.5               2.8429409937303e-05
2867.5               2.4169053425283e-05
2868.5               2.0547141765803e-05
2869.5               1.7468002599941e-05
2870.5               1.4850292107127e-05
2871.5               1.2624867817834e-05
2872.5               1.073293676157e-05
2873.5               9.1245277999974e-06
2874.5               7.7571504775165e-06
2875.5               6.5946847982445e-06
2876.5               5.6064219933205e-06
2877.5               4.7662584989894e-06
2878.5               4.0520009569889e-06
2879.5               3.4447755759004e-06
2880.5               2.9285529556944e-06
2881.5               2.4896862349522e-06
2882.5               2.1165891261887e-06
2883.5               1.7994028489454e-06
2884.5               1.5297496602784e-06
2885.5               1.3005063692617e-06
2886.5               1.1056133786269e-06
2887.5               9.3993035577e-07
2888.5               7.9907636063581e-07
2889.5               6.7932770519974e-07
2890.5               5.7752469473371e-07
2891.5               4.9097836907208e-07
2892.5               4.1740388923017e-07
2893.5               3.5484948313069e-07
2894.5               3.0167424114325e-07
2895.5               2.5646595958051e-07
2896.5               2.1803447936009e-07
2897.5               1.8535839529932e-07
2898.5               1.5758283566925e-07
2899.5               1.3396617148942e-07
2900.5               1.138888983121e-07
2901.5               9.682254997756e-08
2902.5               8.2311935045709e-08
2903.5               6.9979577688173e-08
2904.5               5.9490190551514e-08
2905.5               5.0577320109824e-08
2906.5               4.2998937743732e-08
2907.5               3.6555203308808e-08
2908.5               3.1077362905307e-08
2909.5               2.641886709398e-08
2910.5               2.2462032234216e-08
2911.5               1.9093615577503e-08
2912.5               1.6233681066069e-08
2913.5               1.3800072196091e-08
2914.5               1.1732836924239e-08
2915.5               9.9742436532324e-09
2916.5               8.4798834620869e-09
2917.5               7.2097883219158e-09
2918.5               6.1284310959309e-09
2919.5               5.2091664315412e-09
2920.5               4.4297898682544e-09
2921.5               3.7658764995285e-09
2922.5               3.201883203019e-09
2923.5               2.7222668563809e-09
2924.5               2.3137047833188e-09
2925.5               1.9650947535865e-09
2926.5               1.6719958750855e-09
2927.5               1.4210854715202e-09
2928.5               1.2057022047429e-09
2929.5               1.0258460747536e-09
2930.5               8.7263529735537e-10
2931.5               7.416289804496e-10
2932.5               6.3060667798709e-10
2933.5               5.3734794391858e-10
2934.5               4.5741188614556e-10
2935.5               3.8635761256955e-10
2936.5               3.2862601528905e-10
2937.5               2.7977620220554e-10
2938.5               2.3980817331903e-10
2939.5               2.0206059048178e-10
2940.5               1.7097434579227e-10
2941.5               1.4432899320127e-10
2942.5               1.2434497875802e-10
2943.5               1.0658141036402e-10
2944.5               8.8817841970013e-11
2945.5               7.5495165674511e-11
2946.5               6.4392935428259e-11
2947.5               5.5511151231258e-11
2948.5               4.6629367034257e-11
2949.5               3.9968028886506e-11
2950.5               3.5527136788005e-11
2951.5               2.8865798640254e-11
2952.5               2.4424906541753e-11
2953.5               2.2204460492503e-11
2954.5               1.9984014443253e-11
2955.5               1.5543122344752e-11
2956.5               1.1102230246252e-11
2957.5               1.1102230246252e-11
2958.5               8.8817841970013e-12
2959.5               6.6613381477509e-12
2960.5               8.8817841970013e-12
2961.5               4.4408920985006e-12
2962.5               6.6613381477509e-12
2963.5               4.4408920985006e-12
2964.5               4.4408920985006e-12
2965.5               2.2204460492503e-12
2966.5               4.4408920985006e-12
2967.5               2.2204460492503e-12
2968.5               -0
2969.5               -0
2970.5               2.2204460492503e-12
2971.5               -0
2972.5               -0
2973.5               -0
2974.5               -0
2975.5               -2.2204460492503e-12
2976.5               -0
2977.5               -2.2204460492503e-12
2978.5               -0
2979.5               -0
2980.5               -0
2981.5               -0
2982.5               -0
2983.5               -2.2204460492503e-12
2984.5               2.2204460492503e-12
2985.5               -0
2986.5               2.2204460492503e-12
2987.5               2.2204460492503e-12
2988.5               2.2204460492503e-12
2989.5               4.4408920985006e-12
2990.5               2.2204460492503e-12
2991.5               4.4408920985006e-12
2992.5               2.2204460492503e-12
2993.5               -0
2994.5               -0
2995.5               -0
2996.5               -0
2997.5               -0
2998.5               -0
2999.5               2.2204460492503e-12
3000.5               2.2204460492503e-12
3001.5               -0
3002.5               2.2204460492503e-12
3003.5               2.2204460492503e-12
3004.5               -0
3005.5               2.2204460492503e-12
3006.5               -0
3007.5               -0
3008.5               -0
3009.5               -2.2204460492503e-12
3010.5               -0
3011.5               -0
3012.5               -0
3013.5               -2.2204460492503e-12
3014.5               -0
3015.5               -2.2204460492503e-12
3016.5               -2.2204460492503e-12
3017.5               -0
3018.5               -2.2204460492503e-12
3019.5               -2.2204460492503e-12
3020.5               -0
3021.5               -2.2204460492503e-12
3022.5               -2.2204460492503e-12
3023.5               -2.2204460492503e-12
3024.5               -2.2204460492503e-12
3025.5               -2.2204460492503e-12
3026.5               -2.2204460492503e-12
3027.5               -2.2204460492503e-12
3028.5               -0
3029.5               -2.2204460492503e-12
3030.5               -0
3031.5               -0
3032.5               -0
3033.5               -0
3034.5               -0
3035.5               2.2204460492503e-12
3036.5               -0
3037.5               -0
3038.5               -0
3039.5               -0
3040.5               -0
3041.5               -0
3042.5               -0
3043.5               2.2204460492503e-12
3044.5               -0
3045.5               2.2204460492503e-12
3046.5               2.2204460492503e-12
3047.5               -0
3048.5               2.2204460492503e-12
3049.5               -0
3050.5               -0
3051.5               2.2204460492503e-12
3052.5               -0
3053.5               -0
3054.5               -0
3055.5               -2.2204460492503e-12
3056.5               -0
3057.5               -2.2204460492503e-12
3058.5               -0
3059.5               -0
3060.5               -0
3061.5               -0
3062.5               -2.2204460492503e-12
3063.5               -2.2204460492503e-12
3064.5               -2.2204460492503e-12
3065.5               -2.2204460492503e-12
3066.5               -0
3067.5               -2.2204460492503e-12
3068.5               -2.2204460492503e-12
3069.5               -2.2204460492503e-12
3070.5               -2.2204460492503e-12
3071.5               -2.2204460492503e-12
3072.5               -0
3073.5               -2.2204460492503e-12
3074.5               -0
3075.5               -2.2204460492503e-12
3076.5               -0
3077.5               -0
3078.5               -2.2204460492503e-12
3079.5               -0
3080.5               -0
3081.5               -0
3082.5               -0
3083.5               -0
3084.5               -0
3085.5               -2.2204460492503e-12
3086.5               -0
3087.5               -0
3088.5               -0
3089.5               -0
3090.5               -0
3091.5               -0
3092.5               -0
3093.5               -0
3094.5               -0
3095.5               -0
3096.5               -0
3097.5               -0
3098.5               -0
3099.5               -0
3100.5               -0
3101.5               -0
3102.5               -0
3103.5               -0
3104.5               -0
3105.5               -0
3106.5               -0
3107.5               -0
3108.5               -0
3109.5               -0
3110.5               -0
3111.5               -0
3112.5               -0
3113.5               -0
3114.5               -0
3115.5               -0
3116.5               -0
3117.5               -0
3118.5               -0
3119.5               -0
3120.5               -0
3121.5               -0
3122.5               -0
3123.5               -0
3124.5               -0
3125.5               -0
3126.5               -0
3127.5               -0
3128.5               -0
3129.5               -0
3130.5               -0
3131.5               -0
3132.5               -0
3133.5               -0
3134.5               -0
3135.5               -0
3136.5               -0
3137.5               -0
3138.5               -0
3139.5               -0
3140.5               -0
3141.5               -0
3142.5               -0
3143.5               -0
3144.5               -0
3145.5               -0
3146.5               -0
3147.5               -0
3148.5               -0
3149.5               -0
3150.5               -0
3151.5               -0
3152.5               -0
3153.5               -0
3154.5               -0
3155.5               -0
3156.5               -0
3157.5               -0
3158.5               -0
3159.5               -0
3160.5               -0
3161.5               -0
3162.5               -0
3163.5               -0
3164.5               -0
3165.5               -0
3166.5               -0
3167.5               -0
3168.5               -0
3169.5               -0
3170.5               -0
3171.5               -0
3172.5               -0
3173.5               -0
3174.5               -0
3175.5               -0
3176.5               -0
3177.5               -0
3178.5               -0
3179.5               -0
3180.5               -0
3181.5               -0
3182.5               -0
3183.5               -0
3184.5               -0
3185.5               -0
3186.5               -0
3187.5               -0
3188.5               -0
3189.5               -0
3190.5               -0
3191.5               -0
3192.5               -0
3193.5               -0
3194.5               -0
3195.5               -0
3196.5               -0
3197.5               -0
3198.5               -0
3199.5               -0
3200.5               -0
3201.5               -0
3202.5               -0
3203.5               -0
3204.5               -0
3205.5               -0
3206.5               -0
3207.5               -0
3208.5               -0
3209.5               -0
3210.5               -0
3211.5               -0
3212.5               -0
3213.5               -0
3214.5               -0
3215.5               -0
3216.5               -0
3217.5               -0
3218.5               -0
3219.5               -0
3220.5               -0
3221.5               -0
3222.5               -0
3223.5               -0
3224.5               -0
3225.5               -0
3226.5               -0
3227.5               -0
3228.5               -0
3229.5               -0
3230.5               -0
3231.5               -0
3232.5               -0
3233.5               -0
3234.5               -0
3235.5               -0
3236.5               -0
3237.5               -0
3238.5               -0
3239.5               -0
3240.5               -0
3241.5               -0
3242.5               -0
3243.5               -0
3244.5               -0
3245.5               -0
3246.5               -0
3247.5               -0
3248.5               -0
3249.5               -0
3250.5               -0
3251.5               -0
3252.5               -0
3253.5               -0
3254.5               -0
3255.5               -0
3256.5               -0
3257.5               -0
3258.5               -0
3259.5               -0
3260.5               -0
3261.5               -0
3262.5               -0
3263.5               -0
3264.5               -0
3265.5               -0
3266.5               -0
3267.5               -0
3268.5               -0
3269.5               -0
3270.5               -0
3271.5               -0
3272.5               -0
3273.5               -0
3274.5               -0
3275.5               -0
3276.5               -0
3277.5               -0
3278.5               -0
3279.5               -0
3280.5               -0
3281.5               -0
3282.5               -0
3283.5               -0
3284.5               -0
3285.5               -0
3286.5               -0
3287.5               -0
3288.5               -0
3289.5               -0
3290.5               -0
3291.5               -0
3292.5               -0
3293.5               -0
3294.5               -0
3295.5               -0
3296.5               -0
3297.5               -0
3298.5               -0
3299.5               -0
3300.5               -0
3301.5               -0
3302.5               -0
3303.5               -0
3304.5               -0
3305.5               -0
3306.5               -0
3307.5               -0
3308.5               -0
3309.5               -0
3310.5               -0
3311.5               -0
3312.5               -0
3313.5               -0
3314.5               -0
3315.5               -0
3316.5               -0
3317.5               -0
3318.5               -0
3319.5               -0
3320.5               -0
3321.5               -0
3322.5               -0
3323.5               -0
3324.5               -0
3325.5               -0
3326.5               -0
3327.5               -0
3328.5               -0
3329.5               -0
3330.5               -0
3331.5               -0
3332.5               -0
3333.5               -0
3334.5               -0
3335.5               -0
3336.5               -0
3337.5               -0
3338.5               -0
3339.5               -0
3340.5               -0
3341.5               -0
3342.5               -0
3343.5               -0
3344.5               -0
3345.5               -0
3346.5               -0
3347.5               -0
3348.5               -0
3349.5               -0
3350.5               -0
3351.5               -0
3352.5               -0
3353.5               -0
3354.5               -0
3355.5               -0
3356.5               -0
3357.5               -0
3358.5               -0
3359.5               -0
3360.5               -0
3361.5               -0
3362.5               -0
3363.5               -0
3364.5               -0
3365.5               -0
3366.5               -0
3367.5               -0
3368.5               -0
3369.5               -0
3370.5               -0
3371.5               -0
3372.5               -0
3373.5               -0
3374.5               -0
3375.5               -0
3376.5               -0
3377.5               -0
3378.5               -0
3379.5               -0
3380.5               -0
3381.5               -0
3382.5               -0
3383.5               -0
3384.5               -0
3385.5               -0
3386.5               -0
3387.5               -0
3388.5               -0
3389.5               -0
3390.5               -0
3391.5               -0
3392.5               -0
3393.5               -0
3394.5               -0
3395.5               -0
3396.5               -0
3397.5               -0
3398.5               -0
3399.5               -0
3400.5               -0
3401.5               -0
3402.5               -0
3403.5               -0
3404.5               -0
3405.5               -0
3406.5               -0
3407.5               -0
3408.5               -0
3409.5               -0
3410.5               -0
3411.5               -0
3412.5               -0
3413.5               -0
3414.5               -0
3415.5               -0
3416.5               -0
3417.5               -0
3418.5               -0
3419.5               -0
3420.5               -0
3421.5               -0
3422.5               -0
3423.5               -0
3424.5               -0
3425.5               -0
3426.5               -0
3427.5               -0
3428.5               -0
3429.5               -0
3430.5               -0
3431.5               -0
3432.5               -0
3433.5               -0
3434.5               -0
3435.5               -0
3436.5               -0
3437.5               -0
3438.5               -0
3439.5               -0
3440.5               -0
3441.5               -0
3442.5               -0
3443.5               2.2204460492503e-12
3444.5               -0
3445.5               -0
3446.5               -0
3447.5               -0
3448.5               -0
3449.5               -0
3450.5               2.2204460492503e-12
3451.5               -0
3452.5               -0
3453.5               2.2204460492503e-12
3454.5               -0
3455.5               2.2204460492503e-12
3456.5               -0
3457.5               2.2204460492503e-12
3458.5               2.2204460492503e-12
3459.5               2.2204460492503e-12
3460.5               2.2204460492503e-12
3461.5               2.2204460492503e-12
3462.5               2.2204460492503e-12
3463.5               -0
3464.5               -0
3465.5               2.2204460492503e-12
3466.5               -0
3467.5               2.2204460492503e-12
3468.5               2.2204460492503e-12
3469.5               2.2204460492503e-12
3470.5               -0
3471.5               -0
3472.5               -0
3473.5               -2.2204460492503e-12
3474.5               -0
3475.5               -2.2204460492503e-12
3476.5               -2.2204460492503e-12
3477.5               -2.2204460492503e-12
3478.5               -0
3479.5               -2.2204460492503e-12
3480.5               -0
3481.5               -0
3482.5               -0
3483.5               -0
3484.5               -0
3485.5               -0
3486.5               -0
3487.5               -0
3488.5               -0
3489.5               -0
3490.5               -0
3491.5               2.2204460492503e-12
3492.5               2.2204460492503e-12
3493.5               2.2204460492503e-12
3494.5               2.2204460492503e-12
3495.5               2.2204460492503e-12
3496.5               2.2204460492503e-12
3497.5               2.2204460492503e-12
3498.5               -0
3499.5               -0
3500.5               2.2204460492503e-12
3501.5               -0
3502.5               -0
3503.5               -2.2204460492503e-12
3504.5               -2.2204460492503e-12
3505.5               -0
3506.5               -2.2204460492503e-12
3507.5               -0
3508.5               -0
3509.5               2.2204460492503e-12
3510.5               2.2204460492503e-12
3511.5               2.2204460492503e-12
3512.5               2.2204460492503e-12
3513.5               4.4408920985006e-12
3514.5               2.2204460492503e-12
3515.5               2.2204460492503e-12
3516.5               2.2204460492503e-12
3517.5               2.2204460492503e-12
3518.5               2.2204460492503e-12
3519.5               -0
3520.5               -0
3521.5               -0
3522.5               -0
3523.5               -0
3524.5               -0
3525.5               -2.2204460492503e-12
3526.5               -2.2204460492503e-12
3527.5               -2.2204460492503e-12
3528.5               -4.4408920985006e-12
3529.5               -2.2204460492503e-12
3530.5               -2.2204460492503e-12
3531.5               -2.2204460492503e-12
3532.5               -4.4408920985006e-12
3533.5               -2.2204460492503e-12
3534.5               -0
3535.5               -2.2204460492503e-12
3536.5               -2.2204460492503e-12
3537.5               -0
3538.5               2.2204460492503e-12
3539.5               -0
3540.5               -2.2204460492503e-12
3541.5               -0
3542.5               -2.2204460492503e-12
3543.5               -2.2204460492503e-12
3544.5               -2.2204460492503e-12
3545.5               -4.4408920985006e-12
3546.5               -4.4408920985006e-12
3547.5               -4.4408920985006e-12
3548.5               -6.6613381477509e-12
3549.5               -6.6613381477509e-12
3550.5               -6.6613381477509e-12
3551.5               -6.6613381477509e-12
3552.5               -8.8817841970013e-12
3553.5               -1.1102230246252e-11
3554.5               -1.3322676295502e-11
3555.5               -1.5543122344752e-11
3556.5               -1.9984014443253e-11
3557.5               -1.9984014443253e-11
3558.5               -2.6645352591004e-11
3559.5               -2.8865798640254e-11
3560.5               -3.5527136788005e-11
3561.5               -3.9968028886506e-11
3562.5               -4.8849813083507e-11
3563.5               -5.5511151231258e-11
3564.5               -6.6613381477509e-11
3565.5               -7.9936057773011e-11
3566.5               -9.1038288019263e-11
3567.5               -1.0880185641327e-10
3568.5               -1.2656542480727e-10
3569.5               -1.5099033134902e-10
3570.5               -1.7541523789077e-10
3571.5               -2.0872192862953e-10
3572.5               -2.4202861936828e-10
3573.5               -2.8643754035329e-10
3574.5               -3.3750779948605e-10
3575.5               -3.9745984281581e-10
3576.5               -4.6629367034257e-10
3577.5               -5.4622972811558e-10
3578.5               -6.4614980033184e-10
3579.5               -7.5717210279436e-10
3580.5               -8.9261931179863e-10
3581.5               -1.0502709812954e-09
3582.5               -1.2345680033832e-09
3583.5               -1.4521717162097e-09
3584.5               -1.7053025658242e-09
3585.5               -2.0095036745715e-09
3586.5               -2.3625545964023e-09
3587.5               -2.7777780076121e-09
3588.5               -3.2662761384472e-09
3589.5               -3.8435921112523e-09
3590.5               -4.5208281562736e-09
3591.5               -5.3179682879545e-09
3592.5               -6.2572169667874e-09
3593.5               -7.3585582072155e-09
3594.5               -8.6552986999777e-09
3595.5               -1.0182965581862e-08
3596.5               -1.1979306435705e-08
3597.5               -1.4088730182493e-08
3598.5               -1.6573409311604e-08
3599.5               -1.9493295866368e-08
3600.5               -2.2930546350608e-08
3601.5               -2.6971758160244e-08
3602.5               -3.1727953597738e-08
3603.5               -3.731903674975e-08
3604.5               -4.3898218393679e-08
3605.5               -5.1638693321365e-08
3606.5               -6.0738081231193e-08
3607.5               -7.1447292526727e-08
3608.5               -8.4041662518075e-08
3609.5               -9.8856478558673e-08
3610.5               -1.1627809826109e-07
3611.5               -1.3677947663382e-07
3612.5               -1.6088685939053e-07
3613.5               -1.892486167776e-07
3614.5               -2.2260637777549e-07
3615.5               -2.6184832080389e-07
3616.5               -3.0800473282966e-07
3617.5               -3.6229463873383e-07
3618.5               -4.2615910800237e-07
3619.5               -5.0127901829455e-07
3620.5               -5.8964166882447e-07
3621.5               -6.9357852794383e-07
3622.5               -8.158385078616e-07
3623.5               -9.5964791668735e-07
3624.5               -1.1288103785034e-06
3625.5               -1.3277867694228e-06
3626.5               -1.5618439874743e-06
3627.5               -1.8371526522287e-06
3628.5               -2.1609936062816e-06
3629.5               -2.5419200078147e-06
3630.5               -2.9899926978771e-06
3631.5               -3.5170466539114e-06
3632.5               -4.1370107339844e-06
3633.5               -4.8662540663713e-06
3634.5               -5.7240434614414e-06
3635.5               -6.7330385711273e-06
3636.5               -7.9198936298042e-06
3637.5               -9.3159568947954e-06
3638.5               -1.0958112195425e-05
3639.5               -1.2889733724819e-05
3640.5               -1.5161849553635e-05
3641.5               -1.7834473897693e-05
3642.5               -2.0978212500466e-05
3643.5               -2.4676110044197e-05
3644.5               -2.9025848391484e-05
3645.5               -3.4142326743591e-05
3646.5               -4.0160701431091e-05
3647.5               -4.723995639111e-05
3648.5               -5.5567090928577e-05
3649.5               -6.5362075751807e-05
3650.5               -7.6883650557136e-05
3651.5               -9.0436171884534e-05
3652.5               -0.00010637763114829
3653.5               -0.00012512914038254
3654.5               -0.00014718603225106
3655.5               -0.00017313095401761
3656.5               -0.00020364925523708
3657.5               -0.0002395470999339
3658.5               -0.00028177274513652
3659.5               -0.00033144160305199
3660.5               -0.00038986570416455
3661.5               -0.00045858834285539
3662.5               -0.00053942484923297
3663.5               -0.00063451053300412
3664.5               -0.00074635710056725
3665.5               -0.0008779189708541
3666.5               -0.0010326713328901
3667.5               -0.0012147019146092
3668.5               -0.0014288189564837
3669.5               -0.0016806781877321
3670.5               -0.0019769321979446
3671.5               -0.0023254061121136
3672.5               -0.0027353042342249
3673.5               -0.0032174530817386
3674.5               -0.0037845872391529
3675.5               -0.0044516855779442
3676.5               -0.0052363666513955
3677.5               -0.0061593537536986
3678.5               -0.0072450218513431
3679.5               -0.0085220407530784
3680.5               -0.010024131513742
3681.5               -0.011790955845026
3682.5               -0.013869162009961
3683.5               -0.016313614508157
3684.5               -0.01918883987706
3685.5               -0.022570726339044
3686.5               -0.026548521723235
3687.5               -0.031227181731541
3688.5               -0.036730129571172
3689.5               -0.043202498452022
3690.5               -0.050814940828481
3691.5               -0.059768102254054
3692.5               -0.070297874550374
3693.5               -0.082681561988096
3694.5               -0.097245116521538
3695.5               -0.11437162368955
3696.5               -0.13451125021158
3697.5               -0.15819289791663
3698.5               -0.18603784688764
3699.5               -0.21877571371398
3700.5               -0.25726309889285
3701.5               -0.30250535056453
3702.5               -0.3556819294448
3703.5               -0.41817592121962
3704.5               -0.49160830610129
3705.5               -0.57787765780803
3706.5               -0.67920600163918
3707.5               -0.79819160727856
3708.5               -0.93786951667285
3709.5               -1.1017805980629
3710.5               -1.2940498553848
3711.5               -1.5194745831826
3712.5               -1.7836227082402
3713.5               -2.0929412583226
3714.5               -2.4548742923369
3715.5               -2.8779887516261
3716.5               -3.3721054743174
3717.5               -3.9484309753446
3718.5               -4.6196834579337
3719.5               -5.4002038345002
3720.5               -6.3060392895897
3721.5               -7.3549831991127
3722.5               -8.5665512577271
3723.5               -9.961869904449
3724.5               -11.563450307808
3725.5               -13.394820350252
3726.5               -15.479989653595
3727.5               -17.842730354762
3728.5               -20.50567065023
3729.5               -23.489220062018
3730.5               -26.810374580652
3731.5               -30.481483774707
3732.5               -34.509095284831
3733.5               -38.893016779895
3734.5               -43.625741916018
3735.5               -48.692366765724
3736.5               -54.071073010724
3737.5               -59.734178362192
3738.5               -65.64966670674
3739.5               -71.783030469275
3740.5               -78.099206344053
3741.5               -84.564376873071
3742.5               -91.147446252728
3743.5               -97.82106828472
3744.5               -104.56218804978
3745.5               -111.35213579248
3746.5               -118.17636612255
3747.5               -125.02396137269
3748.5               -131.88701692635
3749.5               -138.76000639291
3750.5               -145.63919539662
3751.5               -152.52214295524
3752.5               -159.40730456111
3753.5               -166.29373362299
3754.5               -173.18086791055
3755.5               -180.06838364595
3756.5               -186.95609997188
3757.5               -193.84391886407
3758.5               -200.73178875543
3759.5               -207.6196833087
3760.5               -126.55922790122
3761.5187209763      -65.762958278119
3762.5755848552      -34.251984632143
3763.6720197814      -17.683219868694
3764.8095073722      -8.9873807308981
3765.9895847196      -4.4776194435928
3767.2138464671      -2.1807413705533
3768.483946965       -1.0362838807449
3769.8016025056      -0.47979238043045
3771.1685936425      -0.21618300160751
3772.5867675969      -0.094696364478758
3774.0580407534      -0.040287098923431
3775.5844012497      -0.016630934649324
3777.1679116635      -0.0066565651884207
3778.8107117992      -0.002583985517974
3780.5150215798      -0.00098067442530064
3782.2831440465      -0.00038823904156947
3784.117468471       -0.00022992395831343
3786.0204735836      -0.00035652834877355
3787.9947309236      -0.00097327521238974
3790                 -4758.2579429988
3792                 -0
3794                 -0
3796                 -0
3798                 -0
