x[nm]                E[kV/cm]            
-8                   2.9842794901924e-09
-6                   -0
-4                   -0
-2                   -0
0                    -293.22280207963
1.999                -0.00037588760710412
3.997                -0.0002171237052902
5.995                -0.00012541701633407
7.9929999999999      -7.244453507775e-05
9.9909999999999      -4.1846086155766e-05
11.989               -2.4171522307905e-05
13.987               -1.3962182539036e-05
15.985               -8.064953443148e-06
17.983               -4.6585624913887e-06
19.981               -2.6909227821201e-06
21.979               -1.5543566878496e-06
23.977               -8.9784258328586e-07
25.975               -5.1861084662611e-07
27.973               -2.9957128980777e-07
29.971               -1.7304809570614e-07
31.969               -9.9948966909599e-08
33.967               -5.7736042617945e-08
35.965               -3.3340030769525e-08
37.963               -1.9274983122221e-08
39.961               -1.1131124939585e-08
41.959               -6.4368486072362e-09
43.957               -3.7074114215711e-09
45.955               -2.1426526441214e-09
47.953               -1.2446944820623e-09
49.951               -7.1125398974986e-10
51.948999999999      -4.0897104410617e-10
53.946999999999      -2.311575466687e-10
55.944999999999      -1.4225079794997e-10
57.942999999999      -8.0016073846859e-11
59.940999999999      -4.4453374359366e-11
61.938999999999      -2.667202461562e-11
63.936999999999      -2.667202461562e-11
65.934999999999      -8.8906748718732e-12
67.932999999999      -1.7781349743746e-11
69.930999999999      -0
71.928999999999      -0
73.926999999999      -8.8906748718732e-12
75.924999999999      8.8906748718732e-12
77.922999999999      -0
79.920999999999      -0
81.918999999999      -0
83.916999999999      -0
85.914999999999      -0
87.912999999999      -0
89.910999999999      -8.8906748718732e-12
91.908999999999      -0
93.906999999999      -0
95.904999999999      -0
97.902999999999      -0
99.900999999999      8.8906748718732e-12
101.899              -0
103.897              -0
105.895              -0
107.893              -8.8906748718732e-12
109.891              -0
111.889              -0
113.887              -0
115.885              -0
117.883              -0
119.881              -0
121.879              8.8906748718732e-12
123.877              -0
125.875              -0
127.873              -0
129.871              -8.8906748718733e-12
131.869              -8.8906748718732e-12
133.867              -0
135.865              -0
137.863              -8.8906748718732e-12
139.861              -0
141.859              -0
143.857              -0
145.855              -0
147.853              -0
149.851              -0
151.849              8.8906748718732e-12
153.847              -0
155.845              -0
157.843              -0
159.841              -0
161.839              -0
163.837              -0
165.835              -0
167.833              -0
169.831              -0
171.829              -0
173.827              -0
175.825              -0
177.823              -0
179.821              -0
181.819              8.8906748718733e-12
183.817              -8.8906748718732e-12
185.815              -0
187.813              -0
189.811              -0
191.809              -0
193.807              -0
195.805              -0
197.803              -0
199.801              -0
201.799              -0
203.797              -0
205.795              -0
207.793              -0
209.791              -0
211.789              8.8906748718733e-12
213.787              -0
215.785              -0
217.783              -0
219.781              -0
221.779              -8.8906748718732e-12
223.777              -0
225.775              -0
227.773              -0
229.771              8.8906748718733e-12
231.769              -0
233.767              -0
235.765              8.8906748718733e-12
237.763              -0
239.761              -8.8906748718733e-12
241.759              -0
243.757              -8.8906748718733e-12
245.755              -0
247.753              -0
249.751              8.8906748718733e-12
251.749              -0
253.747              -0
255.745              -0
257.743              -0
259.741              8.8906748718734e-12
261.739              -8.8906748718732e-12
263.737              -0
265.735              -0
267.733              -0
269.731              -0
271.729              -0
273.727              -0
275.725              8.8906748718732e-12
277.723              -0
279.721              -0
281.719              -8.8906748718732e-12
283.717              -0
285.715              -0
287.713              -0
289.711              -0
291.709              -0
293.707              -0
295.705              -0
297.703              -0
299.701              -0
301.699              -8.8906748718732e-12
303.697              -0
305.695              8.8906748718734e-12
307.693              -0
309.691              -0
311.689              -0
313.687              8.8906748718732e-12
315.685              -0
317.683              -0
319.681              -0
321.679              -0
323.677              -0
325.675              -0
327.673              8.8906748718732e-12
329.671              -0
331.669              -0
333.667              -0
335.665              -8.8906748718734e-12
337.663              -0
339.661              -0
341.659              -0
343.657              8.8906748718732e-12
345.655              -8.8906748718734e-12
347.653              -0
349.651              -0
351.649              -0
353.647              -8.8906748718732e-12
355.645              8.8906748718732e-12
357.643              -8.8906748718734e-12
359.641              -0
361.639              -0
363.637              -0
365.635              -0
367.633              -0
369.631              -0
371.629              -0
373.627              -0
375.625              8.8906748718734e-12
377.623              -0
379.621              8.8906748718732e-12
381.619              -0
383.617              -0
385.615              -0
387.613              -8.8906748718734e-12
389.611              -0
391.609              -0
393.607              -0
395.605              -8.8906748718732e-12
397.60299999999      -0
399.60099999999      -0
401.59899999999      -0
403.59699999999      -0
405.59499999999      -0
407.59299999999      -0
409.59099999999      -0
411.58899999999      8.8906748718732e-12
413.58699999999      -0
415.58499999999      -0
417.58299999999      -0
419.58099999999      -0
421.57899999999      -0
423.57699999999      -0
425.57499999999      -0
427.57299999999      -0
429.57099999999      8.8906748718732e-12
431.56899999999      -8.8906748718732e-12
433.56699999999      -0
435.56499999999      8.8906748718732e-12
437.56299999999      -0
439.56099999999      -0
441.55899999999      -8.8906748718732e-12
443.55699999999      -0
445.55499999999      -0
447.55299999999      -0
449.55099999999      -0
451.54899999999      -8.8906748718734e-12
453.54699999999      -0
455.54499999999      -0
457.54299999999      -0
459.54099999999      -0
461.53899999999      -0
463.53699999999      -0
465.53499999999      -0
467.53299999999      -0
469.53099999999      -0
471.52899999999      -0
473.52699999999      8.8906748718734e-12
475.52499999999      -0
477.52299999999      -0
479.52099999999      -0
481.51899999999      -0
483.51699999999      8.8906748718732e-12
485.51499999999      -0
487.51299999999      -0
489.51099999999      -0
491.50899999999      -0
493.50699999999      -8.8906748718732e-12
495.50499999999      -0
497.50299999999      -0
499.50099999999      -0
501.49899999999      8.8906748718732e-12
503.49699999999      -0
505.49499999999      -0
507.49299999999      -0
509.49099999999      -0
511.48899999999      -0
513.48699999999      -0
515.48499999999      -8.8906748718729e-12
517.48299999999      -0
519.48099999999      -0
521.47899999999      -0
523.47699999999      -0
525.47499999999      -0
527.47299999999      -0
529.47099999999      -0
531.46899999999      -0
533.46699999999      -0
535.46499999999      -0
537.46299999999      -0
539.46099999999      -0
541.45899999999      -0
543.45699999999      -0
545.45499999999      -0
547.45299999999      -0
549.45099999999      -0
551.44899999999      -0
553.44699999999      -8.8906748718734e-12
555.44499999999      8.8906748718729e-12
557.44299999999      -0
559.44099999999      -0
561.43899999999      8.8906748718729e-12
563.43699999999      -0
565.43499999999      -8.8906748718734e-12
567.43299999999      -0
569.43099999999      -0
571.42899999999      -0
573.42699999999      -0
575.42499999999      -0
577.42299999999      -0
579.42099999999      -0
581.41899999999      -0
583.41699999999      -0
585.41499999999      -0
587.41299999999      -0
589.41099999999      -0
591.40899999999      -0
593.40699999999      -0
595.40499999999      -0
597.40299999999      -0
599.40099999999      -8.8906748718734e-12
601.39899999999      -0
603.39699999999      -0
605.39499999999      -0
607.39299999999      -0
609.39099999999      8.8906748718729e-12
611.38899999999      -0
613.38699999999      -8.8906748718729e-12
615.38499999999      -0
617.38299999999      8.8906748718729e-12
619.38099999999      -0
621.37899999999      -0
623.37699999999      -8.8906748718734e-12
625.37499999999      -0
627.37299999999      8.8906748718729e-12
629.37099999999      -8.8906748718729e-12
631.369              -0
633.36699999999      -0
635.365              -0
637.363              -0
639.361              -0
641.359              8.8906748718729e-12
643.357              8.8906748718729e-12
645.355              -8.8906748718734e-12
647.353              -0
649.351              -0
651.349              -0
653.347              -8.8906748718729e-12
655.345              -0
657.343              -0
659.341              -0
661.339              -0
663.337              8.8906748718729e-12
665.335              8.8906748718729e-12
667.333              -0
669.331              -8.8906748718734e-12
671.329              -0
673.327              -0
675.325              8.8906748718729e-12
677.323              -0
679.321              -0
681.319              -0
683.317              -0
685.315              8.8906748718729e-12
687.313              -0
689.311              -0
691.309              -8.8906748718734e-12
693.307              -0
695.305              -0
697.303              -8.8906748718729e-12
699.301              -0
701.299              -0
703.297              -8.8906748718734e-12
705.295              -0
707.293              8.8906748718729e-12
709.291              -0
711.289              -0
713.287              -0
715.285              -0
717.283              -0
719.281              8.8906748718729e-12
721.279              -0
723.277              -0
725.275              -0
727.273              -0
729.271              -8.8906748718729e-12
731.269              -0
733.267              -0
735.265              -0
737.263              8.8906748718729e-12
739.261              -0
741.259              -0
743.257              -0
745.255              -8.8906748718729e-12
747.253              -0
749.251              -8.8906748718729e-12
751.249              -0
753.247              -0
755.245              8.8906748718729e-12
757.243              -8.8906748718729e-12
759.241              8.8906748718729e-12
761.239              -0
763.237              8.8906748718729e-12
765.235              -0
767.233              -0
769.231              -8.8906748718729e-12
771.229              -0
773.227              -8.8906748718734e-12
775.225              -0
777.223              -0
779.221              -0
781.219              -0
783.217              -0
785.215              -0
787.213              -0
789.211              8.8906748718729e-12
791.209              -0
793.207              -0
795.205              -0
797.203              -0
799.201              -0
801.199              -0
803.197              -0
805.195              -0
807.193              -0
809.191              -0
811.189              -0
813.187              8.8906748718729e-12
815.185              -0
817.183              -0
819.181              -0
821.179              -8.8906748718729e-12
823.177              -0
825.175              -0
827.173              -0
829.171              -0
831.169              -0
833.167              -0
835.165              -0
837.163              8.8906748718729e-12
839.161              -0
841.159              -0
843.157              -0
845.155              -0
847.153              -8.8906748718729e-12
849.151              -0
851.149              -0
853.147              -0
855.145              -0
857.143              -0
859.141              -0
861.139              -0
863.137              8.8906748718729e-12
865.135              8.8906748718729e-12
867.133              -0
869.131              -0
871.129              -8.8906748718729e-12
873.127              -8.8906748718729e-12
875.125              -0
877.123              -0
879.121              -0
881.119              -0
883.117              8.8906748718729e-12
885.115              -0
887.113              8.8906748718729e-12
889.111              8.8906748718734e-12
891.109              1.7781349743746e-11
893.107              2.6672024615619e-11
895.105              5.3344049231237e-11
897.103              8.8906748718729e-11
899.101              1.5114147282184e-10
901.099              2.7561092102808e-10
903.097              4.7120576820926e-10
905.095              8.1794208821231e-10
907.093              1.4136173046278e-09
909.091              2.4360449148932e-09
911.089              4.2319612390115e-09
913.087              7.30813474468e-09
915.085              1.2660321017547e-08
917.083              2.1924404234039e-08
919.081              3.7954291028025e-08
921.079              6.5719868652885e-08
923.077              1.1376507566049e-07
925.075              1.9694622976174e-07
927.073              3.4094849066145e-07
929.071              5.9026079541851e-07
931.069              1.0218674977485e-06
933.067              1.7690753766801e-06
935.065              3.062641898513e-06
937.063              5.3021051013145e-06
939.061              9.1790705833667e-06
941.059              1.5890934436414e-05
943.057              2.7510619741558e-05
945.055              4.7626785176106e-05
947.053              8.2452154324454e-05
949.051              0.00014274233669161
951.049              0.00024711754386751
953.047              0.00042781338031708
955.045              0.00074063649663229
957.043              0.0012822001051828
959.041              0.0022197620451791
961.039              0.0038428806438863
963.037              0.0066528407429912
965.035              0.011517465988827
967.033              0.019939121478365
969.031              0.034518652769877
971.029              0.059758469813074
973.027              0.103452576991
975.025              0.17909217205221
977.023              0.31002773350887
979.021              0.53666693299079
981.019              0.92891312641227
983.017              1.6076311896078
985.015              2.7816060487238
987.013              4.810915819918
989.011              8.3148145253625
991.009              14.353007872346
993.007              24.722973868712
995.005              42.424958343482
997.003              72.316398140157
999.001              121.78383953491
1001                 129.78541091812
1003                 92.365695319163
1005                 68.71221141088
1007                 52.92989764901
1009                 41.884421059359
1011                 33.837314497172
1013                 27.778525650444
1015                 23.093396291065
1017                 19.391305051721
1019                 16.414095327351
1021                 13.985132249266
1023                 11.979821201704
1025                 10.307900995459
1027                 8.9024395801651
1029                 7.7127795853649
1031                 6.6998872070911
1033                 5.8332069185152
1035                 5.0884851819344
1037                 4.4462330485118
1039                 3.8906194167154
1041                 3.4086605051264
1043                 2.9896168615196
1045                 2.6245382601431
1047                 2.3059156363825
1049                 2.0274116143959
1051                 1.7836495156764
1053                 1.5700464256341
1055                 1.3826798374605
1057                 1.218180163729
1059                 1.073643378664
1061                 0.94655947649791
1063                 0.83475346709605
1065                 0.73633639408932
1067                 0.64966442873349
1069                 0.57330451951998
1071                 0.50600540112633
1073                 0.44667301345669
1075                 0.39434957207263
1077                 0.34819567940936
1079                 0.30747498166228
1081                 0.27154096770232
1083                 0.23982557863178
1085                 0.21182935438624
1087                 0.18711289019535
1089                 0.16528941346294
1091                 0.1460183221802
1093                 0.12899955073031
1095                 0.11396864996627
1097                 0.10069248526534
1099                 0.088965470377289
1101                 0.078606266891157
1103                 0.069454889057852
1105                 0.061370161894558
1107                 0.054227488028857
1109                 0.047916884264865
1111                 0.042341254404832
1113                 0.037414868971908
1115                 0.033062026671971
1117                 0.029215875088084
1119                 0.02581737141405
1121                 0.022814366431589
1123                 0.02016079663214
1125                 0.017815971755653
1127                 0.015743946146785
1129                 0.013912964194063
1131                 0.012294970703763
1133                 0.010865178978747
1135                 0.0096016892303652
1137                 0.0084851518611373
1139                 0.0074984701647907
1141                 0.0066265375586738
1143                 0.005856005778071
1145                 0.0051750800533767
1147                 0.0045733380016344
1149                 0.004041570020874
1151                 0.0035716379098716
1153                 0.003156350283362
1155                 0.0027893522513978
1157                 0.0024650281638117
1159                 0.0021784155013194
1161                 0.0019251289629096
1163                 0.0017012932662652
1165                 0.001503483790799
1167                 0.0013286742195362
1169                 0.0011741901495554
1171                 0.0010376682002544
1173                 0.00091701980231562
1175                 0.00081039925881043
1177                 0.00071617550112535
1179                 0.00063290711338482
1181                 0.00055932028786287
1183                 0.00049428932058504
1185                 0.00043681943395768
1187                 0.00038603149121741
1189                 0.00034114857605516
1191                 0.00030148412655251
1193                 0.00026643136585847
1195                 0.00023545410954284
1197                 0.00020807852330051
1199                 0.00018388583100659
1201                 0.00016250596424072
1203                 0.00014361186906342
1205                 0.00012691454998048
1207                 0.00011215856687841
1209                 9.9118242502527e-05
1211                 8.7594074216213e-05
1213                 7.7409776366721e-05
1215                 6.840958910459e-05
1217                 6.0455827011197e-05
1219                 5.3426818524827e-05
1221                 4.7215049647775e-05
1223                 4.1725511934487e-05
1225                 3.687422811538e-05
1227                 3.2586973119919e-05
1229                 2.8798199380731e-05
1231                 2.5449917728793e-05
1233                 2.2490933559993e-05
1235                 1.9875985302065e-05
1237                 1.75650605172e-05
1239                 1.5522827467862e-05
1241                 1.3718031155463e-05
1243                 1.2123084758286e-05
1245                 1.0713563369791e-05
1247                 9.4679375450823e-06
1249                 8.3671380934902e-06
1251                 7.3943162703927e-06
1253                 6.5345950872597e-06
1255                 5.7748472670482e-06
1257                 5.1034287906759e-06
1259                 4.5100634338269e-06
1261                 3.9857006584043e-06
1263                 3.5222846861416e-06
1265                 3.1127633803862e-06
1267                 2.750857319711e-06
1269                 2.431024270777e-06
1271                 2.14838813406e-06
1273                 1.8985968353036e-06
1275                 1.6778578526555e-06
1277                 1.4827783445526e-06
1279                 1.3103829132888e-06
1281                 1.1580336689576e-06
1283                 1.0233947023153e-06
1285                 9.0439655764385e-07
1287                 7.9924511453555e-07
1289                 7.0632388826652e-07
1291                 6.2419402979685e-07
1293                 5.5162097112316e-07
1295                 4.8749448922081e-07
1297                 4.3080206069135e-07
1299                 3.8071767960446e-07
1301                 3.364508671666e-07
1303                 2.9733548956301e-07
1305                 2.6276758546828e-07
1307                 2.322142478306e-07
1309                 2.0521362387171e-07
1311                 1.8135715151857e-07
1313                 1.6026291405069e-07
1315                 1.4163781258958e-07
1317                 1.2516210290414e-07
1319                 1.1061374038945e-07
1321                 9.7744035087999e-08
1323                 8.6384233100034e-08
1325                 7.6330053389029e-08
1327                 6.7457150976225e-08
1329                 5.9614535530272e-08
1331                 5.2677862072414e-08
1333                 4.6549430976484e-08
1335                 4.1149306184707e-08
1337                 3.6362024502523e-08
1339                 3.2143177008948e-08
1341                 2.8395064077813e-08
1343                 2.5099922140726e-08
1345                 2.2168933355715e-08
1347                 1.9584334154388e-08
1349                 1.7310597399955e-08
1351                 1.531219595563e-08
1353                 1.3518075547836e-08
1355                 1.1954881529164e-08
1357                 1.0560441410234e-08
1359                 9.3436369752453e-09
1361                 8.2511775190142e-09
1363                 7.309708394132e-09
1365                 6.4570571112199e-09
1367                 5.7109872386718e-09
1369                 5.0448534238967e-09
1371                 4.4764192352886e-09
1373                 3.9523939676656e-09
1375                 3.4994229736185e-09
1377                 3.0908609005564e-09
1379                 2.7178259642824e-09
1381                 2.4158453015843e-09
1383                 2.1316282072803e-09
1385                 1.8829382497643e-09
1387                 1.6697754290362e-09
1389                 1.4743761767022e-09
1391                 1.3056222769592e-09
1393                 1.1457501614132e-09
1395                 1.0125233984581e-09
1397                 8.8817841970013e-10
1399                 7.9047879353311e-10
1401                 7.016609515631e-10
1403                 6.1284310959309e-10
1405                 5.4178883601708e-10
1407                 4.7961634663807e-10
1409                 4.2632564145606e-10
1411                 3.8191672047105e-10
1413                 3.2862601528905e-10
1415                 2.9309887850104e-10
1417                 2.4868995751604e-10
1419                 2.0428103653103e-10
1421                 1.7763568394003e-10
1423                 1.5987211554602e-10
1425                 1.4210854715202e-10
1427                 1.1546319456102e-10
1429                 1.2434497875802e-10
1431                 9.7699626167014e-11
1433                 8.8817841970013e-11
1435                 7.9936057773011e-11
1437                 7.105427357601e-11
1439                 7.105427357601e-11
1441                 6.2172489379009e-11
1443                 5.3290705182008e-11
1445                 4.4408920985006e-11
1447                 4.4408920985006e-11
1449                 3.5527136788005e-11
1451                 3.5527136788005e-11
1453                 2.6645352591004e-11
1455                 1.7763568394003e-11
1457                 1.7763568394003e-11
1459                 8.8817841970013e-12
1461                 8.8817841970013e-12
1463                 8.8817841970013e-12
1465                 1.7763568394003e-11
1467                 8.8817841970013e-12
1469                 1.7763568394003e-11
1471                 1.7763568394003e-11
1473                 8.8817841970013e-12
1475                 1.7763568394003e-11
1477                 8.8817841970013e-12
1479                 1.7763568394003e-11
1481                 1.7763568394003e-11
1483                 8.8817841970013e-12
1485                 1.7763568394003e-11
1487                 8.8817841970013e-12
1489                 8.8817841970013e-12
1491                 8.8817841970013e-12
1493                 8.8817841970013e-12
1495                 1.7763568394003e-11
1497                 8.8817841970013e-12
1499                 -0
1501                 8.8817841970013e-12
1503                 -8.8817841970013e-12
1505                 -0
1507                 -8.8817841970013e-12
1509                 -8.8817841970013e-12
1511                 -0
1513                 -0
1515                 8.8817841970013e-12
1517                 8.8817841970013e-12
1519                 -0
1521                 8.8817841970013e-12
1523                 -0
1525                 8.8817841970013e-12
1527                 1.7763568394003e-11
1529                 1.7763568394003e-11
1531                 2.6645352591004e-11
1533                 2.6645352591004e-11
1535                 3.5527136788005e-11
1537                 3.5527136788005e-11
1539                 3.5527136788005e-11
1541                 3.5527136788005e-11
1543                 3.5527136788005e-11
1545                 4.4408920985006e-11
1547                 4.4408920985006e-11
1549                 5.3290705182008e-11
1551                 6.2172489379009e-11
1553                 7.105427357601e-11
1555                 6.2172489379009e-11
1557                 8.8817841970013e-11
1559                 9.7699626167014e-11
1561                 9.7699626167014e-11
1563                 1.0658141036402e-10
1565                 1.2434497875802e-10
1567                 1.4210854715202e-10
1569                 1.6875389974302e-10
1571                 1.8651746813703e-10
1573                 2.3092638912203e-10
1575                 2.5757174171304e-10
1577                 2.8421709430404e-10
1579                 3.2862601528905e-10
1581                 3.8191672047105e-10
1583                 4.0856207306206e-10
1585                 4.7073456244107e-10
1587                 5.3290705182008e-10
1589                 5.9507954119908e-10
1591                 6.838973831691e-10
1593                 7.7271522513911e-10
1595                 8.5265128291212e-10
1597                 9.7699626167014e-10
1599                 1.1102230246252e-09
1601                 1.2523315717772e-09
1603                 1.4299672557172e-09
1605                 1.6164847238542e-09
1607                 1.8207657603853e-09
1609                 2.0605739337043e-09
1611                 2.3359092438113e-09
1613                 2.6467716907064e-09
1615                 3.0020430585864e-09
1617                 3.3839597790575e-09
1619                 3.8458125573015e-09
1621                 4.3431924723336e-09
1623                 4.9116266609417e-09
1625                 5.5599969073228e-09
1627                 6.2883032114769e-09
1629                 7.114309141798e-09
1631                 8.0468964824831e-09
1633                 9.1038288019263e-09
1635                 1.0285106100127e-08
1637                 1.1644019082269e-08
1639                 1.318056774835e-08
1641                 1.4921397450962e-08
1643                 1.6884271758499e-08
1645                 1.9113599591947e-08
1647                 2.1618262735501e-08
1649                 2.4469315462738e-08
1651                 2.7675639557856e-08
1653                 3.1326052862823e-08
1655                 3.5438318946035e-08
1657                 4.0110137433658e-08
1659                 4.5377035462479e-08
1661                 5.1345594442864e-08
1663                 5.8104632216782e-08
1665                 6.57518484104e-08
1667                 7.4402706218279e-08
1669                 8.4199314187572e-08
1671                 9.5274899081232e-08
1673                 1.07798214799e-07
1675                 1.2198242416162e-07
1677                 1.380318082056e-07
1679                 1.5618617510427e-07
1681                 1.7673862373613e-07
1683                 1.9998225297968e-07
1685                 2.2630786133959e-07
1687                 2.5608848375214e-07
1689                 2.8976820942717e-07
1691                 3.2789770898489e-07
1693                 3.7103653482973e-07
1695                 4.1985082077645e-07
1697                 4.750866366976e-07
1699                 5.3759663387609e-07
1701                 6.0832228143681e-07
1703                 6.8836492062019e-07
1705                 7.7893247407701e-07
1707                 8.8139273657362e-07
1709                 9.9735331104966e-07
1711                 1.1285816725604e-06
1713                 1.2770584589816e-06
1715                 1.4450751706363e-06
1717                 1.6351897613731e-06
1719                 1.8503154564087e-06
1721                 2.0937473976801e-06
1723                 2.3692070527659e-06
1725                 2.6809132691596e-06
1727                 3.033626683191e-06
1729                 3.4327385378674e-06
1731                 3.8843595007165e-06
1733                 4.3953907180594e-06
1735                 4.9736659235577e-06
1737                 5.6280224924876e-06
1739                 6.3684613138548e-06
1741                 7.2063155442947e-06
1743                 8.1543927166194e-06
1745                 9.2272234297752e-06
1747                 1.0441176812037e-05
1749                 1.1814860201298e-05
1751                 1.3369243490047e-05
1753                 1.5128138741716e-05
1755                 1.7118448880638e-05
1757                 1.9370602899471e-05
1759                 2.1919071002685e-05
1761                 2.4802799813983e-05
1763                 2.8065931800825e-05
1765                 3.1758364826828e-05
1767                 3.5936604803055e-05
1769                 4.0664538403234e-05
1771                 4.6014481114298e-05
1773                 5.2068287459406e-05
1775                 5.8918550038811e-05
1777                 6.6670047260686e-05
1779                 7.5441359825845e-05
1781                 8.5366647084584e-05
1783                 9.6597725374181e-05
1785                 0.00010930641280993
1787                 0.00012368707835719
1789                 0.00013995969716518
1791                 0.00015837318123602
1793                 0.00017920918971015
1795                 0.00020278641876814
1797                 0.00022946552213909
1799                 0.00025965457339794
1801                 0.00029381536315043
1803                 0.00033247038011552
1805                 0.00037621093795792
1807                 0.00042570603042691
1809                 0.00048171274080744
1811                 0.00054508773494888
1813                 0.00061680035301492
1815                 0.00069794748647212
1817                 0.00078977027584415
1819                 0.00089367317102074
1821                 0.0010112453630029
1823                 0.0011442851022281
1825                 0.0012948271432833
1827                 0.0014651739377314
1829                 0.001657930770449
1831                 0.0018760455944289
1833                 0.0021228540969531
1835                 0.0024021307076794
1837                 0.0027181462503023
1839                 0.0030757332059039
1841                 0.0034803595738708
1843                 0.0039382123340204
1845                 0.0044562920198388
1847                 0.0050425195841086
1849                 0.0057058573332824
1851                 0.0064564456714322
1853                 0.0073057579186298
1855                 0.0082667752643317
1857                 0.0093541846712952
1859                 0.010584602794239
1861                 0.011976829119575
1863                 0.013552132118733
1865                 0.015334573015835
1867                 0.017351371592866
1869                 0.019633319778833
1871                 0.022215249178004
1873                 0.025136559269612
1875                 0.028441814245994
1877                 0.032181417335408
1879                 0.036412372192984
1881                 0.041199142746251
1883                 0.046614623636643
1885                 0.052741235307963
1887                 0.059672159276047
1889                 0.067512730863584
1891                 0.076382008753484
1893                 0.08641454280145
1895                 0.09776236399972
1897                 0.1105972229265
1899                 0.12511310546692
1901                 0.14152905792209
1903                 0.16009235590531
1905                 0.18108205483536
1907                 0.20481296240327
1909                 0.23164007636467
1911                 0.26196353320351
1913                 0.2962341150603
1915                 0.3349593635793
1917                 0.37871034884063
1919                 0.42812913972234
1921                 0.4839370184051
1923                 0.54694347369377
1925                 0.61805599777642
1927                 0.69829069403227
1929                 0.78878368162449
1931                 0.89080325144764
1933                 1.0057626881821
1935                 1.1352336202641
1937                 1.2809596935703
1939                 1.4448702816416
1941                 1.6290938437002
1943                 1.8359704201654
1945                 2.0680626128389
1947                 2.3281642335604
1949                 2.6193056245916
1951                 2.9447544624972
1953                 3.3080106646288
1955                 3.7127938414994
1957                 4.1630216026523
1959                 4.6627769589414
1961                 5.2162631133701
1963                 5.8277441401255
1965                 6.5014704711608
1967                 7.24158878878
1969                 8.0520368986292
1971                 8.93642544054
1973                 9.8979098530183
1975                 10.939057750559
1977                 12.061718640082
1979                 13.266904456843
1981                 14.554690449904
1983                 15.924146176483
1985                 17.373305499886
1987                 18.899182369321
1989                 20.497835824624
1991                 22.164483389391
1993                 23.893657303553
1995                 25.679393584817
1997                 27.515440422432
1999                 29.395470498992
2001                 25.769116617775
2003                 21.67639835589
2005                 18.374631703031
2007                 15.675362895866
2009                 13.443789626786
2011                 11.581317871663
2013                 10.014364351365
2015                 8.6870013609897
2017                 7.5560179816136
2019                 6.5875341849342
2021                 5.7546339630132
2023                 5.0356805523055
2025                 4.4130968361866
2027                 3.872468596704
2029                 3.4018755308018
2031                 2.9913854238028
2033                 2.6326668775667
2035                 2.3186893390026
2037                 2.0434882210196
2039                 1.8019791270962
2041                 1.5898095274736
2043                 1.4032392956853
2045                 1.2390437033627
2047                 1.0944340517849
2049                 0.96699227526642
2051                 0.85461670416009
2053                 0.75547681042565
2055                 0.66797523731843
2057                 0.59071577637404
2059                 0.52247623265167
2061                 0.46218533205966
2063                 0.40890299084495
2065                 0.36180339683334
2067                 0.32016045377503
2069                 0.2833352213738
2071                 0.25076504826416
2073                 0.22195414632442
2075                 0.19646539746176
2077                 0.17391321737392
2079                 0.15395732885892
2081                 0.1362973199992
2083                 0.12066788153575
2085                 0.10683463313121
2087                 0.094590461676702
2089                 0.083752305402029
2091                 0.074158326981433
2093                 0.065665426509653
2095                 0.058147052000024
2097                 0.051491270420811
2099                 0.045599067526325
2101                 0.040382848274234
2103                 0.03576511397263
2105                 0.03167729460074
2107                 0.028058717775892
2109                 0.024855698335102
2111                 0.02202073402735
2113                 0.019511794873139
2115                 0.017291695266763
2117                 0.01532753908684
2119                 0.013590229235305
2121                 0.012054034392861
2123                 0.010696205965388
2125                 0.0094966398833662
2127                 0.0084375778452994
2129                 0.0075033434043803
2131                 0.0066801094344981
2133                 0.0059556927745064
2135                 0.0053193736082591
2137                 0.0047617364451469
2139                 0.0042745306139125
2141                 0.0038505478805462
2143                 0.0034835157425306
2145                 0.0031680044365601
2147                 0.0028993465672755
2149                 0.0026735679270473
2151                 0.0024873286808003
2153                 0.0023378738855939
2155                 0.0022229927587603
2157                 0.0021409858863564
2159                 0.0020906400610698
2161                 0.002071210332133
2163                 0.0020824089563831
2165                 0.0021244010994792
2167                 0.0021978072961559
2169                 0.002303712536289
2171                 0.0024436823586882
2173                 0.0026197858904453
2175                 0.0028346264269175
2177                 0.0030913799520249
2179                 0.0033938419186086
2181                 0.0037464833813061
2183                 0.004154517005972
2185                 0.0046239739681653
2187                 0.0051617930907355
2189                 0.0057759231530952
2191                 0.0064754402462341
2193                 0.0072706816123258
2195                 0.0081733981449617
2197                 0.0091969275750614
2199                 0.010356391122457
2201                 0.01166891615334
2203                 0.013153888405171
2205                 0.014833237278467
2207                 0.016731758361033
2209                 0.018877477820922
2211                 0.021302063952788
2213                 0.024041291872834
2215                 0.027135567846059
2217                 0.030630520795327
2219                 0.03457766959869
2221                 0.039035175127822
2223                 0.044068688085375
2225                 0.049752304089878
2227                 0.056169639348624
2229                 0.063415041777759
2231                 0.071594953610088
2233                 0.080829444177866
2235                 0.091253932836821
2237                 0.10302112441352
2239                 0.11630318211608
2241                 0.13129416485569
2243                 0.14821275875931
2245                 0.16730533532794
2247                 0.18884937122543
2249                 0.21315726746352
2251                 0.24058060823506
2253                 0.27151490145982
2255                 0.3064048456114
2257                 0.34575016742089
2259                 0.39011207554118
2261                 0.44012037356822
2263                 0.49648127208535
2265                 0.55998593312623
2267                 0.63151977100162
2269                 0.71207251878924
2271                 0.80274905042366
2273                 0.90478092078072
2275                 1.0195385512546
2277                 1.1485439413583
2279                 1.2934837286949
2281                 1.4562223458636
2283                 1.6388149327451
2285                 1.8435195537325
2287                 2.0728081410937
2289                 2.329375437311
2291                 2.6161450427953
2293                 2.9362714961323
2295                 3.2931371276579
2297                 3.6903422504153
2299                 4.1316871012498
2301                 4.6211438482757
2303                 5.1628169734563
2305                 5.7608904629358
2307                 6.4195605437778
2309                 7.1429532428358
2311                 7.9350268573553
2313                 8.7994605451946
2315                 9.7395316582904
2317                 10.757986102394
2319                 11.856907786436
2321                 13.03759492747
2323                 14.300452331533
2325                 15.644909457615
2327                 17.069373773433
2329                 18.571227387776
2331                 20.146872113536
2333                 21.791824131423
2335                 23.5008547065
2337                 25.268168606383
2339                 27.087607751284
2341                 28.952864914471
2343                 30.857691486448
2345                 32.796084557507
2347                 34.76244160761
2349                 36.751675336166
2351                 38.759285857228
2353                 40.781391873166
2355                 42.81472593398
2357                 44.856601155097
2359                 46.904857743479
2361                 48.957797528377
2363                 51.014113704726
2365                 53.072821517661
2367                 55.133193963632
2369                 57.194705004964
2371                 59.256981451892
2373                 61.319763637027
2375                 63.382874302329
2377                 65.446194705121
2379                 67.509646769057
2381                 69.57318009408
2383                 71.636762733833
2385                 73.700374801806
2387                 75.764004138721
2389                 77.827643441211
2391                 79.891288399496
2393                 81.954936514625
2395                 84.018586362742
2397                 86.08223714659
2399                 88.145888427356
2401                 90.209539967709
2403                 92.27319164145
2405                 94.336843382621
2407                 96.400495157303
2409                 98.464146948372
2411                 100.52779874734
2413                 102.59145055005
2415                 104.65510235448
2417                 106.7187541597
2419                 108.7824059653
2421                 110.84605777105
2423                 112.90970957688
2425                 114.97336138274
2427                 117.0370131886
2429                 119.10066499447
2431                 121.16431680035
2433                 123.22796860621
2435                 125.2916204121
2437                 127.35527221797
2439                 129.41892402384
2441                 131.48257582971
2443                 133.54622763558
2445                 135.60987944145
2447                 137.67353124732
2449                 139.73718305319
2451                 141.80083485907
2453                 143.86448666493
2455                 145.92813847081
2457                 147.99179027667
2459                 150.05544208255
2461                 152.11909388842
2463                 154.18274569429
2465                 156.24639750016
2467                 158.31004930603
2469                 160.37370111191
2471                 162.43735291778
2473                 164.50100472365
2475                 166.56465652952
2477                 168.62830833539
2479                 170.69196014126
2481                 172.75561194714
2483                 174.81926375301
2485                 176.88291555888
2487                 178.94656736476
2489                 181.01021917063
2491                 183.07387097651
2493                 185.13752278237
2495                 187.20117458825
2497                 189.26482639412
2499                 191.3284782
2501                 193.39213000586
2503                 195.45578181174
2505                 197.51943361762
2507                 199.58308542349
2509                 201.64673722936
2511                 203.71038903523
2513                 205.7740408411
2515                 207.83769264696
2517                 209.90134445285
2519                 211.96499625872
2521                 214.02864806459
2523                 216.09229987046
2525                 218.15595167634
2527                 220.21960348221
2529                 222.28325528808
2531                 224.34690709395
2533                 226.41055889982
2535                 228.4742107057
2537                 230.53786251156
2539                 232.60151431744
2541                 234.66516612331
2543                 236.72881792919
2545                 238.79246973506
2547                 240.85612154093
2549                 242.91977334681
2551                 261.30866371601
2553                 261.45216195692
2555                 261.59566019784
2557                 261.73915843875
2559                 261.88265667968
2561                 262.02615492059
2563                 262.16965316151
2565                 262.31315140242
2567                 262.45664964334
2569                 262.60014788425
2571                 262.74364612517
2573                 262.88714436609
2575                 263.030642607
2577                 263.17414084792
2579                 263.31763908884
2581                 263.46113732976
2583                 263.60463557068
2585                 263.7481338116
2587                 263.89163205252
2589                 264.03513029343
2591                 264.17862853435
2593                 264.32212677527
2595                 264.46562501619
2597                 264.6091232571
2599                 264.75262149802
2601                 264.89611973894
2603                 265.03961797986
2605                 265.18311622077
2607                 265.32661446169
2609                 265.47011270261
2611                 265.61361094353
2613                 265.75710918444
2615                 265.90060742536
2617                 266.04410566628
2619                 266.1876039072
2621                 266.33110214812
2623                 266.47460038904
2625                 266.61809862995
2627                 266.76159687087
2629                 266.90509511178
2631                 267.04859335271
2633                 267.19209159362
2635                 267.33558983454
2637                 267.47908807546
2639                 267.62258631637
2641                 267.76608455729
2643                 267.90958279821
2645                 268.05308103913
2647                 268.19657928005
2649                 268.34007752096
2651                 268.48357576188
2653                 268.6270740028
2655                 268.77057224371
2657                 268.91407048463
2659                 269.05756872555
2661                 269.20106696647
2663                 269.34456520738
2665                 269.4880634483
2667                 269.63156168922
2669                 269.77505993014
2671                 269.91855817105
2673                 270.06205641197
2675                 270.20555465289
2677                 270.3490528938
2679                 270.49255113473
2681                 270.63604937565
2683                 270.77954761656
2685                 270.92304585748
2687                 271.0665440984
2689                 271.21004233932
2691                 271.35354058024
2693                 271.49703882116
2695                 271.64053706207
2697                 271.78403530299
2699                 271.92753354391
2701                 272.07103178483
2703                 272.21453002575
2705                 272.35802826667
2707                 272.50152650758
2709                 272.6450247485
2711                 272.78852298942
2713                 272.93202123033
2715                 273.07551947125
2717                 273.21901771217
2719                 273.36251595309
2721                 273.50601419401
2723                 273.64951243492
2725                 273.79301067584
2727                 273.93650891676
2729                 274.08000715768
2731                 274.22350539859
2733                 274.36700363951
2735                 274.51050188043
2737                 274.65400012135
2739                 274.79749836227
2740.9774419792      256.7474090881
2742.8832025866      256.8750982543
2744.6931852871      256.99637013964
2746.4122035958      257.11154725774
2748.0448291145      257.22093591363
2749.5954036903      257.32482701846
2751.0680509614      257.4234968634
2752.4666873243      257.51720785529
2753.795032349       257.60620921753
2755.0566186707      257.69073766203
2756.2548013851      257.77101804519
2757.3927669703      257.84726403651
2758.4735417618      257.91967886459
2759.5               257.9884562777
2760.5               272.86028131017
2761.5               265.9723657497
2762.5               259.08445019569
2763.5               252.19653465896
2764.5               245.30861916741
2765.5               238.4207037906
2766.5               231.53278869746
2767.5               224.64487428659
2768.5               217.75696147223
2769.5               210.86905229228
2770.5               203.98115116082
2771.5               197.09326736678
2772.5               190.20541989841
2773.5               183.31764645284
2774.5               176.43001969769
2775.5               169.54267561201
2776.5               162.65586112745
2777.5               155.77001126681
2778.5               148.88586924434
2779.5               142.00466587881
2780.5               135.12837602405
2781.5               128.26006789555
2782.5               121.40435422239
2783.5               114.56794031645
2784.5               107.76024264629
2785.5               100.99402353696
2786.5               94.285957283438
2787.5               87.657017506082
2788.5               81.132564449145
2789.5               74.742023329222
2790.5               68.518086075604
2791.5               62.495436624759
2792.5               56.709082813378
2793.5               51.192456807465
2794.5               45.975499809219
2795.5               41.082959732064
2796.5               36.533098236511
2797.5               32.336934700572
2798.5               28.498067776268
2799.5               25.013031438732
2800.5               21.872079037002
2801.5               19.060254596299
2802.5               16.558605401202
2803.5               14.34540715618
2804.5               12.397303398841
2805.5               10.690295334415
2806.5               9.2005501731585
2807.5               7.9050215739951
2808.5               6.7818936440345
2809.5               5.8108705690207
2810.5               4.9733387314155
2811.5               4.2524287717871
2812.5               3.6330030113696
2813.5               3.1015902208731
2814.5               2.6462857814025
2815.5               2.2566314099204
2816.5               1.9234851353489
2817.5               1.6388892568453
2818.5               1.3959416237541
2819.5               1.1886737112121
2820.5               1.0119375586348
2821.5               0.86130261166106
2822.5               0.73296278373158
2823.5               0.62365356341409
2824.5               0.53057867864137
2825.5               0.45134564288452
2826.5               0.38390941346167
2827.5               0.32652336078964
2828.5               0.27769675793321
2829.5               0.23615803718569
2830.5               0.20082311332548
2831.5               0.1707681340446
2832.5               0.14520608144331
2833.5               0.12346671116159
2834.5               0.10497937525056
2835.5               0.089258330300268
2836.5               0.075890182884564
2837.5               0.064523169673869
2838.5               0.054858010263281
2839.5               0.046640106248219
2840.5               0.039652891632436
2841.5               0.033712166924715
2842.5               0.028661273001607
2843.5               0.024366981503654
2844.5               0.020715996265075
2845.5               0.017611975458021
2846.5               0.014972997515184
2847.5               0.012729404919032
2848.5               0.010821969806951
2849.5               0.0092003335283586
2850.5               0.0078216793286678
2851.5               0.0066496034389907
2852.5               0.0056531550063355
2853.5               0.0048060196111699
2854.5               0.0040858249472642
2855.5               0.0034735504383931
2856.5               0.0029530252065868
2857.5               0.0025105012158022
2858.5               0.0021342903178123
2859.5               0.001814455674598
2860.5               0.0015425493615773
2861.5               0.001311389312697
2862.5               0.0011148696521524
2863.5               0.00094779943893286
2864.5               0.00080576558980638
2865.5               0.00068501631478313
2866.5               0.00058236202971074
2867.5               0.00049509112143298
2868.5               0.0004208983073184
2869.5               0.00035782376617277
2870.5               0.00030420136187814
2871.5               0.00025861463637256
2872.5               0.00021985939069324
2873.5               0.00018691188596875
2874.5               0.00015890179838607
2875.5               0.00013508921536953
2876.5               0.00011484511786009
2877.5               9.7634742513009e-05
2878.5               8.3003466322396e-05
2879.5               7.0564791787575e-05
2880.5               5.9990141743071e-05
2881.5               5.1000181855443e-05
2882.5               4.3357428758384e-05
2883.5               3.6860001717542e-05
2884.5               3.1336260253312e-05
2885.5               2.6640289974011e-05
2886.5               2.26480456611e-05
2887.5               1.925407167036e-05
2888.5               1.6368706390324e-05
2889.5               1.3915735230796e-05
2890.5               1.1830358914722e-05
2891.5               1.0057494836957e-05
2892.5               8.5503026880929e-06
2893.5               7.2689787522506e-06
2894.5               6.1796678885173e-06
2895.5               5.2535997774328e-06
2896.5               4.4663073239803e-06
2897.5               3.7969982713548e-06
2898.5               3.227991207666e-06
2899.5               2.7442514927145e-06
2900.5               2.333007120825e-06
2901.5               1.9833890085863e-06
2902.5               1.6861623208797e-06
2903.5               1.4334800013671e-06
2904.5               1.2186607278863e-06
2905.5               1.0360357016737e-06
2906.5               8.8077989346402e-07
2907.5               7.4878769851239e-07
2908.5               6.3657523696747e-07
2909.5               5.4118043379958e-07
2910.5               4.6008086229676e-07
2911.5               3.9113379202149e-07
2912.5               3.3252067765943e-07
2913.5               2.8268942742216e-07
2914.5               2.4032775769456e-07
2915.5               2.0431212277572e-07
2916.5               1.7369217175656e-07
2917.5               1.4766632361329e-07
2918.5               1.2553513784042e-07
2919.5               1.0672351891117e-07
2920.5               9.0731866464466e-08
2921.5               7.7133854858857e-08
2922.5               6.557421272646e-08
2923.5               5.5746518512478e-08
2924.5               4.7395420921248e-08
2925.5               4.0292214009696e-08
2926.5               3.4252600755735e-08
2927.5               2.9118929489869e-08
2928.5               2.4757973449141e-08
2929.5               2.1047608100844e-08
2930.5               1.7894574710908e-08
2931.5               1.5212275883414e-08
2932.5               1.2931877790834e-08
2933.5               1.0993428389838e-08
2934.5               9.3436369752453e-09
2935.5               7.9447559642176e-09
2936.5               6.7545968818195e-09
2937.5               5.7420734833613e-09
2938.5               4.8827608623014e-09
2939.5               4.1500136660488e-09
2940.5               3.5282887722587e-09
2941.5               2.9976021664879e-09
2942.5               2.5512925105886e-09
2943.5               2.1671553440683e-09
2944.5               1.8407497748285e-09
2945.5               1.5654144647215e-09
2946.5               1.3322676295502e-09
2947.5               1.1302070390684e-09
2948.5               9.6367358537464e-10
2949.5               8.1712414612412e-10
2950.5               6.9499961341535e-10
2951.5               5.9063864910058e-10
2952.5               5.0182080713057e-10
2953.5               4.2854608750531e-10
2954.5               3.6415315207705e-10
2955.5               3.0864200084579e-10
2956.5               2.6423307986079e-10
2957.5               2.2426505097428e-10
2958.5               1.9095836023553e-10
2959.5               1.6209256159527e-10
2960.5               1.3766765505352e-10
2961.5               1.1768364061027e-10
2962.5               9.9920072216264e-11
2963.5               8.6597395920762e-11
2964.5               7.105427357601e-11
2965.5               6.2172489379009e-11
2966.5               5.1070259132757e-11
2967.5               4.4408920985006e-11
2968.5               3.7747582837255e-11
2969.5               3.1086244689504e-11
2970.5               2.4424906541753e-11
2971.5               2.2204460492503e-11
2972.5               1.7763568394003e-11
2973.5               1.5543122344752e-11
2974.5               1.3322676295502e-11
2975.5               1.3322676295502e-11
2976.5               1.1102230246252e-11
2977.5               1.1102230246252e-11
2978.5               8.8817841970013e-12
2979.5               6.6613381477509e-12
2980.5               4.4408920985006e-12
2981.5               4.4408920985006e-12
2982.5               2.2204460492503e-12
2983.5               4.4408920985006e-12
2984.5               -0
2985.5               -0
2986.5               2.2204460492503e-12
2987.5               -0
2988.5               -0
2989.5               2.2204460492503e-12
2990.5               -0
2991.5               -0
2992.5               -0
2993.5               2.2204460492503e-12
2994.5               -0
2995.5               -0
2996.5               -0
2997.5               -0
2998.5               2.2204460492503e-12
2999.5               -0
3000.5               -0
3001.5               -2.2204460492503e-12
3002.5               -0
3003.5               -0
3004.5               -0
3005.5               -0
3006.5               -2.2204460492503e-12
3007.5               -0
3008.5               -2.2204460492503e-12
3009.5               -0
3010.5               -2.2204460492503e-12
3011.5               -0
3012.5               -0
3013.5               -0
3014.5               -0
3015.5               2.2204460492503e-12
3016.5               -0
3017.5               2.2204460492503e-12
3018.5               2.2204460492503e-12
3019.5               -0
3020.5               2.2204460492503e-12
3021.5               -0
3022.5               -0
3023.5               -0
3024.5               -0
3025.5               -0
3026.5               -2.2204460492503e-12
3027.5               -2.2204460492503e-12
3028.5               -0
3029.5               -0
3030.5               2.2204460492503e-12
3031.5               -0
3032.5               -0
3033.5               -0
3034.5               2.2204460492503e-12
3035.5               -0
3036.5               2.2204460492503e-12
3037.5               -0
3038.5               2.2204460492503e-12
3039.5               2.2204460492503e-12
3040.5               -0
3041.5               2.2204460492503e-12
3042.5               -0
3043.5               2.2204460492503e-12
3044.5               -0
3045.5               2.2204460492503e-12
3046.5               -0
3047.5               -0
3048.5               -2.2204460492503e-12
3049.5               -0
3050.5               2.2204460492503e-12
3051.5               -0
3052.5               2.2204460492503e-12
3053.5               2.2204460492503e-12
3054.5               -0
3055.5               2.2204460492503e-12
3056.5               2.2204460492503e-12
3057.5               -0
3058.5               2.2204460492503e-12
3059.5               2.2204460492503e-12
3060.5               -0
3061.5               -0
3062.5               -0
3063.5               -0
3064.5               -0
3065.5               -2.2204460492503e-12
3066.5               -0
3067.5               -2.2204460492503e-12
3068.5               -2.2204460492503e-12
3069.5               -4.4408920985006e-12
3070.5               -2.2204460492503e-12
3071.5               -4.4408920985006e-12
3072.5               -2.2204460492503e-12
3073.5               -2.2204460492503e-12
3074.5               -2.2204460492503e-12
3075.5               -2.2204460492503e-12
3076.5               -2.2204460492503e-12
3077.5               -0
3078.5               -0
3079.5               -0
3080.5               -0
3081.5               2.2204460492503e-12
3082.5               -2.2204460492503e-12
3083.5               2.2204460492503e-12
3084.5               -0
3085.5               -0
3086.5               -0
3087.5               -2.2204460492503e-12
3088.5               -0
3089.5               -0
3090.5               -0
3091.5               -0
3092.5               2.2204460492503e-12
3093.5               -0
3094.5               -0
3095.5               -0
3096.5               -0
3097.5               -0
3098.5               -0
3099.5               -0
3100.5               -0
3101.5               -2.2204460492503e-12
3102.5               -0
3103.5               -2.2204460492503e-12
3104.5               -2.2204460492503e-12
3105.5               -0
3106.5               -0
3107.5               -0
3108.5               -0
3109.5               -0
3110.5               2.2204460492503e-12
3111.5               -0
3112.5               -0
3113.5               -0
3114.5               2.2204460492503e-12
3115.5               -0
3116.5               -0
3117.5               -0
3118.5               -2.2204460492503e-12
3119.5               -0
3120.5               -0
3121.5               2.2204460492503e-12
3122.5               -0
3123.5               -0
3124.5               2.2204460492503e-12
3125.5               -0
3126.5               2.2204460492503e-12
3127.5               4.4408920985006e-12
3128.5               2.2204460492503e-12
3129.5               4.4408920985006e-12
3130.5               2.2204460492503e-12
3131.5               2.2204460492503e-12
3132.5               2.2204460492503e-12
3133.5               2.2204460492503e-12
3134.5               -0
3135.5               -0
3136.5               2.2204460492503e-12
3137.5               -2.2204460492503e-12
3138.5               -0
3139.5               -0
3140.5               -2.2204460492503e-12
3141.5               -0
3142.5               -2.2204460492503e-12
3143.5               -2.2204460492503e-12
3144.5               -2.2204460492503e-12
3145.5               -2.2204460492503e-12
3146.5               -2.2204460492503e-12
3147.5               -2.2204460492503e-12
3148.5               -4.4408920985006e-12
3149.5               -2.2204460492503e-12
3150.5               -2.2204460492503e-12
3151.5               -2.2204460492503e-12
3152.5               -0
3153.5               -0
3154.5               -2.2204460492503e-12
3155.5               -0
3156.5               2.2204460492503e-12
3157.5               -0
3158.5               2.2204460492503e-12
3159.5               -0
3160.5               -0
3161.5               2.2204460492503e-12
3162.5               2.2204460492503e-12
3163.5               2.2204460492503e-12
3164.5               4.4408920985006e-12
3165.5               2.2204460492503e-12
3166.5               2.2204460492503e-12
3167.5               2.2204460492503e-12
3168.5               2.2204460492503e-12
3169.5               2.2204460492503e-12
3170.5               -0
3171.5               -0
3172.5               -0
3173.5               -0
3174.5               -2.2204460492503e-12
3175.5               -0
3176.5               -2.2204460492503e-12
3177.5               -0
3178.5               -2.2204460492503e-12
3179.5               -0
3180.5               -2.2204460492503e-12
3181.5               -0
3182.5               -2.2204460492503e-12
3183.5               -2.2204460492503e-12
3184.5               -2.2204460492503e-12
3185.5               -2.2204460492503e-12
3186.5               -2.2204460492503e-12
3187.5               -2.2204460492503e-12
3188.5               -0
3189.5               -2.2204460492503e-12
3190.5               -2.2204460492503e-12
3191.5               -2.2204460492503e-12
3192.5               -0
3193.5               -0
3194.5               -0
3195.5               -0
3196.5               -0
3197.5               -0
3198.5               -0
3199.5               -0
3200.5               -2.2204460492503e-12
3201.5               -0
3202.5               -0
3203.5               -0
3204.5               2.2204460492503e-12
3205.5               -0
3206.5               2.2204460492503e-12
3207.5               2.2204460492503e-12
3208.5               2.2204460492503e-12
3209.5               -0
3210.5               -0
3211.5               -0
3212.5               -0
3213.5               -0
3214.5               -0
3215.5               -0
3216.5               -0
3217.5               -0
3218.5               -0
3219.5               2.2204460492503e-12
3220.5               -0
3221.5               2.2204460492503e-12
3222.5               -0
3223.5               2.2204460492503e-12
3224.5               -0
3225.5               -0
3226.5               2.2204460492503e-12
3227.5               -0
3228.5               -0
3229.5               -0
3230.5               -0
3231.5               -2.2204460492503e-12
3232.5               -0
3233.5               -0
3234.5               -0
3235.5               -0
3236.5               2.2204460492503e-12
3237.5               2.2204460492503e-12
3238.5               -0
3239.5               2.2204460492503e-12
3240.5               2.2204460492503e-12
3241.5               -0
3242.5               2.2204460492503e-12
3243.5               -2.2204460492503e-12
3244.5               -0
3245.5               -2.2204460492503e-12
3246.5               -2.2204460492503e-12
3247.5               -0
3248.5               -0
3249.5               -0
3250.5               -0
3251.5               -0
3252.5               2.2204460492503e-12
3253.5               -0
3254.5               -0
3255.5               -0
3256.5               -0
3257.5               -0
3258.5               -2.2204460492503e-12
3259.5               -0
3260.5               -0
3261.5               -0
3262.5               -2.2204460492503e-12
3263.5               2.2204460492503e-12
3264.5               -2.2204460492503e-12
3265.5               -0
3266.5               -0
3267.5               -2.2204460492503e-12
3268.5               -0
3269.5               -0
3270.5               -0
3271.5               -0
3272.5               -2.2204460492503e-12
3273.5               -0
3274.5               -2.2204460492503e-12
3275.5               -0
3276.5               -0
3277.5               -0
3278.5               -0
3279.5               -0
3280.5               2.2204460492503e-12
3281.5               -0
3282.5               -0
3283.5               2.2204460492503e-12
3284.5               -0
3285.5               2.2204460492503e-12
3286.5               2.2204460492503e-12
3287.5               -0
3288.5               2.2204460492503e-12
3289.5               -0
3290.5               -2.2204460492503e-12
3291.5               -2.2204460492503e-12
3292.5               -0
3293.5               -0
3294.5               -0
3295.5               -0
3296.5               -0
3297.5               2.2204460492503e-12
3298.5               -0
3299.5               2.2204460492503e-12
3300.5               -0
3301.5               -0
3302.5               -2.2204460492503e-12
3303.5               -0
3304.5               -0
3305.5               -2.2204460492503e-12
3306.5               -2.2204460492503e-12
3307.5               -2.2204460492503e-12
3308.5               -0
3309.5               -0
3310.5               -2.2204460492503e-12
3311.5               -0
3312.5               -2.2204460492503e-12
3313.5               -0
3314.5               2.2204460492503e-12
3315.5               -0
3316.5               2.2204460492503e-12
3317.5               2.2204460492503e-12
3318.5               -0
3319.5               -0
3320.5               -0
3321.5               -2.2204460492503e-12
3322.5               -0
3323.5               -2.2204460492503e-12
3324.5               -0
3325.5               -2.2204460492503e-12
3326.5               -0
3327.5               -0
3328.5               -0
3329.5               -0
3330.5               -0
3331.5               2.2204460492503e-12
3332.5               -0
3333.5               -0
3334.5               2.2204460492503e-12
3335.5               -0
3336.5               -0
3337.5               -0
3338.5               -2.2204460492503e-12
3339.5               -0
3340.5               -2.2204460492503e-12
3341.5               -0
3342.5               -0
3343.5               -0
3344.5               -0
3345.5               -0
3346.5               2.2204460492503e-12
3347.5               -0
3348.5               -2.2204460492503e-12
3349.5               2.2204460492503e-12
3350.5               -0
3351.5               -0
3352.5               -0
3353.5               2.2204460492503e-12
3354.5               -0
3355.5               2.2204460492503e-12
3356.5               -0
3357.5               -0
3358.5               -0
3359.5               -0
3360.5               -0
3361.5               2.2204460492503e-12
3362.5               2.2204460492503e-12
3363.5               2.2204460492503e-12
3364.5               2.2204460492503e-12
3365.5               2.2204460492503e-12
3366.5               2.2204460492503e-12
3367.5               2.2204460492503e-12
3368.5               2.2204460492503e-12
3369.5               -0
3370.5               -0
3371.5               -0
3372.5               -0
3373.5               -0
3374.5               2.2204460492503e-12
3375.5               -0
3376.5               -0
3377.5               2.2204460492503e-12
3378.5               -0
3379.5               -0
3380.5               -2.2204460492503e-12
3381.5               -0
3382.5               -2.2204460492503e-12
3383.5               -2.2204460492503e-12
3384.5               -2.2204460492503e-12
3385.5               -2.2204460492503e-12
3386.5               -0
3387.5               -0
3388.5               -0
3389.5               -0
3390.5               -0
3391.5               -0
3392.5               -0
3393.5               -0
3394.5               -0
3395.5               -0
3396.5               -2.2204460492503e-12
3397.5               -2.2204460492503e-12
3398.5               -2.2204460492503e-12
3399.5               -0
3400.5               -2.2204460492503e-12
3401.5               -0
3402.5               -0
3403.5               2.2204460492503e-12
3404.5               2.2204460492503e-12
3405.5               2.2204460492503e-12
3406.5               -0
3407.5               2.2204460492503e-12
3408.5               -0
3409.5               -2.2204460492503e-12
3410.5               -0
3411.5               -2.2204460492503e-12
3412.5               -0
3413.5               -2.2204460492503e-12
3414.5               -0
3415.5               -0
3416.5               -0
3417.5               2.2204460492503e-12
3418.5               -0
3419.5               2.2204460492503e-12
3420.5               2.2204460492503e-12
3421.5               -0
3422.5               -0
3423.5               -0
3424.5               -2.2204460492503e-12
3425.5               -0
3426.5               -2.2204460492503e-12
3427.5               -2.2204460492503e-12
3428.5               -0
3429.5               -0
3430.5               -0
3431.5               2.2204460492503e-12
3432.5               2.2204460492503e-12
3433.5               -0
3434.5               -0
3435.5               -0
3436.5               -0
3437.5               -0
3438.5               -0
3439.5               -0
3440.5               -0
3441.5               -0
3442.5               -2.2204460492503e-12
3443.5               -0
3444.5               -2.2204460492503e-12
3445.5               -0
3446.5               -0
3447.5               -0
3448.5               -2.2204460492503e-12
3449.5               -0
3450.5               -2.2204460492503e-12
3451.5               -0
3452.5               -0
3453.5               -0
3454.5               -0
3455.5               -0
3456.5               2.2204460492503e-12
3457.5               -0
3458.5               2.2204460492503e-12
3459.5               2.2204460492503e-12
3460.5               -0
3461.5               -0
3462.5               2.2204460492503e-12
3463.5               -0
3464.5               -0
3465.5               -2.2204460492503e-12
3466.5               -0
3467.5               -0
3468.5               -0
3469.5               -2.2204460492503e-12
3470.5               -2.2204460492503e-12
3471.5               -0
3472.5               -0
3473.5               -0
3474.5               -0
3475.5               -0
3476.5               -0
3477.5               -0
3478.5               -2.2204460492503e-12
3479.5               -0
3480.5               -2.2204460492503e-12
3481.5               -2.2204460492503e-12
3482.5               -0
3483.5               -2.2204460492503e-12
3484.5               -0
3485.5               -0
3486.5               -0
3487.5               2.2204460492503e-12
3488.5               2.2204460492503e-12
3489.5               2.2204460492503e-12
3490.5               2.2204460492503e-12
3491.5               2.2204460492503e-12
3492.5               -0
3493.5               2.2204460492503e-12
3494.5               -0
3495.5               -2.2204460492503e-12
3496.5               -2.2204460492503e-12
3497.5               -0
3498.5               -0
3499.5               -0
3500.5               -0
3501.5               2.2204460492503e-12
3502.5               -0
3503.5               -0
3504.5               2.2204460492503e-12
3505.5               -0
3506.5               2.2204460492503e-12
3507.5               -0
3508.5               -0
3509.5               -0
3510.5               -0
3511.5               -0
3512.5               -0
3513.5               -0
3514.5               2.2204460492503e-12
3515.5               -0
3516.5               -0
3517.5               -0
3518.5               -0
3519.5               -0
3520.5               -0
3521.5               -2.2204460492503e-12
3522.5               -0
3523.5               -0
3524.5               -0
3525.5               -0
3526.5               -0
3527.5               -0
3528.5               -0
3529.5               -0
3530.5               -2.2204460492503e-12
3531.5               -0
3532.5               -2.2204460492503e-12
3533.5               -0
3534.5               -2.2204460492503e-12
3535.5               -0
3536.5               -2.2204460492503e-12
3537.5               -0
3538.5               -0
3539.5               -2.2204460492503e-12
3540.5               -2.2204460492503e-12
3541.5               -0
3542.5               -2.2204460492503e-12
3543.5               -0
3544.5               -4.4408920985006e-12
3545.5               -2.2204460492503e-12
3546.5               -2.2204460492503e-12
3547.5               -2.2204460492503e-12
3548.5               -4.4408920985006e-12
3549.5               -6.6613381477509e-12
3550.5               -6.6613381477509e-12
3551.5               -6.6613381477509e-12
3552.5               -1.1102230246252e-11
3553.5               -8.8817841970013e-12
3554.5               -1.5543122344752e-11
3555.5               -1.5543122344752e-11
3556.5               -1.9984014443253e-11
3557.5               -2.2204460492503e-11
3558.5               -2.6645352591004e-11
3559.5               -2.8865798640254e-11
3560.5               -3.3306690738755e-11
3561.5               -4.2188474935756e-11
3562.5               -4.6629367034257e-11
3563.5               -5.5511151231258e-11
3564.5               -6.883382752676e-11
3565.5               -7.7715611723761e-11
3566.5               -9.3258734068513e-11
3567.5               -1.0880185641327e-10
3568.5               -1.2656542480727e-10
3569.5               -1.4876988529977e-10
3570.5               -1.7319479184152e-10
3571.5               -2.0650148258028e-10
3572.5               -2.4202861936828e-10
3573.5               -2.8643754035329e-10
3574.5               -3.352873534368e-10
3575.5               -3.9523939676656e-10
3576.5               -4.6629367034257e-10
3577.5               -5.4845017416483e-10
3578.5               -6.4392935428259e-10
3579.5               -7.5939254884361e-10
3580.5               -8.9261931179863e-10
3581.5               -1.0502709812954e-09
3582.5               -1.2367884494324e-09
3583.5               -1.4521717162097e-09
3584.5               -1.7075230118735e-09
3585.5               -2.0095036745715e-09
3586.5               -2.3625545964023e-09
3587.5               -2.7777780076121e-09
3588.5               -3.2684965844965e-09
3589.5               -3.8435921112523e-09
3590.5               -4.5208281562736e-09
3591.5               -5.3179682879545e-09
3592.5               -6.2572169667874e-09
3593.5               -7.3607786532648e-09
3594.5               -8.6552986999777e-09
3595.5               -1.0182965581862e-08
3596.5               -1.1977085989656e-08
3597.5               -1.4088730182493e-08
3598.5               -1.6573409311604e-08
3599.5               -1.9493295866368e-08
3600.5               -2.2930546350608e-08
3601.5               -2.6971758160244e-08
3602.5               -3.1727953597738e-08
3603.5               -3.731903674975e-08
3604.5               -4.3898218393679e-08
3605.5               -5.1638693321365e-08
3606.5               -6.0740301677242e-08
3607.5               -7.1445072080678e-08
3608.5               -8.4041662518075e-08
3609.5               -9.8856478558673e-08
3610.5               -1.1628253915319e-07
3611.5               -1.3677947663382e-07
3612.5               -1.6088907983658e-07
3613.5               -1.892486167776e-07
3614.5               -2.2260637777549e-07
3615.5               -2.6184610035784e-07
3616.5               -3.0800251238361e-07
3617.5               -3.6229463873383e-07
3618.5               -4.2615910800237e-07
3619.5               -5.0127901829455e-07
3620.5               -5.8964166882447e-07
3621.5               -6.9357852794383e-07
3622.5               -8.1584072830765e-07
3623.5               -9.5965013713339e-07
3624.5               -1.1288103785034e-06
3625.5               -1.3277889898688e-06
3626.5               -1.5618439874743e-06
3627.5               -1.8371526522287e-06
3628.5               -2.1609936062816e-06
3629.5               -2.5419200078147e-06
3630.5               -2.9899926978771e-06
3631.5               -3.5170488743574e-06
3632.5               -4.1370085135384e-06
3633.5               -4.8662540663713e-06
3634.5               -5.7240434614414e-06
3635.5               -6.7330385711273e-06
3636.5               -7.9198936298042e-06
3637.5               -9.3159568947954e-06
3638.5               -1.0958112195425e-05
3639.5               -1.2889731504373e-05
3640.5               -1.5161849553635e-05
3641.5               -1.7834473897693e-05
3642.5               -2.0978214720913e-05
3643.5               -2.4676110044197e-05
3644.5               -2.9025848391484e-05
3645.5               -3.4142326743591e-05
3646.5               -4.0160701431091e-05
3647.5               -4.7239954170664e-05
3648.5               -5.5567090928577e-05
3649.5               -6.5362075751807e-05
3650.5               -7.688364833669e-05
3651.5               -9.0436171884534e-05
3652.5               -0.00010637763114829
3653.5               -0.00012512914038254
3654.5               -0.00014718603225106
3655.5               -0.00017313095401761
3656.5               -0.00020364925523708
3657.5               -0.00023954709771346
3658.5               -0.00028177274513652
3659.5               -0.00033144160527243
3660.5               -0.00038986570416455
3661.5               -0.00045858834285539
3662.5               -0.00053942484923297
3663.5               -0.00063451053300412
3664.5               -0.00074635710056725
3665.5               -0.0008779189708541
3666.5               -0.0010326713328901
3667.5               -0.0012147019168296
3668.5               -0.0014288189564837
3669.5               -0.0016806781899525
3670.5               -0.0019769321979446
3671.5               -0.0023254061121136
3672.5               -0.0027353042342249
3673.5               -0.0032174530817386
3674.5               -0.0037845872391529
3675.5               -0.0044516855779442
3676.5               -0.0052363666469546
3677.5               -0.0061593537536986
3678.5               -0.0072450218513431
3679.5               -0.0085220407552988
3680.5               -0.010024131511521
3681.5               -0.011790955845026
3682.5               -0.01386916200774
3683.5               -0.016313614508157
3684.5               -0.01918883987706
3685.5               -0.022570726336824
3686.5               -0.026548521723235
3687.5               -0.031227181731541
3688.5               -0.036730129571172
3689.5               -0.043202498452022
3690.5               -0.05081494082626
3691.5               -0.059768102256275
3692.5               -0.070297874550374
3693.5               -0.082681561990317
3694.5               -0.097245116521538
3695.5               -0.11437162369177
3696.5               -0.1345112502138
3697.5               -0.15819289791885
3698.5               -0.18603784689208
3699.5               -0.21877571371398
3700.5               -0.25726309889285
3701.5               -0.30250535056453
3702.5               -0.35568192944258
3703.5               -0.4181759212174
3704.5               -0.49160830610129
3705.5               -0.57787765780581
3706.5               -0.67920600163696
3707.5               -0.79819160727856
3708.5               -0.93786951667285
3709.5               -1.1017805980607
3710.5               -1.2940498553871
3711.5               -1.5194745831826
3712.5               -1.7836227082424
3713.5               -2.0929412583226
3714.5               -2.4548742923369
3715.5               -2.8779887516239
3716.5               -3.3721054743174
3717.5               -3.9484309753424
3718.5               -4.6196834579337
3719.5               -5.4002038345002
3720.5               -6.3060392895897
3721.5               -7.3549831991171
3722.5               -8.5665512577271
3723.5               -9.9618699044512
3724.5               -11.56345030781
3725.5               -13.394820350252
3726.5               -15.479989653597
3727.5               -17.842730354762
3728.5               -20.505670650233
3729.5               -23.489220062018
3730.5               -26.810374580655
3731.5               -30.481483774709
3732.5               -34.509095284834
3733.5               -38.893016779895
3734.5               -43.625741916018
3735.5               -48.692366765726
3736.5               -54.071073010729
3737.5               -59.734178362196
3738.5               -65.649666706742
3739.5               -71.783030469277
3740.5               -78.099206344058
3741.5               -84.564376873069
3742.5               -91.147446252728
3743.5               -97.821068284716
3744.5               -104.56218804977
3745.5               -111.35213579248
3746.5               -118.17636612254
3747.5               -125.02396137269
3748.5               -131.88701692635
3749.5               -138.7600063929
3750.5               -145.63919539661
3751.5               -152.52214295524
3752.5               -159.4073045611
3753.5               -166.29373362298
3754.5               -173.18086791054
3755.5               -180.06838364595
3756.5               -186.95609997188
3757.5               -193.84391886407
3758.5               -200.73178875543
3759.5               -207.6196833087
3760.5               -126.55922790122
3761.5187209763      -65.762958278122
3762.5755848552      -34.251984632143
3763.6720197814      -17.683219868694
3764.8095073722      -8.9873807308981
3765.9895847196      -4.4776194435928
3767.2138464671      -2.1807413705533
3768.483946965       -1.0362838807449
3769.8016025056      -0.47979238043045
3771.1685936425      -0.21618300160591
3772.5867675969      -0.094696364480295
3774.0580407534      -0.040287098923431
3775.5844012497      -0.016630934649324
3777.1679116635      -0.0066565651884207
3778.8107117992      -0.002583985517974
3780.5150215798      -0.00098067442530064
3782.2831440465      -0.00038823904156947
3784.117468471       -0.00022992395831343
3786.0204735836      -0.00035652834877355
3787.9947309236      -0.00097327521238974
3790                 -4758.2579429988
3792                 -0
3794                 -0
3796                 -0
3798                 -0
