x[nm]                E[kV/cm]            
-8                   -0
-6                   -0
-4                   -0
-2                   -0
0                    -293.22280207705
1.999                -0.00037588759821345
3.997                -0.00021712369639953
5.995                -0.00012541700744339
7.9929999999999      -7.2444543968425e-05
9.9909999999999      -4.1846086155766e-05
11.989               -2.4171522307905e-05
13.987               -1.3962173648361e-05
15.985               -8.0649623338229e-06
17.983               -4.658544710039e-06
19.981               -2.6909138914452e-06
21.979               -1.5543566878496e-06
23.977               -8.9783369261099e-07
25.975               -5.1861973730098e-07
27.973               -2.9957128980777e-07
29.971               -1.7304809570614e-07
31.969               -9.9966748259342e-08
33.967               -5.7736042617945e-08
35.965               -3.3340030769525e-08
37.963               -1.9266092447349e-08
39.961               -1.1131124939585e-08
41.959               -6.4279579323643e-09
43.957               -3.7074114215711e-09
45.955               -2.1426526441214e-09
47.953               -1.2446944820623e-09
49.951               -7.1125398974986e-10
51.948999999999      -4.0897104410617e-10
53.946999999999      -2.4004822154058e-10
55.944999999999      -1.4225079794997e-10
57.942999999999      -8.0016073846859e-11
59.940999999999      -3.5562699487493e-11
61.938999999999      -3.5562699487493e-11
63.936999999999      -1.7781349743746e-11
65.934999999999      -1.7781349743746e-11
67.932999999999      -8.8906748718732e-12
69.930999999999      -8.8906748718732e-12
71.928999999999      -0
73.926999999999      -0
75.924999999999      -0
77.922999999999      -0
79.920999999999      -0
81.918999999999      -0
83.916999999999      -0
85.914999999999      8.8906748718732e-12
87.912999999999      -0
89.910999999999      -0
91.908999999999      -0
93.906999999999      -0
95.904999999999      -0
97.902999999999      -8.8906748718732e-12
99.900999999999      -0
101.899              -0
103.897              -0
105.895              -0
107.893              -0
109.891              -0
111.889              -0
113.887              -0
115.885              -0
117.883              -0
119.881              -0
121.879              -0
123.877              8.8906748718732e-12
125.875              -0
127.873              -0
129.871              -8.8906748718733e-12
131.869              -0
133.867              -0
135.865              -8.8906748718733e-12
137.863              -0
139.861              8.8906748718733e-12
141.859              -0
143.857              -8.8906748718733e-12
145.855              -0
147.853              -0
149.851              -8.8906748718733e-12
151.849              -0
153.847              -0
155.845              -0
157.843              8.8906748718732e-12
159.841              -0
161.839              -0
163.837              -0
165.835              -0
167.833              -0
169.831              -0
171.829              -0
173.827              -0
175.825              -0
177.823              -0
179.821              -0
181.819              -8.8906748718733e-12
183.817              -0
185.815              -0
187.813              -0
189.811              -0
191.809              8.8906748718733e-12
193.807              -0
195.805              8.8906748718732e-12
197.803              -0
199.801              -8.8906748718733e-12
201.799              -0
203.797              -8.8906748718733e-12
205.795              -0
207.793              -0
209.791              8.8906748718732e-12
211.789              -0
213.787              -8.8906748718733e-12
215.785              -0
217.783              -0
219.781              -0
221.779              8.8906748718732e-12
223.777              8.8906748718733e-12
225.775              -8.8906748718733e-12
227.773              -0
229.771              -8.8906748718733e-12
231.769              -0
233.767              8.8906748718732e-12
235.765              8.8906748718733e-12
237.763              -0
239.761              -8.8906748718733e-12
241.759              -0
243.757              -0
245.755              -0
247.753              -0
249.751              -0
251.749              -0
253.747              -0
255.745              -0
257.743              -0
259.741              8.8906748718734e-12
261.739              -0
263.737              -0
265.735              8.8906748718734e-12
267.733              -0
269.731              -0
271.729              -0
273.727              -0
275.725              -0
277.723              -8.8906748718734e-12
279.721              -0
281.719              -0
283.717              -0
285.715              -0
287.713              -0
289.711              -0
291.709              -0
293.707              -0
295.705              -0
297.703              -0
299.701              -0
301.699              -0
303.697              -0
305.695              -0
307.693              -0
309.691              -0
311.689              -0
313.687              8.8906748718732e-12
315.685              -0
317.683              -0
319.681              -0
321.679              -0
323.677              -0
325.675              -0
327.673              -0
329.671              -0
331.669              -0
333.667              -0
335.665              -0
337.663              -0
339.661              -0
341.659              -0
343.657              -0
345.655              -0
347.653              -0
349.651              -0
351.649              -0
353.647              -0
355.645              -0
357.643              -0
359.641              -0
361.639              -0
363.637              -0
365.635              -8.8906748718732e-12
367.633              -0
369.631              -0
371.629              -0
373.627              -0
375.625              -0
377.623              -0
379.621              -0
381.619              -0
383.617              -0
385.615              -0
387.613              -0
389.611              -0
391.609              8.8906748718732e-12
393.607              -0
395.605              -0
397.60299999999      -0
399.60099999999      -0
401.59899999999      -0
403.59699999999      -0
405.59499999999      -0
407.59299999999      -0
409.59099999999      -0
411.58899999999      -0
413.58699999999      -0
415.58499999999      -0
417.58299999999      -0
419.58099999999      -0
421.57899999999      -0
423.57699999999      -8.8906748718732e-12
425.57499999999      8.8906748718732e-12
427.57299999999      -0
429.57099999999      -0
431.56899999999      -0
433.56699999999      -0
435.56499999999      -0
437.56299999999      -0
439.56099999999      -0
441.55899999999      -0
443.55699999999      -0
445.55499999999      -0
447.55299999999      -8.8906748718732e-12
449.55099999999      -0
451.54899999999      -0
453.54699999999      -0
455.54499999999      -0
457.54299999999      -0
459.54099999999      8.8906748718732e-12
461.53899999999      -0
463.53699999999      -0
465.53499999999      -0
467.53299999999      -8.8906748718732e-12
469.53099999999      -0
471.52899999999      -0
473.52699999999      -0
475.52499999999      -0
477.52299999999      -0
479.52099999999      -0
481.51899999999      -0
483.51699999999      -0
485.51499999999      -0
487.51299999999      8.8906748718732e-12
489.51099999999      -0
491.50899999999      -0
493.50699999999      -0
495.50499999999      -8.8906748718732e-12
497.50299999999      -0
499.50099999999      -0
501.49899999999      -0
503.49699999999      -0
505.49499999999      -0
507.49299999999      -0
509.49099999999      8.8906748718734e-12
511.48899999999      -0
513.48699999999      -0
515.48499999999      -8.8906748718729e-12
517.48299999999      8.8906748718734e-12
519.48099999999      -8.8906748718729e-12
521.47899999999      -0
523.47699999999      -0
525.47499999999      -0
527.47299999999      -0
529.47099999999      -0
531.46899999999      -0
533.46699999999      -0
535.46499999999      -0
537.46299999999      -0
539.46099999999      8.8906748718729e-12
541.45899999999      -8.8906748718734e-12
543.45699999999      8.8906748718729e-12
545.45499999999      -0
547.45299999999      -0
549.45099999999      -0
551.44899999999      -0
553.44699999999      -8.8906748718734e-12
555.44499999999      -0
557.44299999999      -8.8906748718729e-12
559.44099999999      -0
561.43899999999      -0
563.43699999999      -0
565.43499999999      8.8906748718734e-12
567.43299999999      -8.8906748718729e-12
569.43099999999      -0
571.42899999999      -0
573.42699999999      8.8906748718729e-12
575.42499999999      -0
577.42299999999      -0
579.42099999999      -0
581.41899999999      -0
583.41699999999      -0
585.41499999999      -0
587.41299999999      -0
589.41099999999      -0
591.40899999999      -0
593.40699999999      -0
595.40499999999      -0
597.40299999999      -0
599.40099999999      8.8906748718734e-12
601.39899999999      -0
603.39699999999      -0
605.39499999999      -0
607.39299999999      -0
609.39099999999      -0
611.38899999999      -8.8906748718734e-12
613.38699999999      -0
615.38499999999      -8.8906748718729e-12
617.38299999999      -0
619.38099999999      -0
621.37899999999      -0
623.37699999999      8.8906748718734e-12
625.37499999999      -8.8906748718729e-12
627.37299999999      -0
629.37099999999      -0
631.369              8.8906748718729e-12
633.36699999999      8.8906748718734e-12
635.365              -0
637.363              8.8906748718729e-12
639.361              -0
641.359              -0
643.357              -0
645.355              -8.8906748718734e-12
647.353              -0
649.351              -0
651.349              -8.8906748718729e-12
653.347              8.8906748718729e-12
655.345              -0
657.343              -8.8906748718734e-12
659.341              -0
661.339              -0
663.337              -0
665.335              -0
667.333              -0
669.331              -0
671.329              -8.8906748718729e-12
673.327              -0
675.325              -0
677.323              -0
679.321              8.8906748718729e-12
681.319              8.8906748718734e-12
683.317              -0
685.315              8.8906748718729e-12
687.313              -0
689.311              -0
691.309              -0
693.307              -8.8906748718729e-12
695.305              -0
697.303              -0
699.301              -0
701.299              -0
703.297              -0
705.295              -8.8906748718729e-12
707.293              8.8906748718729e-12
709.291              -0
711.289              8.8906748718729e-12
713.287              -0
715.285              -8.8906748718734e-12
717.283              -8.8906748718729e-12
719.281              -0
721.279              -0
723.277              -0
725.275              8.8906748718729e-12
727.273              -0
729.271              -0
731.269              8.8906748718729e-12
733.267              -0
735.265              -8.8906748718729e-12
737.263              -0
739.261              -0
741.259              -0
743.257              -0
745.255              -0
747.253              -0
749.251              -0
751.249              -0
753.247              -0
755.245              -0
757.243              -8.8906748718729e-12
759.241              -0
761.239              -0
763.237              8.8906748718729e-12
765.235              -0
767.233              -0
769.231              -0
771.229              -0
773.227              -0
775.225              -0
777.223              -0
779.221              -0
781.219              -0
783.217              -8.8906748718729e-12
785.215              -0
787.213              -0
789.211              -0
791.209              -0
793.207              -0
795.205              -0
797.203              -0
799.201              8.8906748718729e-12
801.199              -0
803.197              -8.8906748718729e-12
805.195              -0
807.193              -0
809.191              -0
811.189              8.8906748718729e-12
813.187              -0
815.185              -0
817.183              -8.8906748718729e-12
819.181              8.8906748718734e-12
821.179              -0
823.177              -8.8906748718729e-12
825.175              8.8906748718729e-12
827.173              -0
829.171              -0
831.169              -0
833.167              -0
835.165              -0
837.163              -0
839.161              -0
841.159              -0
843.157              -0
845.155              -0
847.153              -0
849.151              -0
851.149              -8.8906748718729e-12
853.147              8.8906748718729e-12
855.145              -0
857.143              -0
859.141              8.8906748718729e-12
861.139              -0
863.137              -0
865.135              -0
867.133              -0
869.131              -8.8906748718729e-12
871.129              -0
873.127              -0
875.125              -0
877.123              -0
879.121              -0
881.119              -0
883.117              -0
885.115              -0
887.113              8.8906748718729e-12
889.111              8.8906748718734e-12
891.109              1.7781349743746e-11
893.107              3.5562699487492e-11
895.105              5.3344049231237e-11
897.103              8.8906748718729e-11
899.101              1.6003214769371e-10
901.099              2.7561092102808e-10
903.097              4.7120576820926e-10
905.095              8.1794208821231e-10
907.093              1.4136173046278e-09
909.091              2.4360449148932e-09
911.089              4.2230705641396e-09
913.087              7.3170254195518e-09
915.085              1.2660321017547e-08
917.083              2.1924404234039e-08
919.081              3.7963181702897e-08
921.079              6.5702087303141e-08
923.077              1.1376507566049e-07
925.075              1.9694622976174e-07
927.073              3.4094849066145e-07
929.071              5.9026968609339e-07
931.069              1.0218674977485e-06
933.067              1.7690753766801e-06
935.065              3.0626507891879e-06
937.063              5.3020962106397e-06
939.061              9.1790705833667e-06
941.059              1.5890943327089e-05
943.057              2.7510619741558e-05
945.055              4.7626776285431e-05
947.053              8.2452145433779e-05
949.051              0.00014274233669161
951.049              0.00024711755275819
953.047              0.00042781338031708
955.045              0.00074063649663229
957.043              0.0012822000962921
959.041              0.0022197620362884
961.039              0.0038428806438863
963.037              0.0066528407518819
965.035              0.011517465988827
967.033              0.019939121478365
969.031              0.034518652778767
971.029              0.059758469804183
973.027              0.103452576991
975.025              0.17909217205221
977.023              0.31002773349998
979.021              0.53666693299968
981.019              0.92891312641227
983.017              1.6076311896078
985.015              2.7816060487238
987.013              4.8109158199357
989.011              8.3148145253625
991.009              14.353007872346
993.007              24.722973868712
995.005              42.424958343473
997.003              72.316398140157
999.001              121.78383953491
1001                 129.78541091813
1003                 92.365695319163
1005                 68.712211410871
1007                 52.92989764901
1009                 41.884421059368
1011                 33.837314497163
1013                 27.778525650444
1015                 23.093396291065
1017                 19.391305051704
1019                 16.414095327342
1021                 13.985132249257
1023                 11.979821201713
1025                 10.307900995459
1027                 8.902439580174
1029                 7.7127795853738
1031                 6.6998872070911
1033                 5.8332069185241
1035                 5.0884851819344
1037                 4.4462330485207
1039                 3.8906194167154
1041                 3.4086605051353
1043                 2.9896168615284
1045                 2.6245382601431
1047                 2.3059156363825
1049                 2.0274116143959
1051                 1.7836495156764
1053                 1.5700464256252
1055                 1.3826798374605
1057                 1.2181801637201
1059                 1.073643378664
1061                 0.94655947650679
1063                 0.83475346710493
1065                 0.7363363940982
1067                 0.64966442874237
1069                 0.57330451951998
1071                 0.50600540114409
1073                 0.44667301346557
1075                 0.39434957209039
1077                 0.34819567942712
1079                 0.30747498166228
1081                 0.27154096770232
1083                 0.23982557864066
1085                 0.211829354404
1087                 0.18711289019535
1089                 0.16528941347183
1091                 0.14601832218908
1093                 0.12899955072143
1095                 0.11396864996627
1097                 0.10069248527422
1099                 0.088965470386171
1101                 0.07860626690892
1103                 0.069454889066733
1105                 0.061370161894558
1107                 0.054227488037739
1109                 0.047916884273747
1111                 0.042341254404832
1113                 0.037414868963026
1115                 0.033062026680852
1117                 0.029215875079203
1119                 0.02581737141405
1121                 0.022814366422708
1123                 0.020160796641022
1125                 0.017815971746771
1127                 0.015743946146785
1129                 0.013912964167417
1131                 0.012294970694882
1133                 0.010865178960984
1135                 0.0096016892126016
1137                 0.0084851518522555
1139                 0.0074984701559089
1141                 0.0066265375409102
1143                 0.005856005778071
1145                 0.0051750800356132
1147                 0.0045733380105162
1149                 0.0040415700297558
1151                 0.0035716379365169
1153                 0.0031563503100074
1155                 0.0027893522691613
1157                 0.0024650281549299
1159                 0.0021784155102011
1161                 0.0019251289629096
1163                 0.0017012932485017
1165                 0.0015034837641537
1167                 0.0013286741840091
1169                 0.0011741901317919
1171                 0.0010376681824908
1173                 0.00091701977567027
1175                 0.00081039923216508
1177                 0.00071617547448
1179                 0.00063290709562125
1181                 0.00055932026121752
1183                 0.00049428931170326
1185                 0.00043681943395768
1187                 0.00038603150009919
1189                 0.00034114857605516
1191                 0.00030148412655251
1193                 0.00026643137474025
1195                 0.00023545411842463
1197                 0.00020807854106408
1199                 0.00018388583100659
1201                 0.00016250596424072
1203                 0.00014361188682699
1205                 0.00012691454998048
1207                 0.00011215857576019
1209                 9.9118242502527e-05
1211                 8.7594074216213e-05
1213                 7.7409776366721e-05
1215                 6.8409597986374e-05
1217                 6.0455818129412e-05
1219                 5.3426800761258e-05
1221                 4.7215049647775e-05
1223                 4.1725503052703e-05
1225                 3.6874219233596e-05
1227                 3.2586973119919e-05
1229                 2.8798190498946e-05
1231                 2.5449926610577e-05
1233                 2.2490942441777e-05
1235                 1.9875985302065e-05
1237                 1.7565069398984e-05
1239                 1.5522836349646e-05
1241                 1.3718048919031e-05
1243                 1.2123102521855e-05
1245                 1.0713590015143e-05
1247                 9.4679464268665e-06
1249                 8.3671380934902e-06
1251                 7.3943162703927e-06
1253                 6.5346128508281e-06
1255                 5.7748472670482e-06
1257                 5.1034376724601e-06
1259                 4.5100723156111e-06
1261                 3.9857095401885e-06
1263                 3.52230244971e-06
1265                 3.1127722621704e-06
1267                 2.750857319711e-06
1269                 2.4310153889928e-06
1271                 2.1483703704916e-06
1273                 1.8985879535194e-06
1275                 1.6778489708713e-06
1277                 1.4827605809842e-06
1279                 1.3103651497204e-06
1281                 1.1580247871734e-06
1283                 1.0233858205311e-06
1285                 9.0439655764385e-07
1287                 7.9924511453555e-07
1289                 7.0631500648233e-07
1291                 6.2419402979685e-07
1293                 5.5162097112316e-07
1295                 4.8748560743661e-07
1297                 4.3081094247555e-07
1299                 3.8071767960446e-07
1301                 3.364508671666e-07
1303                 2.9733548956301e-07
1305                 2.6276758546828e-07
1307                 2.322142478306e-07
1309                 2.0522250565591e-07
1311                 1.8135715151857e-07
1313                 1.6027179583489e-07
1315                 1.4164669437378e-07
1317                 1.2517098468834e-07
1319                 1.1062262217365e-07
1321                 9.7761798656393e-08
1323                 8.6393114884231e-08
1325                 7.6347816957423e-08
1327                 6.7474914544619e-08
1329                 5.9632299098666e-08
1331                 5.2686743856611e-08
1333                 4.6567194544878e-08
1335                 4.1158187968904e-08
1337                 3.637090628672e-08
1339                 3.2143177008948e-08
1341                 2.8412827646207e-08
1343                 2.5108803924923e-08
1345                 2.2186696924109e-08
1347                 1.9602097722782e-08
1349                 1.7310597399955e-08
1351                 1.5303314171433e-08
1353                 1.3518075547836e-08
1355                 1.1945999744967e-08
1357                 1.0551559626037e-08
1359                 9.3258734068513e-09
1361                 8.2422957348172e-09
1363                 7.283063041541e-09
1365                 6.4304117586289e-09
1367                 5.6843418860808e-09
1369                 5.0270898555027e-09
1371                 4.4408920985006e-09
1373                 3.9257486150746e-09
1375                 3.4638958368305e-09
1377                 3.0730973321624e-09
1379                 2.7089441800854e-09
1381                 2.4069635173873e-09
1383                 2.1227464230833e-09
1385                 1.8740564655673e-09
1387                 1.6697754290362e-09
1389                 1.4654943925052e-09
1391                 1.2967404927622e-09
1393                 1.1457501614132e-09
1395                 1.0214051826551e-09
1397                 9.0594198809413e-10
1399                 7.9047879353311e-10
1401                 7.016609515631e-10
1403                 6.3060667798709e-10
1405                 5.5067062021408e-10
1407                 4.7961634663807e-10
1409                 4.3520742565306e-10
1411                 3.7303493627405e-10
1413                 3.2862601528905e-10
1415                 2.8421709430404e-10
1417                 2.4868995751604e-10
1419                 2.2204460492503e-10
1421                 1.9539925233403e-10
1423                 1.6875389974302e-10
1425                 1.5987211554602e-10
1427                 1.3322676295502e-10
1429                 1.1546319456102e-10
1431                 1.0658141036402e-10
1433                 8.8817841970013e-11
1435                 8.8817841970013e-11
1437                 7.105427357601e-11
1439                 7.105427357601e-11
1441                 6.2172489379009e-11
1443                 5.3290705182008e-11
1445                 4.4408920985006e-11
1447                 4.4408920985006e-11
1449                 4.4408920985006e-11
1451                 3.5527136788005e-11
1453                 3.5527136788005e-11
1455                 2.6645352591004e-11
1457                 1.7763568394003e-11
1459                 2.6645352591004e-11
1461                 1.7763568394003e-11
1463                 3.5527136788005e-11
1465                 1.7763568394003e-11
1467                 1.7763568394003e-11
1469                 -0
1471                 8.8817841970013e-12
1473                 8.8817841970013e-12
1475                 -0
1477                 -8.8817841970013e-12
1479                 -0
1481                 -0
1483                 -8.8817841970013e-12
1485                 -8.8817841970013e-12
1487                 -0
1489                 -0
1491                 -0
1493                 -0
1495                 8.8817841970013e-12
1497                 -0
1499                 8.8817841970013e-12
1501                 -0
1503                 8.8817841970013e-12
1505                 -0
1507                 -0
1509                 8.8817841970013e-12
1511                 -0
1513                 -0
1515                 8.8817841970013e-12
1517                 -8.8817841970013e-12
1519                 -0
1521                 8.8817841970013e-12
1523                 8.8817841970013e-12
1525                 8.8817841970013e-12
1527                 1.7763568394003e-11
1529                 1.7763568394003e-11
1531                 2.6645352591004e-11
1533                 3.5527136788005e-11
1535                 3.5527136788005e-11
1537                 4.4408920985006e-11
1539                 3.5527136788005e-11
1541                 4.4408920985006e-11
1543                 4.4408920985006e-11
1545                 5.3290705182008e-11
1547                 5.3290705182008e-11
1549                 6.2172489379009e-11
1551                 6.2172489379009e-11
1553                 7.105427357601e-11
1555                 7.105427357601e-11
1557                 7.9936057773011e-11
1559                 7.9936057773011e-11
1561                 9.7699626167014e-11
1563                 1.0658141036402e-10
1565                 1.2434497875802e-10
1567                 1.4210854715202e-10
1569                 1.6875389974302e-10
1571                 1.9539925233403e-10
1573                 2.1316282072803e-10
1575                 2.5757174171304e-10
1577                 2.8421709430404e-10
1579                 3.1974423109205e-10
1581                 3.5527136788005e-10
1583                 3.9968028886506e-10
1585                 4.6185277824407e-10
1587                 5.2402526762307e-10
1589                 6.0396132539609e-10
1591                 6.750155989721e-10
1593                 7.5495165674511e-10
1595                 8.7041485130612e-10
1597                 9.8587804586714e-10
1599                 1.1102230246252e-09
1601                 1.2612133559742e-09
1603                 1.4210854715202e-09
1605                 1.6076029396572e-09
1607                 1.8296475445823e-09
1609                 2.0694557179013e-09
1611                 2.3270274596143e-09
1613                 2.6467716907064e-09
1615                 3.0020430585864e-09
1617                 3.3928415632545e-09
1619                 3.8369307731045e-09
1621                 4.3431924723336e-09
1623                 4.9027448767447e-09
1625                 5.5511151231258e-09
1627                 6.2794214272799e-09
1629                 7.105427357601e-09
1631                 8.0380146982861e-09
1633                 9.0860652335323e-09
1635                 1.0293987884324e-08
1637                 1.1644019082269e-08
1639                 1.318056774835e-08
1641                 1.4912515666765e-08
1643                 1.6884271758499e-08
1645                 1.9095836023553e-08
1647                 2.1600499167107e-08
1649                 2.4460433678541e-08
1651                 2.7675639557856e-08
1653                 3.1317171078626e-08
1655                 3.5447200730232e-08
1657                 4.0101255649461e-08
1659                 4.5385917246676e-08
1661                 5.1345594442864e-08
1663                 5.8104632216782e-08
1665                 6.57518484104e-08
1667                 7.4402706218279e-08
1669                 8.4199314187572e-08
1671                 9.5266017297035e-08
1673                 1.0778933301481e-07
1675                 1.2198242416162e-07
1677                 1.3804068998979e-07
1679                 1.5620393867266e-07
1681                 1.7674750552032e-07
1683                 2.0000889833227e-07
1685                 2.2632562490799e-07
1687                 2.5608848375214e-07
1689                 2.8978597299556e-07
1691                 3.2790659076909e-07
1693                 3.7105429839812e-07
1695                 4.1985970256064e-07
1697                 4.7509551848179e-07
1699                 5.3759663387609e-07
1701                 6.0833116322101e-07
1703                 6.8836492062019e-07
1705                 7.7894135586121e-07
1707                 8.8141050014201e-07
1709                 9.9736219283386e-07
1711                 1.1285816725604e-06
1713                 1.2770495771974e-06
1715                 1.4450751706363e-06
1717                 1.6351897613731e-06
1719                 1.8503243381929e-06
1721                 2.0937562794643e-06
1723                 2.3692248163343e-06
1725                 2.680931032728e-06
1727                 3.0336355649752e-06
1729                 3.4327385378674e-06
1731                 3.8843595007165e-06
1733                 4.3953818362752e-06
1735                 4.9736659235577e-06
1737                 5.6280047289192e-06
1739                 6.3684346685022e-06
1741                 7.2062888989421e-06
1743                 8.1543927166194e-06
1745                 9.2272056662068e-06
1747                 1.0441167930253e-05
1749                 1.1814851319514e-05
1751                 1.3369234608263e-05
1753                 1.51281476235e-05
1755                 1.7118448880638e-05
1757                 1.9370602899471e-05
1759                 2.1919062120901e-05
1761                 2.4802808695767e-05
1763                 2.8065931800825e-05
1765                 3.1758382590397e-05
1767                 3.5936604803055e-05
1769                 4.0664547285019e-05
1771                 4.6014489996082e-05
1773                 5.2068287459406e-05
1775                 5.8918558920595e-05
1777                 6.667005614247e-05
1779                 7.5441368707629e-05
1781                 8.5366647084584e-05
1783                 9.6597734255965e-05
1785                 0.00010930641280993
1787                 0.00012368707835719
1789                 0.0001399596882834
1791                 0.00015837318123602
1793                 0.00017920918082837
1795                 0.00020278640988636
1797                 0.00022946551325731
1799                 0.00025965458227972
1801                 0.00029381536315043
1803                 0.00033247038899731
1805                 0.00037621094683971
1807                 0.00042570603930869
1809                 0.00048171275857101
1811                 0.00054508774383066
1813                 0.00061680036189671
1815                 0.00069794748647212
1817                 0.00078977027584415
1819                 0.00089367318878431
1821                 0.0010112453807665
1823                 0.0011442851111099
1825                 0.0012948271610469
1827                 0.0014651739466132
1829                 0.001657930770449
1831                 0.0018760455855471
1833                 0.0021228540969531
1835                 0.0024021306987976
1837                 0.0027181462503023
1839                 0.0030757332059039
1841                 0.003480359564989
1843                 0.0039382123340204
1845                 0.0044562920376023
1847                 0.0050425195929904
1849                 0.0057058573421642
1851                 0.0064564456891958
1853                 0.0073057579452751
1855                 0.0082667752820953
1857                 0.0093541846890588
1859                 0.010584602812003
1861                 0.011976829128457
1863                 0.013552132136496
1865                 0.01533457304248
1867                 0.017351371619512
1869                 0.019633319823242
1871                 0.022215249240176
1873                 0.025136559322902
1875                 0.028441814317048
1877                 0.032181417415345
1879                 0.036412372299566
1881                 0.041199142861714
1883                 0.046614623760988
1885                 0.052741235441189
1887                 0.05967215943592
1889                 0.067512731041219
1891                 0.076382008957765
1893                 0.086414543032376
1895                 0.097762364275056
1897                 0.11059722322848
1899                 0.12511310581331
1901                 0.14152905831288
1903                 0.1600923563494
1905                 0.18108205534162
1907                 0.20481296296282
1909                 0.23164007699528
1911                 0.26196353391406
1913                 0.29623411587743
1915                 0.33495936449413
1917                 0.37871034987091
1919                 0.42812914089474
1921                 0.4839370197196
1923                 0.54694347519479
1925                 0.6180559994462
1927                 0.69829069593297
1929                 0.78878368373836
1931                 0.8908032538546
1933                 1.0057626908999
1935                 1.1352336233195
1937                 1.2809596969987
1939                 1.4448702855052
1941                 1.6290938480346
1943                 1.8359704250415
1945                 2.0680626183101
1947                 2.3281642396622
1949                 2.6193056314128
1951                 2.9447544701178
1953                 3.3080106731109
1955                 3.7127938509585
1957                 4.1630216131505
1959                 4.6627769705943
1961                 5.2162631262576
1963                 5.8277441543364
1965                 6.5014704868105
1967                 7.2415888059485
1969                 8.0520369173964
1971                 8.9364254609858
1973                 9.897909875205
1975                 10.939057774539
1977                 12.061718665892
1979                 13.266904484475
1981                 14.554690479347
1983                 15.924146207711
1985                 17.373305532873
1987                 18.899182403969
1989                 20.497835860844
1991                 22.164483427076
1993                 23.893657342571
1995                 25.679393625015
1997                 27.51544046367
1999                 29.395470541127
2001                 25.769116672212
2003                 21.676398438384
2005                 18.374631813423
2007                 15.675363034928
2009                 13.443789796064
2011                 11.581318073359
2013                 10.014364588331
2015                 8.6870016366536
2017                 7.5560183000345
2019                 6.5875345508637
2021                 5.7546343819137
2023                 5.0356810304386
2025                 4.4130973806844
2027                 3.8724692156933
2029                 3.4018762335197
2031                 2.9913862207209
2033                 2.6326677805155
2035                 2.3186903614292
2037                 2.0434893780941
2039                 1.8019804359959
2041                 1.5898110075963
2043                 1.4032409689779
2045                 1.2390455946232
2047                 1.0944361889909
2049                 0.96699469009032
2051                 0.85461943232445
2053                 0.75547989229818
2055                 0.66797871849822
2057                 0.59071970838431
2059                 0.52248067365035
2061                 0.46219034772754
2063                 0.40890865538046
2065                 0.36180979402722
2067                 0.32016767820942
2069                 0.28334337991431
2071                 0.25077426156095
2073                 0.22196455063295
2075                 0.19647714665005
2077                 0.17392648517855
2079                 0.15397231150516
2081                 0.13631423903426
2083                 0.12068698716838
2085                 0.10685620787321
2087                 0.094614824597272
2089                 0.083779816755225
2091                 0.074189393588497
2093                 0.065700507789757
2095                 0.058186666720417
2097                 0.051536004388453
2099                 0.045649582229856
2101                 0.040439890724997
2103                 0.035829527709197
2105                 0.03175003211453
2107                 0.028140854686498
2109                 0.024948449244278
2111                 0.022125470477974
2113                 0.019630065670739
2115                 0.017425249332348
2117                 0.015478351320652
2119                 0.013760529782303
2121                 0.012246341531963
2123                 0.010913363412968
2125                 0.0097418588396181
2127                 0.008714484378558
2129                 0.0078160322125598
2131                 0.0070332042767518
2133                 0.006354414905374
2135                 0.0057696189159628
2137                 0.0052701626973573
2139                 0.0048486558146266
2141                 0.0044988614700259
2143                 0.0042156040880315
2145                 0.0039946925589618
2147                 0.0038328581375424
2149                 0.0037277060105367
2151                 0.0036776797340821
2153                 0.0036820382032232
2155                 0.0037408445141551
2157                 0.0038549668968102
2159                 0.0040260914602186
2161                 0.0042567469993315
2163                 0.0045503423251603
2165                 0.0049112165534382
2167                 0.0053447030712306
2169                 0.0058572083183606
2171                 0.0064563061563661
2173                 0.0071508497523354
2175                 0.0079511019546175
2177                 0.0088688867627695
2179                 0.0099177634904635
2181                 0.011113226507931
2183                 0.012472933530461
2185                 0.014016965428354
2187                 0.015768121661708
2189                 0.017752255478953
2191                 0.019998653710829
2193                 0.02254046667538
2195                 0.025415194304657
2197                 0.028665235536351
2199                 0.03233850865314
2201                 0.0364891514959
2203                 0.041178311267487
2205                 0.046475035153648
2207                 0.05245727384029
2209                 0.059213012209014
2211                 0.066841541963569
2213                 0.075454894101767
2215                 0.085179449573758
2217                 0.096157749922554
2219                 0.10855053069747
2221                 0.12253900381509
2223                 0.13832741680986
2225                 0.156145920025
2227                 0.17625377514818
2229                 0.19894294137401
2231                 0.22454207797118
2233                 0.25342100436809
2235                 0.28599566102905
2237                 0.32273361560087
2239                 0.36416015955609
2241                 0.41086503968835
2243                 0.46350986657728
2245                 0.52283623749538
2247                 0.58967460331516
2249                 0.66495389799748
2251                 0.7497119320643
2253                 0.84510652949454
2255                 0.95242735626222
2257                 1.0731083494875
2259                 1.2087406043282
2261                 1.3610855111956
2263                 1.532087855276
2265                 1.7238884924797
2267                 1.9388360986206
2269                 2.1794973517331
2271                 2.4486647508404
2273                 2.7493611019391
2275                 3.0848395183014
2277                 3.4585775980656
2279                 3.8742642735556
2281                 4.3357776950614
2283                 4.8471524489191
2285                 5.4125344529332
2287                 6.0361220678562
2289                 6.7220923632672
2291                 7.4745121268194
2293                 8.2972341490883
2295                 9.1937805653064
2297                 10.16721656578
2299                 11.220019518001
2301                 12.35395031844
2303                 13.569935382822
2305                 14.867968790755
2307                 16.247044401689
2309                 17.705126955381
2311                 19.2391690834
2313                 20.845177797089
2315                 22.51832965257
2317                 24.253128948066
2319                 26.043598704453
2321                 27.883490586049
2323                 29.766497983639
2325                 31.686456561024
2327                 33.637518631728
2329                 35.61429137128
2331                 37.611933404573
2333                 39.62620895515
2335                 41.653502805765
2337                 43.690802309921
2339                 45.735654400501
2341                 47.786106001881
2343                 49.840635700438
2345                 51.898083285931
2347                 53.957582187518
2349                 56.018498180945
2351                 58.080376252052
2353                 60.142896288315
2355                 62.205837381795
2357                 64.269049953563
2359                 66.332434603735
2361                 68.395926490972
2363                 70.459484086181
2365                 72.523081270113
2367                 74.586701908572
2369                 76.650336211923
2371                 78.713978344664
2373                 80.777624889148
2375                 82.841273878591
2377                 84.904924200702
2379                 86.968575237281
2381                 89.032226650598
2383                 91.095878259333
2385                 93.159529967775
2387                 95.223181726265
2389                 97.286833509456
2391                 99.350485304637
2393                 101.41413710556
2395                 103.47778890917
2397                 105.54144071403
2399                 107.60509251944
2401                 109.66874432513
2403                 111.73239613091
2405                 113.79604793675
2407                 115.8596997426
2409                 117.92335154847
2411                 119.98700335433
2413                 122.05065516021
2415                 124.11430696608
2417                 126.17795877195
2419                 128.24161057782
2421                 130.30526238371
2423                 132.36891418957
2425                 134.43256599546
2427                 136.49621780133
2429                 138.5598696072
2431                 140.62352141308
2433                 142.68717321894
2435                 144.75082502482
2437                 146.81447683069
2439                 148.87812863656
2441                 150.94178044245
2443                 153.00543224831
2445                 155.0690840542
2447                 157.13273586005
2449                 159.19638766594
2451                 161.2600394718
2453                 163.32369127768
2455                 165.38734308355
2457                 167.45099488942
2459                 169.51464669529
2461                 171.57829850117
2463                 173.64195030704
2465                 175.70560211292
2467                 177.76925391878
2469                 179.83290572466
2471                 181.89655753053
2473                 183.96020933641
2475                 186.02386114229
2477                 188.08751294817
2479                 190.15116475403
2481                 192.21481655991
2483                 194.27846836579
2485                 196.34212017166
2487                 198.40577197754
2489                 200.4694237834
2491                 202.53307558929
2493                 204.59672739515
2495                 206.66037920102
2497                 208.72403100689
2499                 210.78768281277
2501                 212.85133461864
2503                 214.91498642451
2505                 216.97863823039
2507                 219.04229003627
2509                 221.10594184213
2511                 223.16959364801
2513                 225.23324545388
2515                 227.29689725977
2517                 229.36054906563
2519                 231.4242008715
2521                 233.48785267737
2523                 235.55150448324
2525                 237.61515628911
2527                 239.67880809499
2529                 241.74245990086
2531                 243.80611170673
2533                 245.86976351261
2535                 247.93341531848
2537                 249.99706712435
2539                 252.06071893022
2541                 254.1243707361
2543                 256.18802254197
2545                 258.25167434784
2547                 260.31532615371
2549                 262.37897795959
2551                 282.14666022498
2553                 282.2901584659
2555                 282.43365670682
2557                 282.57715494774
2559                 282.72065318866
2561                 282.86415142957
2563                 283.00764967049
2565                 283.15114791141
2567                 283.29464615233
2569                 283.43814439324
2571                 283.58164263416
2573                 283.72514087508
2575                 283.868639116
2577                 284.01213735691
2579                 284.15563559783
2581                 284.29913383874
2583                 284.44263207966
2585                 284.58613032059
2587                 284.72962856151
2589                 284.87312680242
2591                 285.01662504334
2593                 285.16012328426
2595                 285.30362152518
2597                 285.4471197661
2599                 285.59061800701
2601                 285.73411624793
2603                 285.87761448885
2605                 286.02111272976
2607                 286.16461097068
2609                 286.3081092116
2611                 286.45160745251
2613                 286.59510569343
2615                 286.73860393435
2617                 286.88210217527
2619                 287.02560041618
2621                 287.1690986571
2623                 287.31259689801
2625                 287.45609513892
2627                 287.59959337985
2629                 287.74309162077
2631                 287.88658986168
2633                 288.0300881026
2635                 288.17358634352
2637                 288.31708458444
2639                 288.46058282536
2641                 288.60408106627
2643                 288.74757930719
2645                 288.89107754811
2647                 289.03457578902
2649                 289.17807402995
2651                 289.32157227087
2653                 289.46507051178
2655                 289.6085687527
2657                 289.75206699362
2659                 289.89556523453
2661                 290.03906347545
2663                 290.18256171637
2665                 290.32605995728
2667                 290.4695581982
2669                 290.61305643912
2671                 290.75655468003
2673                 290.90005292095
2675                 291.04355116187
2677                 291.18704940278
2679                 291.3305476437
2681                 291.47404588462
2683                 291.61754412554
2685                 291.76104236646
2687                 291.90454060738
2689                 292.0480388483
2691                 292.19153708921
2693                 292.33503533013
2695                 292.47853357105
2697                 292.62203181196
2699                 292.76553005288
2701                 292.9090282938
2703                 293.05252653472
2705                 293.19602477563
2707                 293.33952301655
2709                 293.48302125747
2711                 293.62651949838
2713                 293.7700177393
2715                 293.91351598022
2717                 294.05701422114
2719                 294.20051246206
2721                 294.34401070297
2723                 294.48750894389
2725                 294.63100718481
2727                 294.77450542573
2729                 294.91800366665
2731                 295.06150190756
2733                 295.20500014848
2735                 295.34849838939
2737                 295.49199663031
2739                 295.63549487123
2740.9774419792      276.20661370087
2742.8832025866      276.33430286707
2744.6931852871      276.45557475241
2746.4122035958      276.57075187049
2748.0448291145      276.68014052635
2749.5954036903      276.784031631
2751.0680509614      276.88270147518
2752.4666873243      276.97641246408
2753.795032349       277.06541381524
2755.0566186707      277.1499422217
2756.2548013851      277.23022248209
2757.3927669703      277.30646810091
2758.4735417618      277.37888186267
2759.5               277.44765638775
2760.5               293.69826892086
2761.5               286.81035335694
2762.5               279.9224377933
2763.5               273.03452223046
2764.5               266.1466066699
2765.5               259.25869111563
2766.5               252.37077557823
2767.5               245.48286008493
2768.5               238.59494470374
2769.5               231.70702959989
2770.5               224.81911516356
2771.5               217.9312022903
2772.5               211.04329297781
2773.5               204.15539155624
2774.5               197.2675071446
2775.5               190.37965839747
2776.5               183.49188237709
2777.5               176.60425058068
2778.5               169.71689689822
2779.5               162.83006465316
2780.5               155.9441828426
2781.5               149.05998495928
2782.5               142.17868668674
2783.5               135.30224016904
2784.5               128.43368083509
2785.5               121.57757596087
2786.5               114.74057050657
2787.5               107.93200444968
2788.5               101.16454799634
2789.5               94.454770702002
2790.5               87.823534839582
2791.5               81.296091741156
2792.5               74.901771560374
2793.5               68.673197397977
2794.5               62.645021984071
2795.5               56.852267823555
2796.5               51.328430971831
2797.5               46.103563278468
2798.5               41.202562029203
2799.5               36.643864707868
2800.5               32.438678506064
2801.5               28.590787478033
2802.5               25.096896171821
2803.5               21.947404507732
2804.5               19.127473645857
2805.5               16.618236690251
2806.5               14.398024886901
2807.5               12.443510137388
2808.5               10.730699133961
2809.5               9.2357464587778
2810.5               7.9355796987679
2811.5               6.8083476676772
2812.5               5.8337136204578
2813.5               4.9930202543713
2814.5               4.2693539756988
2815.5               3.6475339232722
2816.5               3.1140478299352
2817.5               2.6569528684939
2818.5               2.2657557487538
2819.5               1.9312828336537
2820.5               1.6455480738142
2821.5               1.4016241538162
2822.5               1.1935203653102
2823.5               1.0160693048866
2824.5               0.86482345903249
2825.5               0.73596200771409
2826.5               0.62620768257027
2827.5               0.53275319714663
2828.5               0.45319657762333
2829.5               0.38548462577337
2830.5               0.32786371312765
2831.5               0.27883711505083
2832.5               0.23712813034482
2833.5               0.2016482844569
2834.5               0.1714699752986
2835.5               0.14580298391298
2836.5               0.12397433501121
2837.5               0.10541105202044
2838.5               0.089625406856086
2839.5               0.07620231518457
2840.5               0.064788573552743
2841.5               0.055083675323253
2842.5               0.046831978246509
2843.5               0.039816027919137
2844.5               0.033850868843555
2845.5               0.028779198670836
2846.5               0.024467241837023
2847.5               0.020801236684242
2848.5               0.017684445470234
2849.5               0.015034609888165
2850.5               0.012781786047356
2851.5               0.010866502557771
2852.5               0.0092381936744879
2853.5               0.0078538665393424
2854.5               0.0066769676587697
2855.5               0.0056764188594016
2856.5               0.0048257974616384
2857.5               0.0041026391284227
2858.5               0.0034878450261289
2859.5               0.0029651777455619
2860.5               0.0025208326781545
2861.5               0.0021430735874794
2862.5               0.0018219227415628
2863.5               0.0015488974614009
2864.5               0.0013167861223629
2865.5               0.0011194577242968
2866.5               0.00095169996328082
2867.5               0.00080908159949544
2868.5               0.00068783540196904
2869.5               0.00058475866149266
2870.5               0.00049712860272777
2871.5               0.0004226304572974
2872.5               0.00035929634378817
2873.5               0.00030545326268339
2874.5               0.00025967892947065
2875.5               0.00022076419359252
2876.5               0.00018768110177092
2877.5               0.0001595557352907
2878.5               0.00013564515732867
2879.5               0.0001153177509039
2880.5               9.8036547768743e-05
2881.5               8.3345057522166e-05
2882.5               7.0855192824126e-05
2883.5               6.0237026477949e-05
2884.5               5.1210065077356e-05
2885.5               4.3535863802902e-05
2886.5               3.7011693709843e-05
2887.5               3.146521931896e-05
2888.5               2.6749924497693e-05
2889.5               2.2741253324909e-05
2890.5               1.9333308287628e-05
2891.5               1.643606806212e-05
2892.5               1.3973002754852e-05
2893.5               1.1879046635244e-05
2894.5               1.0098881730869e-05
2895.5               8.5854923170814e-06
2896.5               7.2988903809801e-06
2897.5               6.2051008775654e-06
2898.5               5.2752202606143e-06
2899.5               4.484688176376e-06
2900.5               3.8126257706494e-06
2901.5               3.2412739159327e-06
2902.5               2.755544681321e-06
2903.5               2.3426061090959e-06
2904.5               1.9915513682633e-06
2905.5               1.6930989943376e-06
2906.5               1.4393775060739e-06
2907.5               1.2236767155116e-06
2908.5               1.0403011785343e-06
2909.5               8.844036614164e-07
2910.5               7.5186967762875e-07
2911.5               6.3919536330559e-07
2912.5               5.4340754118698e-07
2913.5               4.6197268233072e-07
2914.5               3.9274139496115e-07
2915.5               3.3388847242577e-07
2916.5               2.8385294115196e-07
2917.5               2.4131585618647e-07
2918.5               2.0515367182838e-07
2919.5               1.7440715538442e-07
2920.5               1.4827250538474e-07
2921.5               1.2605250176989e-07
2922.5               1.0716316722892e-07
2923.5               9.1102680954691e-08
2924.5               7.74513786439e-08
2925.5               6.584288669842e-08
2926.5               5.59774449016e-08
2927.5               4.7588599727533e-08
2928.5               4.045874746339e-08
2929.5               3.4394709302887e-08
2930.5               2.9241054022577e-08
2931.5               2.4857893521357e-08
2932.5               2.1131985050715e-08
2933.5               1.7965628984484e-08
2934.5               1.5274448372793e-08
2935.5               1.2985168496016e-08
2936.5               1.1037837310823e-08
2937.5               9.3858254501811e-09
2938.5               7.9802831010056e-09
2939.5               6.7812422344105e-09
2940.5               5.7664983899031e-09
2941.5               4.9027448767447e-09
2942.5               4.1677772344428e-09
2943.5               3.5460523406527e-09
2944.5               3.0131452888327e-09
2945.5               2.5623947408349e-09
2946.5               2.1760371282653e-09
2947.5               1.8518520050748e-09
2948.5               1.5720758028692e-09
2949.5               1.3367085216487e-09
2950.5               1.1368683772162e-09
2951.5               9.6589403142389e-10
2952.5               8.2156503822262e-10
2953.5               6.9944050551385e-10
2954.5               5.9507954119908e-10
2955.5               5.0404125317982e-10
2956.5               4.2854608750531e-10
2957.5               3.6415315207705e-10
2958.5               3.1086244689504e-10
2959.5               2.6423307986079e-10
2960.5               2.2426505097428e-10
2961.5               1.9095836023553e-10
2962.5               1.6209256159527e-10
2963.5               1.3766765505352e-10
2964.5               1.1768364061027e-10
2965.5               1.0214051826551e-10
2966.5               8.6597395920762e-11
2967.5               7.105427357601e-11
2968.5               6.2172489379009e-11
2969.5               5.3290705182008e-11
2970.5               4.4408920985006e-11
2971.5               3.7747582837255e-11
2972.5               3.1086244689504e-11
2973.5               2.8865798640254e-11
2974.5               2.2204460492503e-11
2975.5               1.7763568394003e-11
2976.5               1.5543122344752e-11
2977.5               1.3322676295502e-11
2978.5               1.1102230246252e-11
2979.5               8.8817841970013e-12
2980.5               6.6613381477509e-12
2981.5               6.6613381477509e-12
2982.5               4.4408920985006e-12
2983.5               2.2204460492503e-12
2984.5               4.4408920985006e-12
2985.5               4.4408920985006e-12
2986.5               2.2204460492503e-12
2987.5               2.2204460492503e-12
2988.5               -0
2989.5               2.2204460492503e-12
2990.5               -0
2991.5               2.2204460492503e-12
2992.5               -0
2993.5               2.2204460492503e-12
2994.5               -0
2995.5               2.2204460492503e-12
2996.5               2.2204460492503e-12
2997.5               2.2204460492503e-12
2998.5               2.2204460492503e-12
2999.5               2.2204460492503e-12
3000.5               2.2204460492503e-12
3001.5               2.2204460492503e-12
3002.5               -0
3003.5               2.2204460492503e-12
3004.5               -0
3005.5               -0
3006.5               -0
3007.5               2.2204460492503e-12
3008.5               -0
3009.5               -0
3010.5               -0
3011.5               -2.2204460492503e-12
3012.5               -0
3013.5               -0
3014.5               -0
3015.5               2.2204460492503e-12
3016.5               -0
3017.5               2.2204460492503e-12
3018.5               -0
3019.5               2.2204460492503e-12
3020.5               -0
3021.5               -0
3022.5               -0
3023.5               -0
3024.5               -2.2204460492503e-12
3025.5               -0
3026.5               -0
3027.5               -0
3028.5               2.2204460492503e-12
3029.5               -0
3030.5               -0
3031.5               2.2204460492503e-12
3032.5               -0
3033.5               -0
3034.5               2.2204460492503e-12
3035.5               -0
3036.5               -0
3037.5               -0
3038.5               -0
3039.5               -0
3040.5               -2.2204460492503e-12
3041.5               -2.2204460492503e-12
3042.5               -2.2204460492503e-12
3043.5               -2.2204460492503e-12
3044.5               -0
3045.5               -0
3046.5               -0
3047.5               -0
3048.5               2.2204460492503e-12
3049.5               -0
3050.5               -0
3051.5               -0
3052.5               -0
3053.5               -0
3054.5               -2.2204460492503e-12
3055.5               -0
3056.5               -0
3057.5               -2.2204460492503e-12
3058.5               -0
3059.5               -2.2204460492503e-12
3060.5               -2.2204460492503e-12
3061.5               -2.2204460492503e-12
3062.5               -2.2204460492503e-12
3063.5               -0
3064.5               -0
3065.5               -0
3066.5               -0
3067.5               -0
3068.5               -0
3069.5               -0
3070.5               -0
3071.5               -0
3072.5               -0
3073.5               -0
3074.5               -2.2204460492503e-12
3075.5               -0
3076.5               -0
3077.5               -2.2204460492503e-12
3078.5               -0
3079.5               -0
3080.5               -0
3081.5               -0
3082.5               -0
3083.5               -0
3084.5               -2.2204460492503e-12
3085.5               2.2204460492503e-12
3086.5               -0
3087.5               -0
3088.5               2.2204460492503e-12
3089.5               -0
3090.5               -0
3091.5               -0
3092.5               -0
3093.5               -0
3094.5               -0
3095.5               -0
3096.5               -0
3097.5               2.2204460492503e-12
3098.5               2.2204460492503e-12
3099.5               -0
3100.5               2.2204460492503e-12
3101.5               -2.2204460492503e-12
3102.5               -0
3103.5               -0
3104.5               -0
3105.5               2.2204460492503e-12
3106.5               -0
3107.5               2.2204460492503e-12
3108.5               -0
3109.5               2.2204460492503e-12
3110.5               -0
3111.5               2.2204460492503e-12
3112.5               -0
3113.5               2.2204460492503e-12
3114.5               2.2204460492503e-12
3115.5               -0
3116.5               -0
3117.5               -2.2204460492503e-12
3118.5               -0
3119.5               -2.2204460492503e-12
3120.5               -0
3121.5               -0
3122.5               -0
3123.5               -0
3124.5               -2.2204460492503e-12
3125.5               -0
3126.5               -0
3127.5               -0
3128.5               2.2204460492503e-12
3129.5               2.2204460492503e-12
3130.5               -0
3131.5               2.2204460492503e-12
3132.5               -0
3133.5               -0
3134.5               -2.2204460492503e-12
3135.5               -0
3136.5               -0
3137.5               -0
3138.5               -0
3139.5               -0
3140.5               -0
3141.5               -0
3142.5               -0
3143.5               -0
3144.5               -0
3145.5               -0
3146.5               -0
3147.5               -2.2204460492503e-12
3148.5               -0
3149.5               -0
3150.5               2.2204460492503e-12
3151.5               -0
3152.5               2.2204460492503e-12
3153.5               -0
3154.5               -0
3155.5               -2.2204460492503e-12
3156.5               -0
3157.5               -0
3158.5               -2.2204460492503e-12
3159.5               -2.2204460492503e-12
3160.5               -0
3161.5               -2.2204460492503e-12
3162.5               -0
3163.5               -0
3164.5               2.2204460492503e-12
3165.5               -0
3166.5               2.2204460492503e-12
3167.5               2.2204460492503e-12
3168.5               -0
3169.5               2.2204460492503e-12
3170.5               -0
3171.5               -2.2204460492503e-12
3172.5               -0
3173.5               -0
3174.5               -0
3175.5               -2.2204460492503e-12
3176.5               -0
3177.5               -2.2204460492503e-12
3178.5               -2.2204460492503e-12
3179.5               -2.2204460492503e-12
3180.5               -2.2204460492503e-12
3181.5               -0
3182.5               -2.2204460492503e-12
3183.5               -2.2204460492503e-12
3184.5               -0
3185.5               -0
3186.5               -0
3187.5               -0
3188.5               2.2204460492503e-12
3189.5               -0
3190.5               -0
3191.5               -0
3192.5               2.2204460492503e-12
3193.5               -0
3194.5               -0
3195.5               -2.2204460492503e-12
3196.5               -0
3197.5               -2.2204460492503e-12
3198.5               -2.2204460492503e-12
3199.5               -0
3200.5               -2.2204460492503e-12
3201.5               -0
3202.5               -0
3203.5               -0
3204.5               -0
3205.5               -0
3206.5               2.2204460492503e-12
3207.5               -0
3208.5               2.2204460492503e-12
3209.5               -0
3210.5               2.2204460492503e-12
3211.5               2.2204460492503e-12
3212.5               -0
3213.5               -0
3214.5               -0
3215.5               -0
3216.5               -2.2204460492503e-12
3217.5               -2.2204460492503e-12
3218.5               -2.2204460492503e-12
3219.5               -0
3220.5               -2.2204460492503e-12
3221.5               -0
3222.5               -2.2204460492503e-12
3223.5               -2.2204460492503e-12
3224.5               -0
3225.5               -2.2204460492503e-12
3226.5               -0
3227.5               -0
3228.5               -2.2204460492503e-12
3229.5               -2.2204460492503e-12
3230.5               -0
3231.5               -2.2204460492503e-12
3232.5               -0
3233.5               -0
3234.5               -2.2204460492503e-12
3235.5               -0
3236.5               -0
3237.5               -0
3238.5               -0
3239.5               -0
3240.5               -0
3241.5               2.2204460492503e-12
3242.5               -2.2204460492503e-12
3243.5               2.2204460492503e-12
3244.5               -0
3245.5               -0
3246.5               -0
3247.5               2.2204460492503e-12
3248.5               -0
3249.5               -0
3250.5               -0
3251.5               -0
3252.5               -0
3253.5               -0
3254.5               -0
3255.5               -0
3256.5               -0
3257.5               -0
3258.5               -0
3259.5               2.2204460492503e-12
3260.5               -0
3261.5               -0
3262.5               -0
3263.5               -0
3264.5               -0
3265.5               -0
3266.5               2.2204460492503e-12
3267.5               -0
3268.5               -0
3269.5               -0
3270.5               -0
3271.5               2.2204460492503e-12
3272.5               -0
3273.5               -0
3274.5               2.2204460492503e-12
3275.5               -0
3276.5               -0
3277.5               -0
3278.5               -0
3279.5               -0
3280.5               -0
3281.5               -0
3282.5               2.2204460492503e-12
3283.5               2.2204460492503e-12
3284.5               2.2204460492503e-12
3285.5               -0
3286.5               2.2204460492503e-12
3287.5               -0
3288.5               2.2204460492503e-12
3289.5               2.2204460492503e-12
3290.5               -0
3291.5               2.2204460492503e-12
3292.5               -0
3293.5               -2.2204460492503e-12
3294.5               -0
3295.5               -2.2204460492503e-12
3296.5               -0
3297.5               -2.2204460492503e-12
3298.5               2.2204460492503e-12
3299.5               -0
3300.5               -0
3301.5               -0
3302.5               2.2204460492503e-12
3303.5               -0
3304.5               -0
3305.5               2.2204460492503e-12
3306.5               2.2204460492503e-12
3307.5               -0
3308.5               -0
3309.5               2.2204460492503e-12
3310.5               -0
3311.5               2.2204460492503e-12
3312.5               -0
3313.5               -0
3314.5               -0
3315.5               -0
3316.5               -0
3317.5               -2.2204460492503e-12
3318.5               -2.2204460492503e-12
3319.5               -0
3320.5               -2.2204460492503e-12
3321.5               -0
3322.5               2.2204460492503e-12
3323.5               -0
3324.5               2.2204460492503e-12
3325.5               2.2204460492503e-12
3326.5               2.2204460492503e-12
3327.5               -0
3328.5               2.2204460492503e-12
3329.5               -0
3330.5               -0
3331.5               -0
3332.5               -0
3333.5               -0
3334.5               -2.2204460492503e-12
3335.5               -0
3336.5               -2.2204460492503e-12
3337.5               -2.2204460492503e-12
3338.5               -0
3339.5               -0
3340.5               -2.2204460492503e-12
3341.5               -0
3342.5               2.2204460492503e-12
3343.5               -0
3344.5               2.2204460492503e-12
3345.5               -0
3346.5               -0
3347.5               -2.2204460492503e-12
3348.5               -0
3349.5               -0
3350.5               -0
3351.5               -2.2204460492503e-12
3352.5               -0
3353.5               -0
3354.5               -0
3355.5               -2.2204460492503e-12
3356.5               -2.2204460492503e-12
3357.5               -0
3358.5               -2.2204460492503e-12
3359.5               -0
3360.5               -0
3361.5               -0
3362.5               -0
3363.5               -0
3364.5               2.2204460492503e-12
3365.5               -0
3366.5               -0
3367.5               -0
3368.5               2.2204460492503e-12
3369.5               -0
3370.5               -0
3371.5               -0
3372.5               2.2204460492503e-12
3373.5               -0
3374.5               -0
3375.5               -0
3376.5               -0
3377.5               -0
3378.5               -0
3379.5               -0
3380.5               -0
3381.5               2.2204460492503e-12
3382.5               -0
3383.5               2.2204460492503e-12
3384.5               2.2204460492503e-12
3385.5               -0
3386.5               2.2204460492503e-12
3387.5               -0
3388.5               -0
3389.5               -0
3390.5               -0
3391.5               -0
3392.5               2.2204460492503e-12
3393.5               -0
3394.5               -0
3395.5               2.2204460492503e-12
3396.5               -0
3397.5               -0
3398.5               2.2204460492503e-12
3399.5               -0
3400.5               -0
3401.5               -0
3402.5               -2.2204460492503e-12
3403.5               -2.2204460492503e-12
3404.5               -0
3405.5               -4.4408920985006e-12
3406.5               -2.2204460492503e-12
3407.5               -2.2204460492503e-12
3408.5               -2.2204460492503e-12
3409.5               -2.2204460492503e-12
3410.5               -0
3411.5               -0
3412.5               -0
3413.5               -0
3414.5               -2.2204460492503e-12
3415.5               -2.2204460492503e-12
3416.5               -0
3417.5               -0
3418.5               2.2204460492503e-12
3419.5               -0
3420.5               2.2204460492503e-12
3421.5               -0
3422.5               -2.2204460492503e-12
3423.5               -2.2204460492503e-12
3424.5               -0
3425.5               -2.2204460492503e-12
3426.5               -0
3427.5               -0
3428.5               -2.2204460492503e-12
3429.5               -0
3430.5               -0
3431.5               -0
3432.5               -2.2204460492503e-12
3433.5               -0
3434.5               -0
3435.5               -0
3436.5               -2.2204460492503e-12
3437.5               2.2204460492503e-12
3438.5               -0
3439.5               -0
3440.5               2.2204460492503e-12
3441.5               2.2204460492503e-12
3442.5               -0
3443.5               -0
3444.5               -0
3445.5               -0
3446.5               -0
3447.5               -0
3448.5               -0
3449.5               -0
3450.5               -0
3451.5               2.2204460492503e-12
3452.5               -0
3453.5               2.2204460492503e-12
3454.5               -0
3455.5               -0
3456.5               -2.2204460492503e-12
3457.5               -0
3458.5               -2.2204460492503e-12
3459.5               -0
3460.5               -0
3461.5               -0
3462.5               -0
3463.5               -0
3464.5               -2.2204460492503e-12
3465.5               -0
3466.5               -0
3467.5               -0
3468.5               -0
3469.5               -0
3470.5               -0
3471.5               -2.2204460492503e-12
3472.5               -0
3473.5               -0
3474.5               -0
3475.5               -0
3476.5               -0
3477.5               -0
3478.5               -0
3479.5               -0
3480.5               -0
3481.5               2.2204460492503e-12
3482.5               -0
3483.5               2.2204460492503e-12
3484.5               -0
3485.5               2.2204460492503e-12
3486.5               -0
3487.5               2.2204460492503e-12
3488.5               -0
3489.5               2.2204460492503e-12
3490.5               -0
3491.5               -0
3492.5               -0
3493.5               -0
3494.5               -0
3495.5               -2.2204460492503e-12
3496.5               -0
3497.5               -0
3498.5               -0
3499.5               -0
3500.5               -0
3501.5               -0
3502.5               -0
3503.5               2.2204460492503e-12
3504.5               2.2204460492503e-12
3505.5               2.2204460492503e-12
3506.5               2.2204460492503e-12
3507.5               2.2204460492503e-12
3508.5               2.2204460492503e-12
3509.5               -0
3510.5               2.2204460492503e-12
3511.5               2.2204460492503e-12
3512.5               2.2204460492503e-12
3513.5               -0
3514.5               -0
3515.5               -0
3516.5               -0
3517.5               -0
3518.5               -2.2204460492503e-12
3519.5               -2.2204460492503e-12
3520.5               -2.2204460492503e-12
3521.5               -2.2204460492503e-12
3522.5               -0
3523.5               -2.2204460492503e-12
3524.5               -0
3525.5               -2.2204460492503e-12
3526.5               -0
3527.5               2.2204460492503e-12
3528.5               2.2204460492503e-12
3529.5               2.2204460492503e-12
3530.5               -0
3531.5               2.2204460492503e-12
3532.5               -0
3533.5               -0
3534.5               -0
3535.5               -0
3536.5               -2.2204460492503e-12
3537.5               -2.2204460492503e-12
3538.5               -4.4408920985006e-12
3539.5               -2.2204460492503e-12
3540.5               -4.4408920985006e-12
3541.5               -4.4408920985006e-12
3542.5               -4.4408920985006e-12
3543.5               -2.2204460492503e-12
3544.5               -4.4408920985006e-12
3545.5               -4.4408920985006e-12
3546.5               -2.2204460492503e-12
3547.5               -4.4408920985006e-12
3548.5               -6.6613381477509e-12
3549.5               -4.4408920985006e-12
3550.5               -4.4408920985006e-12
3551.5               -6.6613381477509e-12
3552.5               -8.8817841970013e-12
3553.5               -1.1102230246252e-11
3554.5               -1.5543122344752e-11
3555.5               -1.5543122344752e-11
3556.5               -1.7763568394003e-11
3557.5               -1.9984014443253e-11
3558.5               -2.6645352591004e-11
3559.5               -2.8865798640254e-11
3560.5               -3.5527136788005e-11
3561.5               -3.9968028886506e-11
3562.5               -4.8849813083507e-11
3563.5               -5.5511151231258e-11
3564.5               -6.6613381477509e-11
3565.5               -7.7715611723761e-11
3566.5               -9.1038288019263e-11
3567.5               -1.0880185641327e-10
3568.5               -1.2878587085652e-10
3569.5               -1.4876988529977e-10
3570.5               -1.7763568394003e-10
3571.5               -2.0650148258028e-10
3572.5               -2.4424906541753e-10
3573.5               -2.8643754035329e-10
3574.5               -3.3750779948605e-10
3575.5               -3.9745984281581e-10
3576.5               -4.6629367034257e-10
3577.5               -5.4622972811558e-10
3578.5               -6.4614980033184e-10
3579.5               -7.5939254884361e-10
3580.5               -8.9261931179863e-10
3581.5               -1.0480505352461e-09
3582.5               -1.2345680033832e-09
3583.5               -1.4499512701605e-09
3584.5               -1.7053025658242e-09
3585.5               -2.0072832285223e-09
3586.5               -2.3625545964023e-09
3587.5               -2.7777780076121e-09
3588.5               -3.2662761384472e-09
3589.5               -3.8435921112523e-09
3590.5               -4.5230486023229e-09
3591.5               -5.3179682879545e-09
3592.5               -6.2549965207381e-09
3593.5               -7.3607786532648e-09
3594.5               -8.657519146027e-09
3595.5               -1.0182965581862e-08
3596.5               -1.1979306435705e-08
3597.5               -1.4090950628542e-08
3598.5               -1.6575629757654e-08
3599.5               -1.9495516312418e-08
3600.5               -2.2932766796657e-08
3601.5               -2.6971758160244e-08
3602.5               -3.1727953597738e-08
3603.5               -3.7321257195799e-08
3604.5               -4.3900438839728e-08
3605.5               -5.1636472875316e-08
3606.5               -6.0738081231193e-08
3607.5               -7.1447292526727e-08
3608.5               -8.4039442072026e-08
3609.5               -9.8852037666575e-08
3610.5               -1.1627809826109e-07
3611.5               -1.3677725618777e-07
3612.5               -1.6088907983658e-07
3613.5               -1.8924639633155e-07
3614.5               -2.2260637777549e-07
3615.5               -2.6184610035784e-07
3616.5               -3.0800251238361e-07
3617.5               -3.6229685917988e-07
3618.5               -4.2615688755632e-07
3619.5               -5.0127901829455e-07
3620.5               -5.8964166882447e-07
3621.5               -6.9357852794383e-07
3622.5               -8.1584072830765e-07
3623.5               -9.5965013713339e-07
3624.5               -1.1288103785034e-06
3625.5               -1.3277867694228e-06
3626.5               -1.5618439874743e-06
3627.5               -1.8371526522287e-06
3628.5               -2.1609958267277e-06
3629.5               -2.5419200078147e-06
3630.5               -2.9899926978771e-06
3631.5               -3.5170488743574e-06
3632.5               -4.1370085135384e-06
3633.5               -4.8662540663713e-06
3634.5               -5.7240434614414e-06
3635.5               -6.7330363506812e-06
3636.5               -7.9198936298042e-06
3637.5               -9.3159591152414e-06
3638.5               -1.0958112195425e-05
3639.5               -1.2889731504373e-05
3640.5               -1.5161847333189e-05
3641.5               -1.7834473897693e-05
3642.5               -2.0978214720913e-05
3643.5               -2.4676112264643e-05
3644.5               -2.9025846171038e-05
3645.5               -3.4142326743591e-05
3646.5               -4.0160701431091e-05
3647.5               -4.7239954170664e-05
3648.5               -5.5567090928577e-05
3649.5               -6.5362075751807e-05
3650.5               -7.6883652777582e-05
3651.5               -9.0436169664088e-05
3652.5               -0.00010637763336874
3653.5               -0.00012512914260299
3654.5               -0.00014718603225106
3655.5               -0.00017313095179716
3656.5               -0.00020364925523708
3657.5               -0.00023954709771346
3658.5               -0.00028177274291608
3659.5               -0.00033144160527243
3660.5               -0.00038986570416455
3661.5               -0.00045858834507584
3662.5               -0.00053942484701253
3663.5               -0.00063451053300412
3664.5               -0.00074635709834681
3665.5               -0.0008779189708541
3666.5               -0.0010326713328901
3667.5               -0.0012147019146092
3668.5               -0.0014288189587042
3669.5               -0.0016806781899525
3670.5               -0.001976932200165
3671.5               -0.0023254061121136
3672.5               -0.0027353042342249
3673.5               -0.003217453083959
3674.5               -0.0037845872413733
3675.5               -0.0044516855779442
3676.5               -0.005236366649175
3677.5               -0.0061593537536986
3678.5               -0.0072450218513431
3679.5               -0.0085220407552988
3680.5               -0.010024131511521
3681.5               -0.011790955842805
3682.5               -0.013869162009961
3683.5               -0.016313614505936
3684.5               -0.01918883987706
3685.5               -0.022570726339044
3686.5               -0.026548521721015
3687.5               -0.031227181733762
3688.5               -0.036730129571172
3689.5               -0.043202498449801
3690.5               -0.05081494082626
3691.5               -0.059768102251834
3692.5               -0.070297874550374
3693.5               -0.082681561988096
3694.5               -0.097245116519318
3695.5               -0.11437162368955
3696.5               -0.13451125021158
3697.5               -0.15819289791885
3698.5               -0.18603784688986
3699.5               -0.2187757137162
3700.5               -0.25726309889285
3701.5               -0.30250535056453
3702.5               -0.3556819294448
3703.5               -0.4181759212174
3704.5               -0.49160830610129
3705.5               -0.57787765780803
3706.5               -0.67920600163918
3707.5               -0.79819160727856
3708.5               -0.93786951667063
3709.5               -1.1017805980629
3710.5               -1.2940498553848
3711.5               -1.5194745831826
3712.5               -1.7836227082402
3713.5               -2.0929412583226
3714.5               -2.4548742923369
3715.5               -2.8779887516239
3716.5               -3.3721054743174
3717.5               -3.9484309753446
3718.5               -4.6196834579337
3719.5               -5.4002038345025
3720.5               -6.3060392895919
3721.5               -7.3549831991149
3722.5               -8.5665512577293
3723.5               -9.9618699044535
3724.5               -11.56345030781
3725.5               -13.394820350254
3726.5               -15.479989653597
3727.5               -17.842730354765
3728.5               -20.505670650233
3729.5               -23.489220062018
3730.5               -26.810374580652
3731.5               -30.481483774705
3732.5               -34.509095284829
3733.5               -38.893016779893
3734.5               -43.625741916016
3735.5               -48.692366765724
3736.5               -54.071073010726
3737.5               -59.734178362192
3738.5               -65.649666706742
3739.5               -71.783030469275
3740.5               -78.099206344056
3741.5               -84.564376873069
3742.5               -91.147446252728
3743.5               -97.82106828472
3744.5               -104.56218804978
3745.5               -111.35213579248
3746.5               -118.17636612255
3747.5               -125.02396137268
3748.5               -131.88701692635
3749.5               -138.76000639291
3750.5               -145.63919539661
3751.5               -152.52214295524
3752.5               -159.4073045611
3753.5               -166.29373362298
3754.5               -173.18086791055
3755.5               -180.06838364595
3756.5               -186.95609997188
3757.5               -193.84391886407
3758.5               -200.73178875542
3759.5               -207.6196833087
3760.5               -126.55922790121
3761.5187209763      -65.762958278122
3762.5755848552      -34.251984632143
3763.6720197814      -17.683219868694
3764.8095073722      -8.9873807308961
3765.9895847196      -4.4776194435928
3767.2138464671      -2.1807413705533
3768.483946965       -1.0362838807466
3769.8016025056      -0.4797923804288
3771.1685936425      -0.21618300160751
3772.5867675969      -0.094696364478758
3774.0580407534      -0.040287098923431
3775.5844012497      -0.016630934649324
3777.1679116635      -0.0066565651884207
3778.8107117992      -0.002583985517974
3780.5150215798      -0.00098067442530064
3782.2831440465      -0.00038823904156947
3784.117468471       -0.00022992395831343
3786.0204735836      -0.00035652834877355
3787.9947309236      -0.00097327521238974
3790                 -4758.2579429988
3792                 -0
3794                 -0
3796                 -0
3798                 -0
