x[nm]                E[kV/cm]            
-8                   -0
-6                   -0
-4                   -0
-2                   -0
0                    -293.22280207787
1.999                -0.00037588753153338
3.997                -0.00021712362971946
5.995                -0.000125416936318
7.9929999999999      -7.2444463952351e-05
9.9909999999999      -4.1846010585029e-05
11.989               -2.4171451182506e-05
13.987               -1.3962106968299e-05
15.985               -8.0648912084239e-06
17.983               -4.6584824753149e-06
19.981               -2.6908472113837e-06
21.979               -1.5542811171132e-06
23.977               -8.9777145788688e-07
25.975               -5.1854861190201e-07
27.973               -2.9950016440879e-07
29.971               -1.7297252496973e-07
31.969               -9.988228684806e-08
33.967               -5.766491721897e-08
35.965               -3.3277796045422e-08
37.963               -1.9194967048374e-08
39.961               -1.1055554203174e-08
41.959               -6.3612778708253e-09
43.957               -3.6407313600321e-09
45.955               -2.0804179200183e-09
47.953               -1.1735690830873e-09
49.951               -6.4457392821081e-10
51.948999999999      -3.4673632000306e-10
53.946999999999      -1.6892282256559e-10
55.944999999999      -7.1125398974986e-11
57.942999999999      -8.8906748718732e-12
59.940999999999      2.2226687179683e-11
61.938999999999      4.4453374359366e-11
63.936999999999      5.3344049231239e-11
65.934999999999      5.7789386667176e-11
67.932999999999      6.6680061539049e-11
69.930999999999      7.1125398974985e-11
71.928999999999      7.1125398974986e-11
73.926999999999      7.1125398974985e-11
75.924999999999      7.1125398974985e-11
77.922999999999      6.6680061539049e-11
79.920999999999      7.1125398974985e-11
81.918999999999      7.1125398974985e-11
83.916999999999      7.1125398974986e-11
85.914999999999      6.6680061539049e-11
87.912999999999      6.6680061539049e-11
89.910999999999      6.6680061539049e-11
91.908999999999      7.1125398974985e-11
93.906999999999      6.2234724103113e-11
95.904999999999      7.1125398974985e-11
97.902999999999      6.2234724103112e-11
99.900999999999      6.6680061539049e-11
101.899              6.2234724103112e-11
103.897              6.6680061539049e-11
105.895              6.2234724103112e-11
107.893              5.7789386667176e-11
109.891              6.2234724103113e-11
111.889              5.7789386667176e-11
113.887              6.2234724103112e-11
115.885              5.7789386667176e-11
117.883              6.2234724103112e-11
119.881              5.7789386667176e-11
121.879              5.7789386667176e-11
123.877              5.7789386667176e-11
125.875              6.2234724103113e-11
127.873              6.2234724103113e-11
129.871              5.7789386667176e-11
131.869              5.7789386667176e-11
133.867              6.2234724103113e-11
135.865              5.7789386667176e-11
137.863              6.2234724103112e-11
139.861              6.668006153905e-11
141.859              6.2234724103113e-11
143.857              6.668006153905e-11
145.855              6.2234724103112e-11
147.853              6.2234724103113e-11
149.851              6.2234724103113e-11
151.849              6.6680061539049e-11
153.847              6.668006153905e-11
155.845              6.2234724103113e-11
157.843              6.6680061539049e-11
159.841              6.668006153905e-11
161.839              6.2234724103113e-11
163.837              7.1125398974985e-11
165.835              6.668006153905e-11
167.833              7.1125398974986e-11
169.831              6.6680061539049e-11
171.829              7.5570736410923e-11
173.827              7.1125398974986e-11
175.825              7.1125398974986e-11
177.823              6.6680061539049e-11
179.821              7.5570736410923e-11
181.819              7.1125398974986e-11
183.817              7.5570736410922e-11
185.815              7.5570736410923e-11
187.813              7.1125398974986e-11
189.811              7.5570736410922e-11
191.809              7.5570736410923e-11
193.807              7.1125398974986e-11
195.805              7.1125398974985e-11
197.803              7.5570736410923e-11
199.801              7.5570736410923e-11
201.799              7.5570736410922e-11
203.797              7.5570736410923e-11
205.795              7.5570736410923e-11
207.793              7.5570736410923e-11
209.791              7.5570736410922e-11
211.789              7.1125398974986e-11
213.787              7.5570736410923e-11
215.785              7.1125398974985e-11
217.783              7.5570736410923e-11
219.781              7.1125398974986e-11
221.779              7.5570736410922e-11
223.777              7.1125398974986e-11
225.775              7.5570736410923e-11
227.773              7.5570736410922e-11
229.771              7.5570736410923e-11
231.769              7.5570736410923e-11
233.767              7.5570736410922e-11
235.765              7.5570736410923e-11
237.763              7.5570736410923e-11
239.761              7.1125398974986e-11
241.759              7.1125398974985e-11
243.757              7.5570736410923e-11
245.755              7.1125398974986e-11
247.753              7.5570736410922e-11
249.751              7.5570736410923e-11
251.749              7.5570736410923e-11
253.747              8.0016073846859e-11
255.745              7.5570736410922e-11
257.743              7.5570736410922e-11
259.741              8.0016073846861e-11
261.739              7.5570736410922e-11
263.737              8.0016073846859e-11
265.735              7.5570736410924e-11
267.733              8.0016073846859e-11
269.731              8.0016073846859e-11
271.729              7.5570736410924e-11
273.727              8.0016073846859e-11
275.725              7.5570736410922e-11
277.723              8.0016073846861e-11
279.721              8.0016073846859e-11
281.719              8.0016073846859e-11
283.717              8.0016073846861e-11
285.715              7.5570736410922e-11
287.713              8.0016073846861e-11
289.711              8.0016073846859e-11
291.709              8.0016073846859e-11
293.707              8.0016073846861e-11
295.705              8.0016073846859e-11
297.703              8.4461411282795e-11
299.701              8.0016073846861e-11
301.699              8.0016073846859e-11
303.697              8.4461411282795e-11
305.695              8.0016073846861e-11
307.693              8.4461411282795e-11
309.691              8.4461411282795e-11
311.689              8.4461411282797e-11
313.687              8.4461411282795e-11
315.685              8.4461411282795e-11
317.683              8.4461411282797e-11
319.681              8.4461411282795e-11
321.679              8.4461411282795e-11
323.677              8.0016073846861e-11
325.675              8.4461411282795e-11
327.673              8.8906748718732e-11
329.671              8.4461411282797e-11
331.669              8.4461411282795e-11
333.667              8.8906748718732e-11
335.665              8.4461411282797e-11
337.663              8.4461411282795e-11
339.661              8.4461411282795e-11
341.659              8.4461411282797e-11
343.657              8.0016073846859e-11
345.655              8.4461411282797e-11
347.653              8.0016073846859e-11
349.651              8.0016073846859e-11
351.649              8.0016073846861e-11
353.647              8.0016073846859e-11
355.645              8.0016073846859e-11
357.643              8.0016073846861e-11
359.641              8.0016073846859e-11
361.639              7.5570736410922e-11
363.637              8.0016073846861e-11
365.635              8.0016073846859e-11
367.633              8.0016073846859e-11
369.631              8.0016073846861e-11
371.629              8.0016073846859e-11
373.627              8.0016073846859e-11
375.625              8.0016073846861e-11
377.623              8.0016073846859e-11
379.621              8.0016073846859e-11
381.619              8.4461411282797e-11
383.617              7.5570736410922e-11
385.615              8.0016073846859e-11
387.613              7.5570736410924e-11
389.611              8.0016073846859e-11
391.609              7.5570736410922e-11
393.607              7.5570736410924e-11
395.605              7.5570736410922e-11
397.60299999999      7.5570736410922e-11
399.60099999999      7.5570736410924e-11
401.59899999999      8.0016073846859e-11
403.59699999999      8.0016073846859e-11
405.59499999999      8.0016073846861e-11
407.59299999999      7.5570736410922e-11
409.59099999999      8.0016073846861e-11
411.58899999999      7.5570736410922e-11
413.58699999999      7.5570736410922e-11
415.58499999999      7.5570736410924e-11
417.58299999999      8.0016073846859e-11
419.58099999999      7.5570736410922e-11
421.57899999999      8.0016073846861e-11
423.57699999999      7.5570736410922e-11
425.57499999999      8.0016073846859e-11
427.57299999999      7.5570736410924e-11
429.57099999999      7.5570736410922e-11
431.56899999999      8.0016073846859e-11
433.56699999999      7.5570736410924e-11
435.56499999999      7.5570736410922e-11
437.56299999999      8.0016073846859e-11
439.56099999999      7.5570736410924e-11
441.55899999999      7.5570736410922e-11
443.55699999999      7.5570736410922e-11
445.55499999999      8.0016073846861e-11
447.55299999999      7.5570736410922e-11
449.55099999999      7.5570736410922e-11
451.54899999999      7.5570736410924e-11
453.54699999999      7.5570736410922e-11
455.54499999999      7.5570736410922e-11
457.54299999999      8.0016073846861e-11
459.54099999999      7.1125398974985e-11
461.53899999999      7.5570736410922e-11
463.53699999999      8.0016073846861e-11
465.53499999999      7.5570736410922e-11
467.53299999999      7.5570736410922e-11
469.53099999999      7.5570736410924e-11
471.52899999999      7.5570736410922e-11
473.52699999999      7.1125398974987e-11
475.52499999999      7.5570736410922e-11
477.52299999999      7.1125398974985e-11
479.52099999999      7.5570736410924e-11
481.51899999999      7.1125398974985e-11
483.51699999999      7.5570736410922e-11
485.51499999999      7.5570736410924e-11
487.51299999999      7.1125398974985e-11
489.51099999999      7.5570736410922e-11
491.50899999999      7.5570736410924e-11
493.50699999999      7.1125398974985e-11
495.50499999999      7.5570736410922e-11
497.50299999999      7.1125398974987e-11
499.50099999999      7.1125398974985e-11
501.49899999999      7.1125398974985e-11
503.49699999999      7.1125398974987e-11
505.49499999999      7.1125398974985e-11
507.49299999999      7.1125398974985e-11
509.49099999999      7.1125398974987e-11
511.48899999999      7.1125398974983e-11
513.48699999999      7.557073641092e-11
515.48499999999      7.1125398974983e-11
517.48299999999      7.1125398974987e-11
519.48099999999      7.557073641092e-11
521.47899999999      7.1125398974983e-11
523.47699999999      7.557073641092e-11
525.47499999999      7.557073641092e-11
527.47299999999      7.1125398974983e-11
529.47099999999      7.5570736410924e-11
531.46899999999      7.1125398974983e-11
533.46699999999      7.557073641092e-11
535.46499999999      7.557073641092e-11
537.46299999999      7.557073641092e-11
539.46099999999      7.1125398974983e-11
541.45899999999      7.5570736410924e-11
543.45699999999      7.1125398974983e-11
545.45499999999      7.1125398974983e-11
547.45299999999      7.557073641092e-11
549.45099999999      7.1125398974983e-11
551.44899999999      6.6680061539047e-11
553.44699999999      7.1125398974987e-11
555.44499999999      7.1125398974983e-11
557.44299999999      7.1125398974983e-11
559.44099999999      7.1125398974983e-11
561.43899999999      7.1125398974983e-11
563.43699999999      7.1125398974983e-11
565.43499999999      7.1125398974987e-11
567.43299999999      6.6680061539047e-11
569.43099999999      7.1125398974983e-11
571.42899999999      7.1125398974983e-11
573.42699999999      6.6680061539047e-11
575.42499999999      7.1125398974987e-11
577.42299999999      6.6680061539047e-11
579.42099999999      6.6680061539047e-11
581.41899999999      6.6680061539047e-11
583.41699999999      6.6680061539047e-11
585.41499999999      6.223472410311e-11
587.41299999999      6.6680061539051e-11
589.41099999999      6.223472410311e-11
591.40899999999      6.6680061539047e-11
593.40699999999      6.223472410311e-11
595.40499999999      6.223472410311e-11
597.40299999999      6.6680061539047e-11
599.40099999999      5.7789386667177e-11
601.39899999999      5.7789386667174e-11
603.39699999999      6.223472410311e-11
605.39499999999      5.7789386667174e-11
607.39299999999      5.7789386667174e-11
609.39099999999      5.3344049231237e-11
611.38899999999      5.7789386667177e-11
613.38699999999      5.3344049231237e-11
615.38499999999      5.7789386667174e-11
617.38299999999      5.3344049231237e-11
619.38099999999      5.3344049231237e-11
621.37899999999      5.3344049231237e-11
623.37699999999      5.3344049231241e-11
625.37499999999      5.3344049231237e-11
627.37299999999      5.3344049231237e-11
629.37099999999      5.3344049231237e-11
631.369              4.8898711795301e-11
633.36699999999      5.3344049231241e-11
635.365              5.3344049231237e-11
637.363              5.3344049231237e-11
639.361              5.3344049231237e-11
641.359              4.8898711795301e-11
643.357              4.8898711795301e-11
645.355              5.3344049231241e-11
647.353              4.8898711795301e-11
649.351              5.3344049231237e-11
651.349              4.8898711795301e-11
653.347              4.8898711795301e-11
655.345              4.8898711795301e-11
657.343              4.8898711795304e-11
659.341              4.8898711795301e-11
661.339              5.3344049231237e-11
663.337              4.8898711795301e-11
665.335              4.8898711795301e-11
667.333              4.8898711795301e-11
669.331              4.8898711795304e-11
671.329              5.3344049231237e-11
673.327              4.8898711795301e-11
675.325              4.8898711795301e-11
677.323              4.8898711795301e-11
679.321              4.8898711795301e-11
681.319              4.4453374359367e-11
683.317              5.3344049231237e-11
685.315              4.8898711795301e-11
687.313              4.4453374359365e-11
689.311              4.8898711795301e-11
691.309              4.8898711795304e-11
693.307              4.4453374359365e-11
695.305              4.8898711795301e-11
697.303              4.4453374359365e-11
699.301              4.8898711795301e-11
701.299              4.4453374359365e-11
703.297              4.8898711795304e-11
705.295              4.8898711795301e-11
707.293              4.8898711795301e-11
709.291              4.8898711795301e-11
711.289              4.4453374359365e-11
713.287              4.8898711795301e-11
715.285              4.4453374359367e-11
717.283              4.0008036923428e-11
719.281              4.4453374359365e-11
721.279              4.4453374359365e-11
723.277              4.0008036923428e-11
725.275              4.0008036923428e-11
727.273              4.000803692343e-11
729.271              3.5562699487492e-11
731.269              3.5562699487492e-11
733.267              3.5562699487492e-11
735.265              3.5562699487492e-11
737.263              3.1117362051555e-11
739.261              3.5562699487494e-11
741.259              3.5562699487492e-11
743.257              2.6672024615619e-11
745.255              3.1117362051555e-11
747.253              3.1117362051555e-11
749.251              2.6672024615619e-11
751.249              3.1117362051557e-11
753.247              2.6672024615619e-11
755.245              3.1117362051555e-11
757.243              2.6672024615619e-11
759.241              3.1117362051555e-11
761.239              3.1117362051557e-11
763.237              2.6672024615619e-11
765.235              3.1117362051555e-11
767.233              2.6672024615619e-11
769.231              3.1117362051555e-11
771.229              2.6672024615619e-11
773.227              2.2226687179684e-11
775.225              2.6672024615619e-11
777.223              2.6672024615619e-11
779.221              2.6672024615619e-11
781.219              2.6672024615619e-11
783.217              2.6672024615619e-11
785.215              2.667202461562e-11
787.213              2.2226687179682e-11
789.211              2.6672024615619e-11
791.209              1.7781349743746e-11
793.207              2.6672024615619e-11
795.205              1.7781349743746e-11
797.203              2.2226687179684e-11
799.201              2.2226687179682e-11
801.199              2.2226687179682e-11
803.197              2.2226687179682e-11
805.195              1.7781349743746e-11
807.193              2.2226687179682e-11
809.191              2.2226687179684e-11
811.189              1.7781349743746e-11
813.187              2.2226687179682e-11
815.185              1.7781349743746e-11
817.183              1.7781349743746e-11
819.181              1.7781349743747e-11
821.179              1.7781349743746e-11
823.177              1.7781349743746e-11
825.175              1.7781349743746e-11
827.173              1.7781349743746e-11
829.171              1.7781349743746e-11
831.169              1.333601230781e-11
833.167              1.7781349743746e-11
835.165              1.3336012307809e-11
837.163              8.8906748718729e-12
839.161              1.3336012307809e-11
841.159              1.3336012307809e-11
843.157              1.333601230781e-11
845.155              1.3336012307809e-11
847.153              1.7781349743746e-11
849.151              1.3336012307809e-11
851.149              8.8906748718729e-12
853.147              1.3336012307809e-11
855.145              8.8906748718734e-12
857.143              8.8906748718729e-12
859.141              8.8906748718729e-12
861.139              4.4453374359365e-12
863.137              8.8906748718729e-12
865.135              8.8906748718729e-12
867.133              4.4453374359367e-12
869.131              4.4453374359365e-12
871.129              4.4453374359365e-12
873.127              8.8906748718729e-12
875.125              4.4453374359365e-12
877.123              8.8906748718729e-12
879.121              8.8906748718734e-12
881.119              8.8906748718729e-12
883.117              8.8906748718729e-12
885.115              8.8906748718729e-12
887.113              1.3336012307809e-11
889.111              1.7781349743747e-11
891.109              2.6672024615619e-11
893.107              3.5562699487492e-11
895.105              6.223472410311e-11
897.103              1.0224276102654e-10
899.101              1.6447748512965e-10
901.099              2.8450159589995e-10
903.097              4.8009644308114e-10
905.095              8.2238742564824e-10
907.093              1.4225079794997e-09
909.091              2.449380927201e-09
911.089              4.2364065764474e-09
913.087              7.3259160944237e-09
915.085              1.2673657029855e-08
917.083              2.193329490891e-08
919.081              3.7967627040333e-08
921.079              6.5719868652885e-08
923.077              1.1376952099792e-07
925.075              1.9695067509918e-07
927.073              3.4096182667376e-07
929.071              5.9026524075595e-07
931.069              1.0218719430859e-06
933.067              1.7690798220176e-06
935.065              3.0626507891879e-06
937.063              5.3021051013145e-06
939.061              9.1790750287042e-06
941.059              1.5890943327089e-05
943.057              2.7510619741558e-05
945.055              4.7626780730769e-05
947.053              8.2452154324454e-05
949.051              0.00014274233669161
951.049              0.00024711755275819
953.047              0.00042781337587175
955.045              0.00074063649218695
957.043              0.0012822000918468
959.041              0.0022197620407338
961.039              0.0038428806438863
963.037              0.0066528407518819
965.035              0.011517465988827
967.033              0.019939121487255
969.031              0.034518652769877
971.029              0.059758469813074
973.027              0.10345257698211
975.025              0.17909217205665
977.023              0.31002773350887
979.021              0.53666693299968
981.019              0.92891312640783
983.017              1.6076311896033
985.015              2.7816060487238
987.013              4.8109158199313
989.011              8.3148145253625
991.009              14.353007872346
993.007              24.722973868703
995.005              42.424958343473
997.003              72.316398140153
999.001              121.78383953491
1001                 129.78541091812
1003                 92.365695319159
1005                 68.712211410862
1007                 52.929897648992
1009                 41.884421059342
1011                 33.83731449714
1013                 27.778525650413
1015                 23.093396291034
1017                 19.391305051686
1019                 16.414095327324
1021                 13.985132249226
1023                 11.979821201669
1025                 10.307900995419
1027                 8.9024395801207
1029                 7.7127795853293
1031                 6.6998872070423
1033                 5.8332069184752
1035                 5.0884851818944
1037                 4.4462330484762
1039                 3.8906194166799
1041                 3.4086605050865
1043                 2.9896168614796
1045                 2.6245382600942
1047                 2.3059156363425
1049                 2.0274116143471
1051                 1.7836495156232
1053                 1.5700464255763
1055                 1.3826798374117
1057                 1.2181801636801
1059                 1.0736433786152
1061                 0.9465594764535
1063                 0.83475346705608
1065                 0.73633639404935
1067                 0.64966442868908
1069                 0.57330451947557
1071                 0.50600540108636
1073                 0.44667301341228
1075                 0.39434957203266
1077                 0.34819567936939
1079                 0.30747498160899
1081                 0.27154096764903
1083                 0.23982557858293
1085                 0.21182935433739
1087                 0.18711289014206
1089                 0.16528941340965
1091                 0.14601832212691
1093                 0.12899955067258
1095                 0.11396864990854
1097                 0.10069248520761
1099                 0.088965470319557
1101                 0.078606266846748
1103                 0.069454889009002
1105                 0.061370161845709
1107                 0.054227487975567
1109                 0.047916884220456
1111                 0.042341254342659
1113                 0.037414868914176
1115                 0.033062026627562
1117                 0.029215875039235
1119                 0.025817371360759
1121                 0.02281436638274
1123                 0.020160796587732
1125                 0.017815971702362
1127                 0.015743946097935
1129                 0.01391296413189
1131                 0.012294970654914
1133                 0.010865178925457
1135                 0.0096016891681927
1137                 0.0084851518167284
1139                 0.0074984701070591
1141                 0.0066265374965013
1143                 0.0058560057336621
1145                 0.0051750799956451
1147                 0.0045733379572255
1149                 0.0040415699720242
1151                 0.0035716378787853
1153                 0.0031563502478349
1155                 0.0027893522203115
1157                 0.0024650281194027
1159                 0.0021784154569104
1161                 0.0019251289185007
1163                 0.0017012932085336
1165                 0.0015034837375083
1167                 0.0013286741618046
1169                 0.0011741900918238
1171                 0.0010376681469637
1173                 0.00091701974458402
1175                 0.00081039920107884
1177                 0.00071617544339375
1179                 0.00063290705565322
1181                 0.00055932022569039
1183                 0.00049428927617612
1185                 0.00043681938510787
1187                 0.00038603144680849
1189                 0.00034114853164624
1191                 0.0003014840732618
1193                 0.00026643132144955
1195                 0.0002354540784566
1197                 0.00020807848333249
1199                 0.00018388579103856
1201                 0.00016250591539091
1203                 0.00014361182909539
1205                 0.00012691450557156
1207                 0.00011215853135127
1209                 9.9118198093606e-05
1211                 8.7594020925508e-05
1213                 7.74097319578e-05
1215                 6.8409535813885e-05
1217                 6.0455764838707e-05
1219                 5.3426765234121e-05
1221                 4.721499635707e-05
1223                 4.1725449761998e-05
1225                 3.6874165942891e-05
1227                 3.2586915388322e-05
1229                 2.8798137208241e-05
1231                 2.5449859997195e-05
1233                 2.2490880269288e-05
1235                 1.9875936452252e-05
1237                 1.7565016108279e-05
1239                 1.5522783058941e-05
1241                 1.3717995628326e-05
1243                 1.2123040349366e-05
1245                 1.0713527842654e-05
1247                 9.4678975770535e-06
1249                 8.3670936845692e-06
1251                 7.3942718614717e-06
1253                 6.5345551192308e-06
1255                 5.7747984172352e-06
1257                 5.1033799408629e-06
1259                 4.5100190249059e-06
1261                 3.9856518085912e-06
1263                 3.5222447181127e-06
1265                 3.1127234123574e-06
1267                 2.7508084698979e-06
1269                 2.4309754209639e-06
1271                 2.1483259615707e-06
1273                 1.8985479854905e-06
1275                 1.6778001210582e-06
1277                 1.4827250538474e-06
1279                 1.3103340634757e-06
1281                 1.1579759373603e-06
1283                 1.023336970718e-06
1285                 9.0435214872286e-07
1287                 7.9920070561457e-07
1289                 7.0627503845344e-07
1291                 6.2415850266007e-07
1293                 5.5157656220217e-07
1295                 4.8744563940772e-07
1297                 4.3076209266246e-07
1299                 3.8067327068347e-07
1301                 3.3641089913772e-07
1303                 2.9729552153412e-07
1305                 2.627231765473e-07
1307                 2.3216983890961e-07
1309                 2.0517365584283e-07
1311                 1.8131274259758e-07
1313                 1.602273869139e-07
1315                 1.4159340366859e-07
1317                 1.2512657576735e-07
1319                 1.1057377236057e-07
1321                 9.7717389735408e-08
1323                 8.6353146855345e-08
1325                 7.6307848928536e-08
1327                 6.7426064731535e-08
1329                 5.9587890177681e-08
1331                 5.2651216719823e-08
1333                 4.6522785623893e-08
1335                 4.1113779047919e-08
1337                 3.6322056473637e-08
1339                 3.2098768087963e-08
1341                 2.8359536941025e-08
1343                 2.5059954111839e-08
1345                 2.2137847111026e-08
1347                 1.9557688801797e-08
1349                 1.7279511155266e-08
1351                 1.5267787034645e-08
1353                 1.3486989303146e-08
1355                 1.1914913500277e-08
1357                 1.0520473381348e-08
1359                 9.2992280542603e-09
1361                 8.2067685980292e-09
1363                 7.247535904753e-09
1365                 6.3993255139394e-09
1367                 5.6532556413913e-09
1369                 4.9871218266162e-09
1371                 4.4053649617126e-09
1373                 3.885780586188e-09
1375                 3.432809592141e-09
1377                 3.0286884111774e-09
1379                 2.6689761511989e-09
1381                 2.3536728122053e-09
1383                 2.0783375020983e-09
1385                 1.8340884366808e-09
1387                 1.6120438317557e-09
1389                 1.4210854715202e-09
1391                 1.2523315717772e-09
1393                 1.1013412404282e-09
1395                 9.6811447747314e-10
1397                 8.5265128291212e-10
1399                 7.5051076464661e-10
1401                 6.5725203057809e-10
1403                 5.7731597280508e-10
1405                 5.0182080713057e-10
1407                 4.4408920985006e-10
1409                 3.8191672047105e-10
1411                 3.3750779948605e-10
1413                 2.9309887850104e-10
1415                 2.5757174171304e-10
1417                 2.2648549702353e-10
1419                 1.9539925233403e-10
1421                 1.6875389974302e-10
1423                 1.4654943925052e-10
1425                 1.2434497875802e-10
1427                 1.0658141036402e-10
1429                 9.3258734068513e-11
1431                 7.5495165674511e-11
1433                 6.6613381477509e-11
1435                 5.3290705182008e-11
1437                 4.8849813083507e-11
1439                 3.5527136788005e-11
1441                 3.5527136788005e-11
1443                 2.2204460492503e-11
1445                 2.2204460492503e-11
1447                 1.3322676295502e-11
1449                 8.8817841970013e-12
1451                 8.8817841970013e-12
1453                 8.8817841970013e-12
1455                 -0
1457                 -0
1459                 -4.4408920985006e-12
1461                 -4.4408920985006e-12
1463                 -4.4408920985006e-12
1465                 -8.8817841970013e-12
1467                 -8.8817841970013e-12
1469                 -8.8817841970013e-12
1471                 -8.8817841970013e-12
1473                 -1.3322676295502e-11
1475                 -1.7763568394003e-11
1477                 -1.3322676295502e-11
1479                 -1.7763568394003e-11
1481                 -2.2204460492503e-11
1483                 -1.7763568394003e-11
1485                 -2.2204460492503e-11
1487                 -1.7763568394003e-11
1489                 -1.7763568394003e-11
1491                 -1.7763568394003e-11
1493                 -1.7763568394003e-11
1495                 -1.7763568394003e-11
1497                 -1.7763568394003e-11
1499                 -1.7763568394003e-11
1501                 -1.7763568394003e-11
1503                 -1.7763568394003e-11
1505                 -1.7763568394003e-11
1507                 -1.7763568394003e-11
1509                 -1.3322676295502e-11
1511                 -1.7763568394003e-11
1513                 -1.7763568394003e-11
1515                 -1.7763568394003e-11
1517                 -1.3322676295502e-11
1519                 -1.3322676295502e-11
1521                 -8.8817841970013e-12
1523                 -8.8817841970013e-12
1525                 -8.8817841970013e-12
1527                 -8.8817841970013e-12
1529                 -4.4408920985006e-12
1531                 -4.4408920985006e-12
1533                 -4.4408920985006e-12
1535                 -0
1537                 4.4408920985006e-12
1539                 4.4408920985006e-12
1541                 1.3322676295502e-11
1543                 1.3322676295502e-11
1545                 1.7763568394003e-11
1547                 2.2204460492503e-11
1549                 3.1086244689504e-11
1551                 3.5527136788005e-11
1553                 4.4408920985006e-11
1555                 4.8849813083507e-11
1557                 6.2172489379009e-11
1559                 7.5495165674511e-11
1561                 8.4376949871512e-11
1563                 9.7699626167014e-11
1565                 1.1546319456102e-10
1567                 1.3322676295502e-10
1569                 1.5099033134902e-10
1571                 1.7763568394003e-10
1573                 2.0428103653103e-10
1575                 2.3092638912203e-10
1577                 2.6201263381154e-10
1579                 3.0198066269804e-10
1581                 3.4638958368305e-10
1583                 3.9523939676656e-10
1585                 4.4853010194856e-10
1587                 5.1070259132757e-10
1589                 5.7731597280508e-10
1591                 6.6169292267659e-10
1593                 7.5495165674511e-10
1595                 8.4821039081362e-10
1597                 9.6811447747314e-10
1599                 1.0924594562312e-09
1601                 1.2434497875802e-09
1603                 1.4077627952247e-09
1605                 1.5942802633617e-09
1607                 1.8118839761883e-09
1609                 2.0472512574088e-09
1611                 2.3225865675158e-09
1613                 2.6290081223124e-09
1615                 2.9798385980939e-09
1617                 3.370637102762e-09
1619                 3.814726312612e-09
1621                 4.3209880118411e-09
1623                 4.8894222004492e-09
1625                 5.5377924468303e-09
1627                 6.2660987509844e-09
1629                 7.0921046813055e-09
1631                 8.0291329140891e-09
1633                 9.0860652335323e-09
1635                 1.0280665208029e-08
1637                 1.163957819017e-08
1639                 1.3167245072054e-08
1641                 1.4908074774667e-08
1643                 1.6866508190105e-08
1645                 1.9091395131454e-08
1647                 2.1600499167107e-08
1649                 2.4447111002246e-08
1651                 2.766231688156e-08
1653                 3.1303848402331e-08
1655                 3.5424996269739e-08
1657                 4.0087932973165e-08
1659                 4.5363712786184e-08
1661                 5.1332271766569e-08
1663                 5.8091309540487e-08
1665                 6.5734084842006e-08
1667                 7.4384942649885e-08
1669                 8.4177109727079e-08
1671                 9.5248253728641e-08
1673                 1.0778489212271e-07
1675                 1.2196910148532e-07
1677                 1.380140446372e-07
1679                 1.5617729332007e-07
1681                 1.7672530105983e-07
1683                 1.9997781208758e-07
1685                 2.262945386633e-07
1687                 2.5606627929164e-07
1689                 2.8975488675087e-07
1691                 3.278843863086e-07
1693                 3.7101877126133e-07
1695                 4.1983749810015e-07
1697                 4.750733140213e-07
1699                 5.375744294156e-07
1701                 6.0830451786842e-07
1703                 6.883427161597e-07
1705                 7.7890138783232e-07
1707                 8.8137941389732e-07
1709                 9.9733998837337e-07
1711                 1.1285550272078e-06
1713                 1.2770362545211e-06
1715                 1.4450485252837e-06
1717                 1.6351675569126e-06
1719                 1.8502976928403e-06
1721                 2.0937251932196e-06
1723                 2.3691892891975e-06
1725                 2.6808910646992e-06
1727                 3.0336000378384e-06
1729                 3.4327118925148e-06
1731                 3.884337296256e-06
1733                 4.395372954491e-06
1735                 4.9736481599894e-06
1737                 5.6280002880271e-06
1739                 6.3684346685022e-06
1741                 7.2062933398342e-06
1743                 8.1543705121589e-06
1745                 9.2271923435305e-06
1747                 1.0441145725792e-05
1749                 1.1814820233269e-05
1751                 1.3369221285586e-05
1753                 1.5128120978147e-05
1755                 1.7118426676177e-05
1757                 1.9370580695011e-05
1759                 2.1919044357332e-05
1761                 2.4802786491307e-05
1763                 2.8065914037256e-05
1765                 3.1758355945044e-05
1767                 3.5936587039487e-05
1769                 4.0664511757882e-05
1771                 4.6014467791622e-05
1773                 5.2068269695837e-05
1775                 5.8918532275243e-05
1777                 6.6670038378902e-05
1779                 7.5441342062277e-05
1781                 8.5366633761907e-05
1783                 9.6597716492397e-05
1785                 0.00010930639504636
1787                 0.00012368705615273
1789                 0.00013995967940161
1791                 0.00015837315903156
1793                 0.0001792091630648
1795                 0.00020278639656368
1797                 0.00022946549993463
1799                 0.00025965455563437
1801                 0.00029381534538686
1803                 0.00033247037567463
1805                 0.00037621091575346
1807                 0.00042570600822245
1809                 0.00048171272748476
1811                 0.00054508771718531
1813                 0.00061680033969225
1815                 0.00069794745982676
1817                 0.00078977025808058
1819                 0.00089367315325717
1821                 0.0010112453541211
1823                 0.0011442850889054
1825                 0.0012948271344015
1827                 0.0014651739288496
1829                 0.0016579307526854
1831                 0.0018760455677835
1833                 0.0021228540703078
1835                 0.002402130681034
1837                 0.002718146223657
1839                 0.0030757331836995
1841                 0.0034803595383437
1843                 0.0039382122984932
1845                 0.0044562919931934
1847                 0.0050425195619042
1849                 0.0057058572977553
1851                 0.006456445640346
1853                 0.0073057578919844
1855                 0.0082667752288046
1857                 0.0093541846268863
1859                 0.010584602758712
1861                 0.011976829066285
1863                 0.013552132065442
1865                 0.015334572962544
1867                 0.017351371530694
1869                 0.019633319729984
1871                 0.022215249129154
1873                 0.025136559207439
1875                 0.028441814179381
1877                 0.032181417268795
1879                 0.036412372130812
1881                 0.041199142684079
1883                 0.046614623561148
1885                 0.052741235219145
1887                 0.059672159178348
1889                 0.067512730761443
1891                 0.076382008638021
1893                 0.086414542668223
1895                 0.097762363862053
1897                 0.11059722277107
1899                 0.12511310528929
1901                 0.14152905773113
1903                 0.1600923556877
1905                 0.18108205458667
1907                 0.20481296211905
1909                 0.23164007604937
1911                 0.2619635328438
1913                 0.29623411466062
1915                 0.33495936313965
1917                 0.37871034834325
1919                 0.42812913917611
1921                 0.48393701778338
1923                 0.54694347299655
1925                 0.61805599698594
1927                 0.69829069313965
1929                 0.78878368061197
1931                 0.89080325031521
1933                 1.0057626869164
1935                 1.1352336188342
1937                 1.2809596919583
1939                 1.4448702798386
1941                 1.6290938416752
1943                 1.8359704178916
1945                 2.0680626103031
1947                 2.3281642307049
1949                 2.6193056213986
1951                 2.9447544589356
1953                 3.3080106606498
1955                 3.7127938370851
1957                 4.1630215977495
1959                 4.6627769535013
1961                 5.2162631073482
1963                 5.8277441334864
1965                 6.5014704638555
1967                 7.2415887807598
1969                 8.0520368898584
1971                 8.936425430992
1973                 9.8979098426533
1975                 10.939057739368
1977                 12.061718628034
1979                 13.266904443934
1981                 14.554690436137
1983                 15.924146161876
1985                 17.373305484476
1987                 18.899182353134
1989                 20.497835807709
1991                 22.164483371818
1993                 23.893657285363
1995                 25.679393566076
1997                 27.515440403194
1999                 29.395470479332
2001                 25.769116592369
2003                 21.676398317418
2005                 18.37463165157
2007                 15.675362831042
2009                 13.443789547876
2011                 11.581317777627
2013                 10.014364240916
2015                 8.6870012325146
2017                 7.5560178332124
2019                 6.5875340144039
2021                 5.7546337677961
2023                 5.0356803294882
2025                 4.4130965824429
2027                 3.872468308237
2029                 3.4018752033127
2031                 2.9913850524244
2033                 2.6326664567611
2035                 2.318688862526
2037                 2.0434876817976
2039                 1.8019785171353
2041                 1.5898088377053
2043                 1.4032385159091
2045                 1.2390428220188
2047                 1.0944330558216
2049                 0.9669911499488
2051                 0.85461543282594
2053                 0.75547537425891
2055                 0.66797361505611
2057                 0.59071394403976
2059                 0.52247416312934
2061                 0.46218299472489
2063                 0.4089003511476
2065                 0.36180041572464
2067                 0.32015708714361
2069                 0.28333141945946
2071                 0.250760754823
2073                 0.22194929786945
2075                 0.19645992229034
2077                 0.17390703452413
2079                 0.15395034688837
2081                 0.13628943566601
2083                 0.12065897824431
2085                 0.1068245792224
2087                 0.094579108469439
2089                 0.083739485012835
2091                 0.0741438498153
2093                 0.065649078488939
2095                 0.058128591362561
2097                 0.051470424193845
2099                 0.045575527427566
2101                 0.040356266208796
2103                 0.035735096868272
2105                 0.031643398559211
2107                 0.0280204415537
2109                 0.024812475931668
2111                 0.021971926273956
2113                 0.019456680027119
2115                 0.017229458322277
2117                 0.015257259691204
2119                 0.013510868139832
2121                 0.011964418029642
2123                 0.010595009132253
2125                 0.0093823661417858
2127                 0.0083085373381309
2129                 0.0073576279691068
2131                 0.006515564288101
2133                 0.0057698847033549
2135                 0.0051095549791214
2137                 0.0045248045887902
2139                 0.0040069819018385
2141                 0.0035484259663932
2143                 0.0031423530311159
2145                 0.0027827560433735
2147                 0.002464315684847
2149                 0.0021823216300731
2151                 0.0019326027889122
2153                 0.0017114655959105
2155                 0.0015156392851878
2157                 0.0013422275424446
2159                 0.001188665628149
2161                 0.0010526824034685
2163                 0.00093226675268454
2165                 0.00082563782477507
2167                 0.00073121867227854
2169                 0.00064761293661064
2171                 0.00057358421123865
2173                 0.00050803769635621
2175                 0.00045000406956319
2177                 0.00039862509737532
2179                 0.00035314097424077
2181                 0.00031287906931965
2183                 0.00027724398332651
2185                 0.00024570874224139
2187                 0.00021780699910323
2189                 0.00019312614618627
2191                 0.00017130119545072
2193                 0.00015200940950422
2195                 0.00013496550099745
2197                 0.00011991742709938
2199                 0.00010664265914784
2201                 9.4944891948501e-05
2203                 8.4651139431458e-05
2205                 7.560918557914e-05
2207                 6.7685315130461e-05
2209                 6.0762350706511e-05
2211                 5.4737925303527e-05
2213                 4.9522941303337e-05
2215                 4.5040295937326e-05
2217                 4.122367780468e-05
2219                 3.801666981218e-05
2221                 3.537183879132e-05
2223                 3.3250069364499e-05
2225                 3.1619991069931e-05
2227                 3.0457498745307e-05
2229                 2.9745406138204e-05
2231                 2.9473170570782e-05
2233                 2.9636777476583e-05
2235                 3.0238642700908e-05
2237                 3.128765690974e-05
2239                 3.2799349902746e-05
2241                 3.4796063808074e-05
2243                 3.7307330558178e-05
2245                 4.0370280451896e-05
2247                 4.4030215029522e-05
2249                 4.8341251002171e-05
2251                 5.3367132935023e-05
2253                 5.9182192480023e-05
2255                 6.5872400867306e-05
2257                 7.3536718936396e-05
2259                 8.2288456049184e-05
2261                 9.2257042005883e-05
2263                 0.00010358988777881
2265                 0.0001164545704313
2267                 0.00013104132889907
2269                 0.00014756587063403
2271                 0.00016627253796031
2273                 0.00018743796736942
2275                 0.0002113751262911
2277                 0.00023843798491185
2279                 0.00026902673422313
2281                 0.00030359369240784
2283                 0.00034265000614653
2285                 0.0003867732090157
2287                 0.00043661575244158
2289                 0.00049291464687684
2291                 0.00055650239083604
2293                 0.00062831923663964
2295                 0.00070942711261068
2297                 0.00080102533051019
2299                 0.00090446828693302
2301                 0.0010212855316993
2303                 0.0011532043275864
2305                 0.0013021751987807
2307                 0.0014704007922361
2309                 0.0016603683805627
2311                 0.0018748866503771
2313                 0.0021171272068798
2315                 0.0023906714297084
2317                 0.0026995633950477
2319                 0.0030483696189521
2321                 0.0034422464789685
2323                 0.0038870164287275
2325                 0.0043892539158819
2327                 0.004956382482213
2329                 0.0055967843248794
2331                 0.0063199240152301
2333                 0.0071364880849245
2335                 0.0080585427086888
2337                 0.009099711557603
2339                 0.010275376589597
2341                 0.011602904690378
2343                 0.013101903357793
2345                 0.01479450927544
2347                 0.01670571389667
2349                 0.018863730710805
2351                 0.021300409605018
2353                 0.024051704130557
2355                 0.027158198525612
2357                 0.030665701848953
2359                 0.034625917781916
2361                 0.039097199486804
2363                 0.044145400162066
2365                 0.049844831058188
2367                 0.056279340303611
2369                 0.063543527213383
2371                 0.071744108627314
2373                 0.081001455427554
2375                 0.091451319730318
2377                 0.10324677500062
2379                 0.11656039392793
2381                 0.13158669138313
2383                 0.148544862002
2385                 0.16768184508908
2387                 0.1892757517874
2389                 0.21363969236354
2391                 0.24112604382509
2393                 0.27213120024516
2395                 0.30710084998109
2397                 0.34653582468458
2399                 0.39099856518732
2401                 0.4411202473964
2403                 0.49760860794557
2405                 0.56125650284233
2407                 0.6329512227321
2409                 0.71368457391419
2411                 0.80456371439386
2413                 0.90682270710296
2415                 1.0218347165702
2417                 1.1511247290885
2419                 1.2963826170731
2421                 1.4594762948938
2423                 1.6424646225444
2425                 1.8476096047371
2427                 2.0773873036761
2429                 2.3344967356165
2431                 2.6218658543486
2433                 2.9426535449462
2435                 3.3002463655452
2437                 3.6982485976988
2439                 4.1404640158493
2441                 4.6308676909668
2443                 5.1735661380636
2445                 5.772744244199
2447                 6.4325977234647
2449                 7.1572503872552
2451                 7.9506563378606
2453                 8.8164883170849
2455                 9.7580148629683
2457                 10.777970590627
2459                 11.878425694083
2461                 13.060662464826
2463                 14.325067967622
2465                 15.671052685118
2467                 17.097004623134
2469                 18.600286820045
2471                 20.177283348857
2473                 21.823494898152
2475                 23.533680291821
2477                 25.302035509873
2479                 27.122397674297
2481                 28.988458784793
2483                 30.893973222188
2485                 32.832944316241
2487                 34.799778338037
2489                 36.78939853629
2491                 38.797316530892
2493                 40.819662752596
2495                 42.853181090448
2497                 44.895195150207
2499                 46.94355448033
2501                 48.996568949708
2503                 51.052938460932
2505                 53.111683696963
2507                 55.172081945551
2509                 57.233610470391
2511                 59.295898560627
2513                 61.358688367359
2515                 63.421803936934
2517                 65.485127442093
2519                 67.54858143549
2521                 69.612115940334
2523                 71.675699289466
2525                 73.739311776841
2527                 75.802941357597
2529                 77.866580799508
2531                 79.930225836178
2533                 81.993873994644
2535                 84.057523866341
2537                 86.121174662785
2539                 88.184825950193
2541                 90.248477493986
2543                 92.312129169476
2545                 94.375780911518
2547                 96.439432686635
2549                 98.503084477917
2551                 106.65925648464
2553                 106.80275472551
2555                 106.94625296641
2557                 107.08975120732
2559                 107.23324944823
2561                 107.37674768915
2563                 107.52024593007
2565                 107.66374417099
2567                 107.8072424119
2569                 107.95074065282
2571                 108.09423889374
2573                 108.23773713466
2575                 108.38123537558
2577                 108.5247336165
2579                 108.66823185741
2581                 108.81173009833
2583                 108.95522833925
2585                 109.09872658017
2587                 109.24222482109
2589                 109.38572306201
2591                 109.52922130292
2593                 109.67271954384
2595                 109.81621778476
2597                 109.95971602567
2599                 110.10321426659
2601                 110.24671250751
2603                 110.39021074843
2605                 110.53370898935
2607                 110.67720723027
2609                 110.82070547119
2611                 110.9642037121
2613                 111.10770195302
2615                 111.25120019394
2617                 111.39469843485
2619                 111.53819667577
2621                 111.68169491669
2623                 111.82519315761
2625                 111.96869139853
2627                 112.11218963944
2629                 112.25568788036
2631                 112.39918612128
2633                 112.5426843622
2635                 112.68618260311
2637                 112.82968084403
2639                 112.97317908495
2641                 113.11667732587
2643                 113.26017556679
2645                 113.4036738077
2647                 113.54717204862
2649                 113.69067028953
2651                 113.83416853046
2653                 113.97766677137
2655                 114.12116501229
2657                 114.26466325321
2659                 114.40816149413
2661                 114.55165973504
2663                 114.69515797596
2665                 114.83865621688
2667                 114.98215445779
2669                 115.12565269871
2671                 115.26915093963
2673                 115.41264918054
2675                 115.55614742146
2677                 115.69964566238
2679                 115.8431439033
2681                 115.98664214421
2683                 116.13014038514
2685                 116.27363862605
2687                 116.41713686697
2689                 116.56063510789
2691                 116.7041333488
2693                 116.84763158972
2695                 116.99112983064
2697                 117.13462807156
2699                 117.27812631248
2701                 117.42162455339
2703                 117.56512279431
2705                 117.70862103523
2707                 117.85211927615
2709                 117.99561751706
2711                 118.13911575798
2713                 118.2826139989
2715                 118.42611223983
2717                 118.56961048075
2719                 118.7131087217
2721                 118.85660696268
2723                 119.00010520375
2725                 119.14360344505
2727                 119.28710168694
2729                 119.4305999303
2731                 119.57409817738
2733                 119.71759643382
2735                 119.86109471393
2737                 120.00459305394
2739                 120.14809154558
2740.9774419792      112.33268287194
2742.8832025866      112.46931693146
2744.6931852871      112.60964207698
2746.4122035958      112.763826288
2748.0448291145      112.95012372683
2749.5954036903      113.20034759888
2751.0680509614      113.56825617514
2752.4666873243      114.14205226349
2753.795032349       115.06271411644
2755.0566186707      116.55090111571
2756.2548013851      118.94739181387
2757.3927669703      122.77691490031
2758.4735417618      128.8562226512
2759.5               138.49258193635
2760.5               153.31430420009
2761.5               146.43103687017
2762.5               139.55131122093
2763.5               132.67744681366
2764.5               125.81300569028
2765.5               118.96327961049
2766.5               112.13586763943
2767.5               105.34130829496
2768.5               98.593701016774
2769.5               91.911222143113
2770.5               85.316419094572
2771.5               78.836162792491
2772.5               72.501160744951
2773.5               66.34498468242
2774.5               60.402641608284
2775.5               54.708801029226
2776.5               49.295863378398
2777.5               44.192095190259
2778.5               39.420053202603
2779.5               34.995472612982
2780.5               30.926717016675
2781.5               27.214799405149
2782.5               23.853905527909
2783.5               20.832297394595
2784.5               18.133451211
2785.5               15.737287820305
2786.5               13.621376777966
2787.5               11.762027974345
2788.5               10.135218911176
2789.5               8.7173356633929
2790.5               7.4857283806162
2791.5               6.4190973369049
2792.5               5.4977338947948
2793.5               4.7036438483472
2794.5               4.020580104751
2795.5               3.4340090044238
2796.5               2.9310308818897
2797.5               2.5002715029343
2798.5               2.1317572519508
2799.5               1.8167836372029
2800.5               1.5477839287237
2801.5               1.3182025455727
2802.5               1.1223761160761
2803.5               0.95542387263947
2804.5               0.81314813234368
2805.5               0.69194498121039
2806.5               0.58872485838135
2807.5               0.50084247238624
2808.5               0.42603533182195
2809.5               0.36237010348383
2810.5               0.30819599647458
2811.5               0.26210439269869
2812.5               0.22289398794229
2813.5               0.1895407643171
2814.5               0.16117217710443
2815.5               0.13704500247069
2816.5               0.11652635427462
2817.5               0.099077436388484
2818.5               0.084239650621765
2819.5               0.071622729074239
2820.5               0.060894603324257
2821.5               0.051772761706648
2822.5               0.044016879892084
2823.5               0.03742254012673
2824.5               0.031815880192632
2825.5               0.027049036044335
2826.5               0.022996261401786
2827.5               0.019550624532627
2828.5               0.016621196912148
2829.5               0.014130660928036
2830.5               0.012013274457434
2831.5               0.010213139272075
2832.5               0.0086827280854074
2833.5               0.0073816317325281
2834.5               0.0062754936114295
2835.5               0.0053351035189664
2836.5               0.0045356270295116
2837.5               0.0038559501924773
2838.5               0.0032781223047174
2839.5               0.0027868821206312
2840.5               0.0023692549500076
2841.5               0.0020142101697651
2842.5               0.0017123699280752
2843.5               0.0014557615601873
2844.5               0.0012376070479547
2845.5               0.0010521440163558
2846.5               0.00089447357076722
2847.5               0.00076043090047051
2848.5               0.00064647529107731
2849.5               0.00054959661488496
2850.5               0.00046723580560126
2851.5               0.00039721729017117
2852.5               0.00033769150586949
2853.5               0.00028708605492866
2854.5               0.00024406417553635
2855.5               0.00020748941453874
2856.5               0.00017639563809624
2857.5               0.00014996148323121
2858.5               0.00012748867073142
2859.5               0.00010838356878651
2860.5               9.2141503316157e-05
2861.5               7.8333428632504e-05
2862.5               6.6594594283487e-05
2863.5               5.6614906096542e-05
2864.5               4.8130746055364e-05
2865.5               4.0918004540202e-05
2866.5               3.4786138414233e-05
2867.5               2.9573181681286e-05
2868.5               2.5141422277386e-05
2869.5               2.1373796066371e-05
2870.5               1.8170775994975e-05
2871.5               1.5447749746045e-05
2872.5               1.3132790410708e-05
2873.5               1.1164746904768e-05
2874.5               9.4916252635358e-06
2875.5               8.0692363901846e-06
2876.5               6.8600014557774e-06
2877.5               5.8319793438955e-06
2878.5               4.9580139993566e-06
2879.5               4.2150172241406e-06
2880.5               3.5833669365104e-06
2881.5               3.0463742639597e-06
2882.5               2.5898505562338e-06
2883.5               2.2017454526235e-06
2884.5               1.8717960514891e-06
2885.5               1.5912937634255e-06
2886.5               1.3528267395202e-06
2887.5               1.1500977947776e-06
2888.5               9.7774455198874e-07
2889.5               8.3122397853685e-07
2890.5               7.0665695517391e-07
2891.5               6.0076166263912e-07
2892.5               5.1073145712621e-07
2893.5               4.3419268180855e-07
2894.5               3.6912917167342e-07
2895.5               3.138089788024e-07
2896.5               2.6678437237138e-07
2897.5               2.2680524125462e-07
2898.5               1.9281687357875e-07
2899.5               1.6392220913986e-07
2900.5               1.39357414497e-07
2901.5               1.1847189895775e-07
2902.5               1.0071721234794e-07
2903.5               8.5624840551191e-08
2904.5               7.2795103278622e-08
2905.5               6.1883831392606e-08
2906.5               5.2611248690937e-08
2907.5               4.4726444770049e-08
2908.5               3.8025138593412e-08
2909.5               3.2327474031035e-08
2910.5               2.7482460751571e-08
2911.5               2.3363533330212e-08
2912.5               1.9861889910544e-08
2913.5               1.6886492204549e-08
2914.5               1.4355183708403e-08
2915.5               1.2205791932729e-08
2916.5               1.0376144388147e-08
2917.5               8.8196117076222e-09
2918.5               7.4984463083183e-09
2919.5               6.3749006073976e-09
2920.5               5.42010880622e-09
2921.5               4.6052051061451e-09
2922.5               3.9146463848283e-09
2923.5               3.3306690738755e-09
2924.5               2.8310687127941e-09
2925.5               2.4047430713381e-09
2926.5               2.0450308113595e-09
2927.5               1.738609256563e-09
2928.5               1.4788170688007e-09
2929.5               1.2567724638757e-09
2930.5               1.0680345496894e-09
2931.5               9.0816243414338e-10
2932.5               7.7271522513911e-10
2933.5               6.5725203057809e-10
2934.5               5.5733195836183e-10
2935.5               4.7517545453957e-10
2936.5               4.0412118096356e-10
2937.5               3.441691376338e-10
2938.5               2.9309887850104e-10
2939.5               2.4868995751604e-10
2940.5               2.1094237467878e-10
2941.5               1.7985612998928e-10
2942.5               1.5321077739827e-10
2943.5               1.3100631690577e-10
2944.5               1.0880185641327e-10
2945.5               9.3258734068513e-11
2946.5               7.9936057773011e-11
2947.5               6.883382752676e-11
2948.5               5.7731597280508e-11
2949.5               4.8849813083507e-11
2950.5               4.2188474935756e-11
2951.5               3.5527136788005e-11
2952.5               3.1086244689504e-11
2953.5               2.4424906541753e-11
2954.5               2.2204460492503e-11
2955.5               1.9984014443253e-11
2956.5               1.7763568394003e-11
2957.5               1.3322676295502e-11
2958.5               1.1102230246252e-11
2959.5               8.8817841970013e-12
2960.5               6.6613381477509e-12
2961.5               6.6613381477509e-12
2962.5               4.4408920985006e-12
2963.5               4.4408920985006e-12
2964.5               4.4408920985006e-12
2965.5               4.4408920985006e-12
2966.5               2.2204460492503e-12
2967.5               2.2204460492503e-12
2968.5               2.2204460492503e-12
2969.5               2.2204460492503e-12
2970.5               2.2204460492503e-12
2971.5               -0
2972.5               2.2204460492503e-12
2973.5               2.2204460492503e-12
2974.5               -0
2975.5               -0
2976.5               -0
2977.5               -0
2978.5               -0
2979.5               2.2204460492503e-12
2980.5               -0
2981.5               2.2204460492503e-12
2982.5               -0
2983.5               -0
2984.5               -2.2204460492503e-12
2985.5               -0
2986.5               -0
2987.5               -0
2988.5               2.2204460492503e-12
2989.5               -0
2990.5               -0
2991.5               -0
2992.5               -2.2204460492503e-12
2993.5               -2.2204460492503e-12
2994.5               -2.2204460492503e-12
2995.5               -2.2204460492503e-12
2996.5               -2.2204460492503e-12
2997.5               -2.2204460492503e-12
2998.5               -2.2204460492503e-12
2999.5               -0
3000.5               -0
3001.5               -0
3002.5               -0
3003.5               -0
3004.5               -0
3005.5               -0
3006.5               -0
3007.5               -0
3008.5               2.2204460492503e-12
3009.5               -0
3010.5               2.2204460492503e-12
3011.5               2.2204460492503e-12
3012.5               2.2204460492503e-12
3013.5               -0
3014.5               -0
3015.5               -0
3016.5               -0
3017.5               -0
3018.5               -0
3019.5               2.2204460492503e-12
3020.5               -0
3021.5               2.2204460492503e-12
3022.5               -2.2204460492503e-12
3023.5               -0
3024.5               -2.2204460492503e-12
3025.5               -2.2204460492503e-12
3026.5               -2.2204460492503e-12
3027.5               -2.2204460492503e-12
3028.5               -0
3029.5               -2.2204460492503e-12
3030.5               -2.2204460492503e-12
3031.5               -0
3032.5               -2.2204460492503e-12
3033.5               -0
3034.5               -0
3035.5               -0
3036.5               -0
3037.5               2.2204460492503e-12
3038.5               -0
3039.5               2.2204460492503e-12
3040.5               2.2204460492503e-12
3041.5               -0
3042.5               2.2204460492503e-12
3043.5               -0
3044.5               -0
3045.5               -2.2204460492503e-12
3046.5               -0
3047.5               2.2204460492503e-12
3048.5               -0
3049.5               2.2204460492503e-12
3050.5               2.2204460492503e-12
3051.5               2.2204460492503e-12
3052.5               -0
3053.5               2.2204460492503e-12
3054.5               -0
3055.5               -0
3056.5               -0
3057.5               -0
3058.5               -0
3059.5               -2.2204460492503e-12
3060.5               -0
3061.5               -0
3062.5               -0
3063.5               2.2204460492503e-12
3064.5               -0
3065.5               2.2204460492503e-12
3066.5               -0
3067.5               2.2204460492503e-12
3068.5               2.2204460492503e-12
3069.5               2.2204460492503e-12
3070.5               -0
3071.5               2.2204460492503e-12
3072.5               -0
3073.5               -0
3074.5               -0
3075.5               -2.2204460492503e-12
3076.5               -0
3077.5               -0
3078.5               -0
3079.5               2.2204460492503e-12
3080.5               -0
3081.5               2.2204460492503e-12
3082.5               -0
3083.5               -0
3084.5               -0
3085.5               -0
3086.5               -2.2204460492503e-12
3087.5               -0
3088.5               2.2204460492503e-12
3089.5               -0
3090.5               -0
3091.5               -0
3092.5               -0
3093.5               -2.2204460492503e-12
3094.5               -2.2204460492503e-12
3095.5               -2.2204460492503e-12
3096.5               -2.2204460492503e-12
3097.5               -2.2204460492503e-12
3098.5               -2.2204460492503e-12
3099.5               -0
3100.5               -0
3101.5               -0
3102.5               2.2204460492503e-12
3103.5               -0
3104.5               -0
3105.5               -0
3106.5               -0
3107.5               -0
3108.5               -2.2204460492503e-12
3109.5               -0
3110.5               -2.2204460492503e-12
3111.5               -2.2204460492503e-12
3112.5               -2.2204460492503e-12
3113.5               -2.2204460492503e-12
3114.5               -2.2204460492503e-12
3115.5               -0
3116.5               -0
3117.5               -0
3118.5               -0
3119.5               -0
3120.5               -0
3121.5               -0
3122.5               -0
3123.5               -0
3124.5               2.2204460492503e-12
3125.5               2.2204460492503e-12
3126.5               2.2204460492503e-12
3127.5               -0
3128.5               -0
3129.5               -0
3130.5               -0
3131.5               -2.2204460492503e-12
3132.5               -0
3133.5               -2.2204460492503e-12
3134.5               -0
3135.5               -0
3136.5               2.2204460492503e-12
3137.5               2.2204460492503e-12
3138.5               2.2204460492503e-12
3139.5               -0
3140.5               2.2204460492503e-12
3141.5               2.2204460492503e-12
3142.5               2.2204460492503e-12
3143.5               -0
3144.5               -0
3145.5               -0
3146.5               -0
3147.5               -0
3148.5               2.2204460492503e-12
3149.5               2.2204460492503e-12
3150.5               -0
3151.5               -0
3152.5               2.2204460492503e-12
3153.5               -0
3154.5               -2.2204460492503e-12
3155.5               -0
3156.5               -2.2204460492503e-12
3157.5               -0
3158.5               -0
3159.5               -0
3160.5               -0
3161.5               -0
3162.5               -2.2204460492503e-12
3163.5               -0
3164.5               -0
3165.5               -0
3166.5               -0
3167.5               -0
3168.5               -0
3169.5               2.2204460492503e-12
3170.5               -0
3171.5               2.2204460492503e-12
3172.5               -0
3173.5               -0
3174.5               -0
3175.5               -0
3176.5               -0
3177.5               -0
3178.5               -2.2204460492503e-12
3179.5               -0
3180.5               -0
3181.5               -2.2204460492503e-12
3182.5               -0
3183.5               -0
3184.5               -0
3185.5               -0
3186.5               -0
3187.5               2.2204460492503e-12
3188.5               -0
3189.5               -0
3190.5               -0
3191.5               -2.2204460492503e-12
3192.5               -0
3193.5               -0
3194.5               2.2204460492503e-12
3195.5               -0
3196.5               2.2204460492503e-12
3197.5               -0
3198.5               2.2204460492503e-12
3199.5               2.2204460492503e-12
3200.5               2.2204460492503e-12
3201.5               -0
3202.5               -0
3203.5               -0
3204.5               -0
3205.5               -0
3206.5               -2.2204460492503e-12
3207.5               2.2204460492503e-12
3208.5               -0
3209.5               -0
3210.5               2.2204460492503e-12
3211.5               -0
3212.5               -0
3213.5               -0
3214.5               -0
3215.5               -0
3216.5               -0
3217.5               2.2204460492503e-12
3218.5               -0
3219.5               -0
3220.5               -0
3221.5               -2.2204460492503e-12
3222.5               -0
3223.5               -2.2204460492503e-12
3224.5               -2.2204460492503e-12
3225.5               -2.2204460492503e-12
3226.5               -2.2204460492503e-12
3227.5               -4.4408920985006e-12
3228.5               -2.2204460492503e-12
3229.5               -2.2204460492503e-12
3230.5               -0
3231.5               -0
3232.5               -0
3233.5               2.2204460492503e-12
3234.5               2.2204460492503e-12
3235.5               -0
3236.5               -0
3237.5               2.2204460492503e-12
3238.5               -0
3239.5               -0
3240.5               -0
3241.5               -0
3242.5               -0
3243.5               -0
3244.5               -0
3245.5               -0
3246.5               -2.2204460492503e-12
3247.5               -0
3248.5               -0
3249.5               -0
3250.5               2.2204460492503e-12
3251.5               -0
3252.5               -0
3253.5               2.2204460492503e-12
3254.5               -0
3255.5               -0
3256.5               -2.2204460492503e-12
3257.5               -0
3258.5               -0
3259.5               -2.2204460492503e-12
3260.5               -0
3261.5               -0
3262.5               -2.2204460492503e-12
3263.5               -0
3264.5               -2.2204460492503e-12
3265.5               -2.2204460492503e-12
3266.5               -2.2204460492503e-12
3267.5               -0
3268.5               -0
3269.5               -2.2204460492503e-12
3270.5               -0
3271.5               -0
3272.5               -2.2204460492503e-12
3273.5               -0
3274.5               -0
3275.5               -0
3276.5               -0
3277.5               -0
3278.5               -0
3279.5               -0
3280.5               -0
3281.5               -0
3282.5               -0
3283.5               2.2204460492503e-12
3284.5               -0
3285.5               -0
3286.5               2.2204460492503e-12
3287.5               2.2204460492503e-12
3288.5               2.2204460492503e-12
3289.5               2.2204460492503e-12
3290.5               2.2204460492503e-12
3291.5               2.2204460492503e-12
3292.5               2.2204460492503e-12
3293.5               2.2204460492503e-12
3294.5               -0
3295.5               2.2204460492503e-12
3296.5               -0
3297.5               2.2204460492503e-12
3298.5               -0
3299.5               -0
3300.5               -0
3301.5               -0
3302.5               -2.2204460492503e-12
3303.5               -0
3304.5               -2.2204460492503e-12
3305.5               -2.2204460492503e-12
3306.5               -0
3307.5               -0
3308.5               -0
3309.5               -0
3310.5               2.2204460492503e-12
3311.5               -0
3312.5               2.2204460492503e-12
3313.5               -0
3314.5               -0
3315.5               -0
3316.5               -0
3317.5               -0
3318.5               -2.2204460492503e-12
3319.5               2.2204460492503e-12
3320.5               -0
3321.5               -0
3322.5               2.2204460492503e-12
3323.5               -0
3324.5               -0
3325.5               2.2204460492503e-12
3326.5               -0
3327.5               -0
3328.5               -0
3329.5               -2.2204460492503e-12
3330.5               -0
3331.5               -0
3332.5               -2.2204460492503e-12
3333.5               -0
3334.5               -0
3335.5               -2.2204460492503e-12
3336.5               -0
3337.5               -0
3338.5               -2.2204460492503e-12
3339.5               -0
3340.5               2.2204460492503e-12
3341.5               -0
3342.5               2.2204460492503e-12
3343.5               -0
3344.5               2.2204460492503e-12
3345.5               -0
3346.5               2.2204460492503e-12
3347.5               -0
3348.5               -0
3349.5               -0
3350.5               -0
3351.5               -0
3352.5               -2.2204460492503e-12
3353.5               -2.2204460492503e-12
3354.5               -2.2204460492503e-12
3355.5               -2.2204460492503e-12
3356.5               -0
3357.5               -2.2204460492503e-12
3358.5               -0
3359.5               2.2204460492503e-12
3360.5               -0
3361.5               2.2204460492503e-12
3362.5               -0
3363.5               -0
3364.5               -0
3365.5               -0
3366.5               -0
3367.5               -0
3368.5               -2.2204460492503e-12
3369.5               -0
3370.5               -2.2204460492503e-12
3371.5               -0
3372.5               -2.2204460492503e-12
3373.5               -0
3374.5               -2.2204460492503e-12
3375.5               -2.2204460492503e-12
3376.5               -0
3377.5               -0
3378.5               -2.2204460492503e-12
3379.5               -0
3380.5               -0
3381.5               -2.2204460492503e-12
3382.5               -0
3383.5               -0
3384.5               -0
3385.5               2.2204460492503e-12
3386.5               2.2204460492503e-12
3387.5               2.2204460492503e-12
3388.5               -0
3389.5               2.2204460492503e-12
3390.5               -0
3391.5               -0
3392.5               -0
3393.5               -0
3394.5               2.2204460492503e-12
3395.5               -0
3396.5               2.2204460492503e-12
3397.5               2.2204460492503e-12
3398.5               2.2204460492503e-12
3399.5               2.2204460492503e-12
3400.5               -0
3401.5               2.2204460492503e-12
3402.5               -0
3403.5               -0
3404.5               -0
3405.5               -0
3406.5               -2.2204460492503e-12
3407.5               -0
3408.5               -2.2204460492503e-12
3409.5               -0
3410.5               -0
3411.5               -0
3412.5               -0
3413.5               -0
3414.5               -0
3415.5               -2.2204460492503e-12
3416.5               2.2204460492503e-12
3417.5               -0
3418.5               -0
3419.5               -0
3420.5               2.2204460492503e-12
3421.5               -0
3422.5               2.2204460492503e-12
3423.5               -0
3424.5               -0
3425.5               -0
3426.5               -0
3427.5               2.2204460492503e-12
3428.5               -0
3429.5               -0
3430.5               -0
3431.5               -0
3432.5               -0
3433.5               -0
3434.5               -2.2204460492503e-12
3435.5               -2.2204460492503e-12
3436.5               -2.2204460492503e-12
3437.5               -4.4408920985006e-12
3438.5               -2.2204460492503e-12
3439.5               -4.4408920985006e-12
3440.5               -2.2204460492503e-12
3441.5               -2.2204460492503e-12
3442.5               -4.4408920985006e-12
3443.5               -2.2204460492503e-12
3444.5               -0
3445.5               -2.2204460492503e-12
3446.5               -0
3447.5               -0
3448.5               -0
3449.5               -0
3450.5               -0
3451.5               -0
3452.5               -0
3453.5               -0
3454.5               -0
3455.5               -0
3456.5               -0
3457.5               2.2204460492503e-12
3458.5               2.2204460492503e-12
3459.5               -0
3460.5               2.2204460492503e-12
3461.5               2.2204460492503e-12
3462.5               2.2204460492503e-12
3463.5               -0
3464.5               -0
3465.5               -0
3466.5               -0
3467.5               -0
3468.5               -2.2204460492503e-12
3469.5               -0
3470.5               -2.2204460492503e-12
3471.5               -0
3472.5               -0
3473.5               2.2204460492503e-12
3474.5               -0
3475.5               2.2204460492503e-12
3476.5               -0
3477.5               -0
3478.5               -2.2204460492503e-12
3479.5               -2.2204460492503e-12
3480.5               -0
3481.5               -2.2204460492503e-12
3482.5               -0
3483.5               -2.2204460492503e-12
3484.5               -0
3485.5               -0
3486.5               -0
3487.5               -0
3488.5               -0
3489.5               2.2204460492503e-12
3490.5               -0
3491.5               -0
3492.5               -2.2204460492503e-12
3493.5               -0
3494.5               -0
3495.5               -0
3496.5               -0
3497.5               2.2204460492503e-12
3498.5               2.2204460492503e-12
3499.5               2.2204460492503e-12
3500.5               2.2204460492503e-12
3501.5               2.2204460492503e-12
3502.5               2.2204460492503e-12
3503.5               -0
3504.5               -0
3505.5               -0
3506.5               -0
3507.5               -2.2204460492503e-12
3508.5               -2.2204460492503e-12
3509.5               -0
3510.5               -2.2204460492503e-12
3511.5               -0
3512.5               -0
3513.5               -0
3514.5               2.2204460492503e-12
3515.5               -0
3516.5               2.2204460492503e-12
3517.5               -2.2204460492503e-12
3518.5               -0
3519.5               -0
3520.5               -2.2204460492503e-12
3521.5               -2.2204460492503e-12
3522.5               -2.2204460492503e-12
3523.5               -0
3524.5               -2.2204460492503e-12
3525.5               -0
3526.5               -2.2204460492503e-12
3527.5               -0
3528.5               -0
3529.5               -0
3530.5               -0
3531.5               2.2204460492503e-12
3532.5               -0
3533.5               2.2204460492503e-12
3534.5               2.2204460492503e-12
3535.5               -0
3536.5               -0
3537.5               -0
3538.5               -0
3539.5               -2.2204460492503e-12
3540.5               -0
3541.5               -2.2204460492503e-12
3542.5               -0
3543.5               -2.2204460492503e-12
3544.5               -2.2204460492503e-12
3545.5               -4.4408920985006e-12
3546.5               -4.4408920985006e-12
3547.5               -4.4408920985006e-12
3548.5               -4.4408920985006e-12
3549.5               -6.6613381477509e-12
3550.5               -6.6613381477509e-12
3551.5               -8.8817841970013e-12
3552.5               -8.8817841970013e-12
3553.5               -1.1102230246252e-11
3554.5               -1.3322676295502e-11
3555.5               -1.5543122344752e-11
3556.5               -1.7763568394003e-11
3557.5               -2.2204460492503e-11
3558.5               -2.4424906541753e-11
3559.5               -3.1086244689504e-11
3560.5               -3.5527136788005e-11
3561.5               -4.2188474935756e-11
3562.5               -5.1070259132757e-11
3563.5               -5.5511151231258e-11
3564.5               -6.6613381477509e-11
3565.5               -7.9936057773011e-11
3566.5               -9.3258734068513e-11
3567.5               -1.0880185641327e-10
3568.5               -1.2656542480727e-10
3569.5               -1.4876988529977e-10
3570.5               -1.7541523789077e-10
3571.5               -2.0650148258028e-10
3572.5               -2.4202861936828e-10
3573.5               -2.8421709430404e-10
3574.5               -3.352873534368e-10
3575.5               -3.9523939676656e-10
3576.5               -4.6407322429332e-10
3577.5               -5.4845017416483e-10
3578.5               -6.4392935428259e-10
3579.5               -7.5717210279436e-10
3580.5               -8.9039886574938e-10
3581.5               -1.0480505352461e-09
3582.5               -1.2345680033832e-09
3583.5               -1.4499512701605e-09
3584.5               -1.7053025658242e-09
3585.5               -2.0072832285223e-09
3586.5               -2.3625545964023e-09
3587.5               -2.7777780076121e-09
3588.5               -3.2707170305457e-09
3589.5               -3.8458125573015e-09
3590.5               -4.5230486023229e-09
3591.5               -5.3201887340038e-09
3592.5               -6.2572169667874e-09
3593.5               -7.3607786532648e-09
3594.5               -8.657519146027e-09
3595.5               -1.0182965581862e-08
3596.5               -1.1979306435705e-08
3597.5               -1.4090950628542e-08
3598.5               -1.6573409311604e-08
3599.5               -1.9495516312418e-08
3600.5               -2.2930546350608e-08
3601.5               -2.6971758160244e-08
3602.5               -3.1725733151688e-08
3603.5               -3.7321257195799e-08
3604.5               -4.3898218393679e-08
3605.5               -5.1636472875316e-08
3606.5               -6.0740301677242e-08
3607.5               -7.1447292526727e-08
3608.5               -8.4041662518075e-08
3609.5               -9.8854258112624e-08
3610.5               -1.1628031870714e-07
3611.5               -1.3677947663382e-07
3612.5               -1.6088685939053e-07
3613.5               -1.892486167776e-07
3614.5               -2.2260637777549e-07
3615.5               -2.6184610035784e-07
3616.5               -3.0800251238361e-07
3617.5               -3.6229463873383e-07
3618.5               -4.2615910800237e-07
3619.5               -5.0127901829455e-07
3620.5               -5.8963944837842e-07
3621.5               -6.9358074838988e-07
3622.5               -8.158385078616e-07
3623.5               -9.5964791668735e-07
3624.5               -1.1288103785034e-06
3625.5               -1.3277889898688e-06
3626.5               -1.5618417670282e-06
3627.5               -1.8371548726748e-06
3628.5               -2.1609936062816e-06
3629.5               -2.5419200078147e-06
3630.5               -2.9899926978771e-06
3631.5               -3.5170466539114e-06
3632.5               -4.1370107339844e-06
3633.5               -4.8662518459253e-06
3634.5               -5.7240434614414e-06
3635.5               -6.7330385711273e-06
3636.5               -7.9198914093581e-06
3637.5               -9.3159591152414e-06
3638.5               -1.0958112195425e-05
3639.5               -1.2889733724819e-05
3640.5               -1.5161849553635e-05
3641.5               -1.7834476118139e-05
3642.5               -2.0978214720913e-05
3643.5               -2.4676112264643e-05
3644.5               -2.9025848391484e-05
3645.5               -3.4142324523145e-05
3646.5               -4.0160703651537e-05
3647.5               -4.7239954170664e-05
3648.5               -5.5567090928577e-05
3649.5               -6.5362073531361e-05
3650.5               -7.6883650557136e-05
3651.5               -9.0436171884534e-05
3652.5               -0.00010637763336874
3653.5               -0.00012512914038254
3654.5               -0.00014718603225106
3655.5               -0.00017313095179716
3656.5               -0.00020364925523708
3657.5               -0.0002395470999339
3658.5               -0.00028177274291608
3659.5               -0.00033144160305199
3660.5               -0.00038986570416455
3661.5               -0.00045858834285539
3662.5               -0.00053942484479208
3663.5               -0.00063451053300412
3664.5               -0.00074635709612636
3665.5               -0.00087791896863365
3666.5               -0.0010326713306696
3667.5               -0.0012147019168296
3668.5               -0.0014288189564837
3669.5               -0.0016806781899525
3670.5               -0.0019769321979446
3671.5               -0.0023254061121136
3672.5               -0.0027353042364453
3673.5               -0.0032174530817386
3674.5               -0.0037845872413733
3675.5               -0.0044516855801646
3676.5               -0.005236366649175
3677.5               -0.0061593537536986
3678.5               -0.0072450218513431
3679.5               -0.0085220407552988
3680.5               -0.010024131513742
3681.5               -0.011790955845026
3682.5               -0.013869162009961
3683.5               -0.016313614508157
3684.5               -0.019188839879281
3685.5               -0.022570726339044
3686.5               -0.026548521723235
3687.5               -0.031227181735982
3688.5               -0.036730129571172
3689.5               -0.043202498454242
3690.5               -0.050814940828481
3691.5               -0.059768102254054
3692.5               -0.070297874550374
3693.5               -0.082681561988096
3694.5               -0.097245116521538
3695.5               -0.11437162369177
3696.5               -0.13451125021158
3697.5               -0.15819289791663
3698.5               -0.18603784688764
3699.5               -0.21877571371398
3700.5               -0.25726309889063
3701.5               -0.30250535056453
3702.5               -0.3556819294448
3703.5               -0.4181759212174
3704.5               -0.49160830610129
3705.5               -0.57787765780581
3706.5               -0.67920600163696
3707.5               -0.79819160727856
3708.5               -0.93786951667063
3709.5               -1.1017805980584
3710.5               -1.2940498553848
3711.5               -1.5194745831804
3712.5               -1.7836227082402
3713.5               -2.0929412583204
3714.5               -2.4548742923369
3715.5               -2.8779887516261
3716.5               -3.3721054743174
3717.5               -3.9484309753446
3718.5               -4.6196834579337
3719.5               -5.4002038345025
3720.5               -6.3060392895919
3721.5               -7.3549831991149
3722.5               -8.5665512577271
3723.5               -9.9618699044512
3724.5               -11.563450307808
3725.5               -13.394820350252
3726.5               -15.479989653595
3727.5               -17.842730354762
3728.5               -20.50567065023
3729.5               -23.489220062018
3730.5               -26.81037458065
3731.5               -30.481483774707
3732.5               -34.509095284829
3733.5               -38.893016779893
3734.5               -43.625741916014
3735.5               -48.692366765721
3736.5               -54.071073010722
3737.5               -59.73417836219
3738.5               -65.64966670674
3739.5               -71.783030469272
3740.5               -78.099206344053
3741.5               -84.564376873066
3742.5               -91.147446252724
3743.5               -97.821068284716
3744.5               -104.56218804977
3745.5               -111.35213579248
3746.5               -118.17636612255
3747.5               -125.02396137269
3748.5               -131.88701692636
3749.5               -138.76000639291
3750.5               -145.63919539662
3751.5               -152.52214295525
3752.5               -159.40730456111
3753.5               -166.29373362299
3754.5               -173.18086791055
3755.5               -180.06838364595
3756.5               -186.95609997188
3757.5               -193.84391886407
3758.5               -200.73178875543
3759.5               -207.6196833087
3760.5               -126.55922790122
3761.5187209763      -65.762958278122
3762.5755848552      -34.251984632143
3763.6720197814      -17.683219868694
3764.8095073722      -8.9873807308981
3765.9895847196      -4.4776194435928
3767.2138464671      -2.1807413705533
3768.483946965       -1.0362838807466
3769.8016025056      -0.4797923804288
3771.1685936425      -0.21618300160751
3772.5867675969      -0.094696364480295
3774.0580407534      -0.040287098921949
3775.5844012497      -0.016630934650752
3777.1679116635      -0.0066565651870437
3778.8107117992      -0.002583985517974
3780.5150215798      -0.00098067442530064
3782.2831440465      -0.00038823904156947
3784.117468471       -0.00022992395831343
3786.0204735836      -0.00035652834877355
3787.9947309236      -0.00097327521238974
3790                 -4758.2579429988
3792                 -0
3794                 -0
3796                 -0
3798                 -0
