x[nm]                E[kV/cm]            
-8                   -0
-6                   -0
-4                   -0
-2                   -0
0                    -293.22280207818
1.999                -0.00037588757154142
3.997                -0.00021712366083683
5.995                -0.00012541696299002
7.9929999999999      -7.2444499515051e-05
9.9909999999999      -4.1846041702391e-05
11.989               -2.4171468963856e-05
13.987               -1.3962129194987e-05
15.985               -8.0649178804485e-06
17.983               -4.6585002566646e-06
19.981               -2.6908694380709e-06
21.979               -1.5543033438004e-06
23.977               -8.9778923923663e-07
25.975               -5.1857528392662e-07
27.973               -2.9950905508366e-07
29.971               -1.7299475165691e-07
31.969               -9.9895622860367e-08
33.967               -5.7682698568714e-08
35.965               -3.3286686720293e-08
37.963               -1.9203857723246e-08
39.961               -1.1068890215482e-08
41.959               -6.3657232082612e-09
43.957               -3.645176697468e-09
45.955               -2.0893085948902e-09
47.953               -1.1824597579591e-09
49.951               -6.5790994051862e-10
51.948999999999      -3.5562699487493e-10
53.946999999999      -1.7781349743746e-10
55.944999999999      -8.8906748718732e-11
57.942999999999      -2.667202461562e-11
59.940999999999      8.8906748718732e-12
61.938999999999      2.667202461562e-11
63.936999999999      3.5562699487493e-11
65.934999999999      5.3344049231239e-11
67.932999999999      4.4453374359366e-11
69.930999999999      4.4453374359366e-11
71.928999999999      4.4453374359366e-11
73.926999999999      4.4453374359366e-11
75.924999999999      5.3344049231239e-11
77.922999999999      4.4453374359366e-11
79.920999999999      3.5562699487493e-11
81.918999999999      4.4453374359366e-11
83.916999999999      4.4453374359366e-11
85.914999999999      4.4453374359366e-11
87.912999999999      4.4453374359366e-11
89.910999999999      3.5562699487493e-11
91.908999999999      4.4453374359366e-11
93.906999999999      4.4453374359366e-11
95.904999999999      4.4453374359366e-11
97.902999999999      3.5562699487493e-11
99.900999999999      4.4453374359366e-11
101.899              4.4453374359366e-11
103.897              3.5562699487493e-11
105.895              4.4453374359366e-11
107.893              3.5562699487493e-11
109.891              4.4453374359366e-11
111.889              3.5562699487493e-11
113.887              3.5562699487493e-11
115.885              3.5562699487493e-11
117.883              2.667202461562e-11
119.881              2.667202461562e-11
121.879              2.667202461562e-11
123.877              2.667202461562e-11
125.875              1.7781349743746e-11
127.873              2.667202461562e-11
129.871              1.7781349743747e-11
131.869              1.7781349743746e-11
133.867              2.667202461562e-11
135.865              2.667202461562e-11
137.863              2.667202461562e-11
139.861              3.5562699487493e-11
141.859              2.667202461562e-11
143.857              2.667202461562e-11
145.855              2.667202461562e-11
147.853              1.7781349743747e-11
149.851              2.667202461562e-11
151.849              3.5562699487493e-11
153.847              2.667202461562e-11
155.845              2.667202461562e-11
157.843              2.667202461562e-11
159.841              4.4453374359366e-11
161.839              2.667202461562e-11
163.837              3.5562699487493e-11
165.835              3.5562699487493e-11
167.833              2.667202461562e-11
169.831              3.5562699487493e-11
171.829              3.5562699487493e-11
173.827              2.667202461562e-11
175.825              2.667202461562e-11
177.823              2.667202461562e-11
179.821              3.5562699487493e-11
181.819              2.667202461562e-11
183.817              3.5562699487493e-11
185.815              2.667202461562e-11
187.813              1.7781349743747e-11
189.811              2.667202461562e-11
191.809              3.5562699487493e-11
193.807              1.7781349743747e-11
195.805              2.667202461562e-11
197.803              2.667202461562e-11
199.801              1.7781349743747e-11
201.799              2.667202461562e-11
203.797              1.7781349743747e-11
205.795              1.7781349743747e-11
207.793              8.8906748718733e-12
209.791              8.8906748718732e-12
211.789              1.7781349743747e-11
213.787              8.8906748718733e-12
215.785              8.8906748718732e-12
217.783              1.7781349743747e-11
219.781              8.8906748718733e-12
221.779              1.7781349743746e-11
223.777              1.7781349743747e-11
225.775              8.8906748718733e-12
227.773              2.667202461562e-11
229.771              2.667202461562e-11
231.769              1.7781349743747e-11
233.767              2.667202461562e-11
235.765              3.5562699487493e-11
237.763              2.667202461562e-11
239.761              2.667202461562e-11
241.759              3.5562699487493e-11
243.757              3.5562699487493e-11
245.755              2.667202461562e-11
247.753              3.5562699487493e-11
249.751              3.5562699487493e-11
251.749              2.667202461562e-11
253.747              3.5562699487493e-11
255.745              2.667202461562e-11
257.743              3.5562699487493e-11
259.741              2.667202461562e-11
261.739              2.667202461562e-11
263.737              1.7781349743746e-11
265.735              2.667202461562e-11
267.733              1.7781349743746e-11
269.731              1.7781349743746e-11
271.729              1.7781349743747e-11
273.727              8.8906748718732e-12
275.725              8.8906748718732e-12
277.723              8.8906748718734e-12
279.721              8.8906748718732e-12
281.719              -0
283.717              -0
285.715              8.8906748718732e-12
287.713              -0
289.711              8.8906748718732e-12
291.709              -0
293.707              8.8906748718734e-12
295.705              -0
297.703              1.7781349743746e-11
299.701              8.8906748718734e-12
301.699              8.8906748718732e-12
303.697              1.7781349743746e-11
305.695              1.7781349743747e-11
307.693              1.7781349743746e-11
309.691              2.667202461562e-11
311.689              1.7781349743747e-11
313.687              2.667202461562e-11
315.685              1.7781349743746e-11
317.683              1.7781349743747e-11
319.681              2.667202461562e-11
321.679              2.667202461562e-11
323.677              3.5562699487494e-11
325.675              2.667202461562e-11
327.673              2.667202461562e-11
329.671              3.5562699487494e-11
331.669              3.5562699487493e-11
333.667              2.667202461562e-11
335.665              3.5562699487494e-11
337.663              3.5562699487493e-11
339.661              3.5562699487493e-11
341.659              4.4453374359367e-11
343.657              3.5562699487493e-11
345.655              4.4453374359367e-11
347.653              4.4453374359366e-11
349.651              4.4453374359366e-11
351.649              4.4453374359367e-11
353.647              3.5562699487493e-11
355.645              4.4453374359366e-11
357.643              3.5562699487494e-11
359.641              4.4453374359366e-11
361.639              3.5562699487493e-11
363.637              4.4453374359367e-11
365.635              3.5562699487493e-11
367.633              3.5562699487493e-11
369.631              3.5562699487494e-11
371.629              3.5562699487493e-11
373.627              3.5562699487493e-11
375.625              3.5562699487494e-11
377.623              3.5562699487493e-11
379.621              3.5562699487493e-11
381.619              2.667202461562e-11
383.617              3.5562699487493e-11
385.615              3.5562699487493e-11
387.613              2.667202461562e-11
389.611              3.5562699487493e-11
391.609              2.667202461562e-11
393.607              2.667202461562e-11
395.605              3.5562699487493e-11
397.60299999999      2.667202461562e-11
399.60099999999      3.5562699487494e-11
401.59899999999      3.5562699487493e-11
403.59699999999      3.5562699487493e-11
405.59499999999      3.5562699487494e-11
407.59299999999      4.4453374359366e-11
409.59099999999      3.5562699487494e-11
411.58899999999      4.4453374359366e-11
413.58699999999      4.4453374359366e-11
415.58499999999      4.4453374359367e-11
417.58299999999      4.4453374359366e-11
419.58099999999      3.5562699487493e-11
421.57899999999      4.4453374359367e-11
423.57699999999      4.4453374359366e-11
425.57499999999      5.3344049231239e-11
427.57299999999      4.4453374359367e-11
429.57099999999      4.4453374359366e-11
431.56899999999      4.4453374359366e-11
433.56699999999      3.5562699487494e-11
435.56499999999      4.4453374359366e-11
437.56299999999      4.4453374359366e-11
439.56099999999      4.4453374359367e-11
441.55899999999      3.5562699487493e-11
443.55699999999      3.5562699487493e-11
445.55499999999      4.4453374359367e-11
447.55299999999      3.5562699487493e-11
449.55099999999      4.4453374359366e-11
451.54899999999      3.5562699487494e-11
453.54699999999      3.5562699487493e-11
455.54499999999      3.5562699487493e-11
457.54299999999      4.4453374359367e-11
459.54099999999      3.5562699487493e-11
461.53899999999      3.5562699487493e-11
463.53699999999      4.4453374359367e-11
465.53499999999      3.5562699487493e-11
467.53299999999      4.4453374359366e-11
469.53099999999      3.5562699487494e-11
471.52899999999      4.4453374359366e-11
473.52699999999      3.5562699487494e-11
475.52499999999      3.5562699487493e-11
477.52299999999      4.4453374359366e-11
479.52099999999      3.5562699487494e-11
481.51899999999      3.5562699487493e-11
483.51699999999      3.5562699487493e-11
485.51499999999      3.5562699487494e-11
487.51299999999      3.5562699487493e-11
489.51099999999      3.5562699487493e-11
491.50899999999      3.5562699487494e-11
493.50699999999      2.667202461562e-11
495.50499999999      3.5562699487493e-11
497.50299999999      2.667202461562e-11
499.50099999999      3.5562699487493e-11
501.49899999999      2.667202461562e-11
503.49699999999      2.667202461562e-11
505.49499999999      3.5562699487493e-11
507.49299999999      2.667202461562e-11
509.49099999999      3.5562699487494e-11
511.48899999999      4.4453374359365e-11
513.48699999999      3.5562699487492e-11
515.48499999999      3.5562699487492e-11
517.48299999999      3.5562699487494e-11
519.48099999999      3.5562699487492e-11
521.47899999999      3.5562699487492e-11
523.47699999999      2.6672024615619e-11
525.47499999999      3.5562699487492e-11
527.47299999999      2.6672024615619e-11
529.47099999999      2.667202461562e-11
531.46899999999      3.5562699487492e-11
533.46699999999      3.5562699487492e-11
535.46499999999      2.6672024615619e-11
537.46299999999      3.5562699487492e-11
539.46099999999      3.5562699487492e-11
541.45899999999      3.5562699487494e-11
543.45699999999      4.4453374359365e-11
545.45499999999      3.5562699487492e-11
547.45299999999      3.5562699487492e-11
549.45099999999      3.5562699487492e-11
551.44899999999      3.5562699487492e-11
553.44699999999      3.5562699487494e-11
555.44499999999      4.4453374359365e-11
557.44299999999      3.5562699487492e-11
559.44099999999      3.5562699487492e-11
561.43899999999      3.5562699487492e-11
563.43699999999      3.5562699487492e-11
565.43499999999      3.5562699487494e-11
567.43299999999      3.5562699487492e-11
569.43099999999      2.6672024615619e-11
571.42899999999      2.6672024615619e-11
573.42699999999      3.5562699487492e-11
575.42499999999      1.7781349743747e-11
577.42299999999      3.5562699487492e-11
579.42099999999      2.6672024615619e-11
581.41899999999      1.7781349743746e-11
583.41699999999      3.5562699487492e-11
585.41499999999      2.6672024615619e-11
587.41299999999      3.5562699487494e-11
589.41099999999      2.6672024615619e-11
591.40899999999      2.6672024615619e-11
593.40699999999      2.6672024615619e-11
595.40499999999      2.6672024615619e-11
597.40299999999      1.7781349743746e-11
599.40099999999      1.7781349743747e-11
601.39899999999      1.7781349743746e-11
603.39699999999      1.7781349743746e-11
605.39499999999      1.7781349743746e-11
607.39299999999      8.8906748718729e-12
609.39099999999      1.7781349743746e-11
611.38899999999      8.8906748718734e-12
613.38699999999      8.8906748718729e-12
615.38499999999      8.8906748718729e-12
617.38299999999      8.8906748718729e-12
619.38099999999      1.7781349743746e-11
621.37899999999      1.7781349743746e-11
623.37699999999      1.7781349743747e-11
625.37499999999      1.7781349743746e-11
627.37299999999      1.7781349743746e-11
629.37099999999      8.8906748718729e-12
631.369              1.7781349743746e-11
633.36699999999      8.8906748718734e-12
635.365              1.7781349743746e-11
637.363              8.8906748718729e-12
639.361              1.7781349743746e-11
641.359              1.7781349743746e-11
643.357              8.8906748718729e-12
645.355              1.7781349743747e-11
647.353              8.8906748718729e-12
649.351              8.8906748718729e-12
651.349              1.7781349743746e-11
653.347              8.8906748718729e-12
655.345              8.8906748718729e-12
657.343              1.7781349743747e-11
659.341              1.7781349743746e-11
661.339              8.8906748718729e-12
663.337              1.7781349743746e-11
665.335              8.8906748718729e-12
667.333              1.7781349743746e-11
669.331              8.8906748718734e-12
671.329              1.7781349743746e-11
673.327              8.8906748718729e-12
675.325              1.7781349743746e-11
677.323              8.8906748718729e-12
679.321              1.7781349743746e-11
681.319              8.8906748718734e-12
683.317              8.8906748718729e-12
685.315              1.7781349743746e-11
687.313              8.8906748718729e-12
689.311              1.7781349743746e-11
691.309              1.7781349743747e-11
693.307              2.6672024615619e-11
695.305              1.7781349743746e-11
697.303              1.7781349743746e-11
699.301              2.6672024615619e-11
701.299              2.6672024615619e-11
703.297              1.7781349743747e-11
705.295              2.6672024615619e-11
707.293              2.6672024615619e-11
709.291              2.6672024615619e-11
711.289              2.6672024615619e-11
713.287              2.6672024615619e-11
715.285              2.667202461562e-11
717.283              2.6672024615619e-11
719.281              2.6672024615619e-11
721.279              2.6672024615619e-11
723.277              2.6672024615619e-11
725.275              3.5562699487492e-11
727.273              2.667202461562e-11
729.271              2.6672024615619e-11
731.269              2.6672024615619e-11
733.267              3.5562699487492e-11
735.265              2.6672024615619e-11
737.263              2.6672024615619e-11
739.261              2.667202461562e-11
741.259              3.5562699487492e-11
743.257              2.6672024615619e-11
745.255              3.5562699487492e-11
747.253              2.6672024615619e-11
749.251              2.6672024615619e-11
751.249              3.5562699487494e-11
753.247              2.6672024615619e-11
755.245              3.5562699487492e-11
757.243              2.6672024615619e-11
759.241              3.5562699487492e-11
761.239              3.5562699487494e-11
763.237              3.5562699487492e-11
765.235              3.5562699487492e-11
767.233              3.5562699487492e-11
769.231              4.4453374359365e-11
771.229              3.5562699487492e-11
773.227              4.4453374359367e-11
775.225              3.5562699487492e-11
777.223              3.5562699487492e-11
779.221              2.6672024615619e-11
781.219              3.5562699487492e-11
783.217              3.5562699487492e-11
785.215              3.5562699487494e-11
787.213              2.6672024615619e-11
789.211              2.6672024615619e-11
791.209              2.6672024615619e-11
793.207              2.6672024615619e-11
795.205              2.6672024615619e-11
797.203              2.667202461562e-11
799.201              2.6672024615619e-11
801.199              2.6672024615619e-11
803.197              1.7781349743746e-11
805.195              3.5562699487492e-11
807.193              1.7781349743746e-11
809.191              2.667202461562e-11
811.189              2.6672024615619e-11
813.187              2.6672024615619e-11
815.185              3.5562699487492e-11
817.183              2.6672024615619e-11
819.181              3.5562699487494e-11
821.179              3.5562699487492e-11
823.177              3.5562699487492e-11
825.175              3.5562699487492e-11
827.173              2.6672024615619e-11
829.171              3.5562699487492e-11
831.169              2.667202461562e-11
833.167              2.6672024615619e-11
835.165              2.6672024615619e-11
837.163              2.6672024615619e-11
839.161              2.6672024615619e-11
841.159              1.7781349743746e-11
843.157              1.7781349743747e-11
845.155              1.7781349743746e-11
847.153              1.7781349743746e-11
849.151              2.6672024615619e-11
851.149              1.7781349743746e-11
853.147              1.7781349743746e-11
855.145              1.7781349743747e-11
857.143              2.6672024615619e-11
859.141              1.7781349743746e-11
861.139              1.7781349743746e-11
863.137              1.7781349743746e-11
865.135              1.7781349743746e-11
867.133              8.8906748718734e-12
869.131              1.7781349743746e-11
871.129              1.7781349743746e-11
873.127              8.8906748718729e-12
875.125              1.7781349743746e-11
877.123              8.8906748718729e-12
879.121              1.7781349743747e-11
881.119              -0
883.117              8.8906748718729e-12
885.115              8.8906748718729e-12
887.113              1.7781349743746e-11
889.111              8.8906748718734e-12
891.109              2.6672024615619e-11
893.107              2.6672024615619e-11
895.105              5.3344049231237e-11
897.103              8.8906748718729e-11
899.101              1.6003214769371e-10
901.099              2.667202461562e-10
903.097              4.6231509333739e-10
905.095              8.0905141334044e-10
907.093              1.4047266297559e-09
909.091              2.4360449148932e-09
911.089              4.2141798892678e-09
913.087              7.3170254195518e-09
915.085              1.2660321017547e-08
917.083              2.1924404234039e-08
919.081              3.7963181702897e-08
921.079              6.5710977978013e-08
923.077              1.1376507566049e-07
925.075              1.9694622976174e-07
927.073              3.4094849066145e-07
929.071              5.9026079541851e-07
931.069              1.0218763884233e-06
933.067              1.7690664860053e-06
935.065              3.062641898513e-06
937.063              5.3020962106397e-06
939.061              9.179052802017e-06
941.059              1.5890925545739e-05
943.057              2.7510601960209e-05
945.055              4.7626758504082e-05
947.053              8.2452136543104e-05
949.051              0.00014274231891026
951.049              0.00024711752608617
953.047              0.00042781336253573
955.045              0.00074063646996027
957.043              0.0012822000696201
959.041              0.0022197620273978
961.039              0.0038428806172142
963.037              0.0066528407341005
965.035              0.011517465962155
967.033              0.019939121469474
969.031              0.034518652743205
971.029              0.059758469786402
973.027              0.10345257696433
975.025              0.17909217203443
977.023              0.3100277334822
979.021              0.5366669329819
981.019              0.92891312639449
983.017              1.60763118959
985.015              2.781606048715
987.013              4.810915819918
989.011              8.3148145253536
991.009              14.353007872337
993.007              24.722973868703
995.005              42.424958343464
997.003              72.316398140148
999.001              121.7838395349
1001                 129.78541091812
1003                 92.365695319163
1005                 68.712211410862
1007                 52.929897649001
1009                 41.884421059342
1011                 33.837314497154
1013                 27.778525650426
1015                 23.093396291047
1017                 19.391305051704
1019                 16.414095327333
1021                 13.985132249239
1023                 11.979821201686
1025                 10.307900995441
1027                 8.9024395801296
1029                 7.7127795853471
1031                 6.6998872070645
1033                 5.8332069185063
1035                 5.0884851819166
1037                 4.4462330485029
1039                 3.8906194167065
1041                 3.4086605051176
1043                 2.9896168615107
1045                 2.6245382601253
1047                 2.3059156363647
1049                 2.0274116143781
1051                 1.7836495156498
1053                 1.5700464256074
1055                 1.3826798374339
1057                 1.2181801637023
1059                 1.0736433786374
1061                 0.94655947647126
1063                 0.83475346707829
1065                 0.73633639406268
1067                 0.64966442869796
1069                 0.57330451949333
1071                 0.50600540109969
1073                 0.44667301343004
1075                 0.39434957205486
1077                 0.34819567939159
1079                 0.30747498163564
1081                 0.27154096767568
1083                 0.23982557860514
1085                 0.21182935436848
1087                 0.18711289016871
1089                 0.1652894134363
1091                 0.14601832215355
1093                 0.12899955069479
1095                 0.11396864992186
1097                 0.10069248522981
1099                 0.088965470341762
1101                 0.078606266873393
1103                 0.069454889031206
1105                 0.061370161867913
1107                 0.054227488011094
1109                 0.047916884247101
1111                 0.042341254369305
1113                 0.037414868945262
1115                 0.033062026654207
1117                 0.029215875070321
1119                 0.025817371396286
1121                 0.022814366413826
1123                 0.020160796614377
1125                 0.017815971737889
1127                 0.015743946129021
1129                 0.013912964158536
1131                 0.012294970686
1133                 0.010865178952102
1135                 0.0096016891948381
1137                 0.0084851518433737
1139                 0.0074984701381453
1141                 0.0066265375231467
1143                 0.0058560057603074
1145                 0.0051750800178496
1147                 0.0045733379927526
1149                 0.0040415699942287
1151                 0.0035716379009898
1153                 0.0031563502744802
1155                 0.002789352242516
1157                 0.0024650281549299
1159                 0.0021784154835558
1161                 0.0019251289451461
1163                 0.0017012932396199
1165                 0.0015034837641537
1167                 0.0013286741840091
1169                 0.0011741901229101
1171                 0.0010376681736091
1173                 0.00091701976678848
1175                 0.00081039923216508
1177                 0.00071617546559821
1179                 0.00063290707785768
1181                 0.00055932025233574
1183                 0.00049428929393969
1185                 0.00043681941619411
1187                 0.00038603147345384
1189                 0.00034114855829159
1191                 0.00030148409990716
1193                 0.0002664313480949
1195                 0.00023545410954284
1197                 0.00020807851441873
1199                 0.00018388581324302
1201                 0.00016250595535894
1203                 0.00014361186018164
1205                 0.00012691452333513
1207                 0.00011215856687841
1209                 9.9118215857175e-05
1211                 8.759404757086e-05
1213                 7.7409758603153e-05
1215                 6.8409562459237e-05
1217                 6.0455782602276e-05
1219                 5.342678299769e-05
1221                 4.7215014120638e-05
1223                 4.1725485289135e-05
1225                 3.6874183706459e-05
1227                 3.2586937592782e-05
1229                 2.879815497181e-05
1231                 2.544989108344e-05
1233                 2.2490898032856e-05
1235                 1.9875958656712e-05
1237                 1.7565033871847e-05
1239                 1.5522800822509e-05
1241                 1.3718022273679e-05
1243                 1.2123058112934e-05
1245                 1.0713545606222e-05
1247                 9.4679108997298e-06
1249                 8.3671025663534e-06
1251                 7.3942807432559e-06
1253                 6.5345684419071e-06
1255                 5.7748117399115e-06
1257                 5.1033843817549e-06
1259                 4.5100190249059e-06
1261                 3.9856562494833e-06
1263                 3.5222491590048e-06
1265                 3.1127189714653e-06
1267                 2.7508217925742e-06
1269                 2.430979861856e-06
1271                 2.1483437251391e-06
1273                 1.8985524263826e-06
1275                 1.6778223255187e-06
1277                 1.4827339356316e-06
1279                 1.3103385043678e-06
1281                 1.1579803782524e-06
1283                 1.0233502933943e-06
1285                 9.0436103050706e-07
1287                 7.9920958739876e-07
1289                 7.0627947934554e-07
1291                 6.2415850266007e-07
1293                 5.5157656220217e-07
1295                 4.8745008029982e-07
1297                 4.3076653355456e-07
1299                 3.8068215246767e-07
1301                 3.3640645824562e-07
1303                 2.9729108064203e-07
1305                 2.627142947631e-07
1307                 2.3216983890961e-07
1309                 2.0516033316653e-07
1311                 1.8131274259758e-07
1313                 1.6021850512971e-07
1315                 1.415756401002e-07
1317                 1.2511769398316e-07
1319                 1.1056044968427e-07
1321                 9.7699626167014e-08
1323                 8.6330942394852e-08
1325                 7.6285644468044e-08
1327                 6.741274205524e-08
1329                 5.956124482509e-08
1331                 5.2633453151429e-08
1333                 4.6505022055499e-08
1335                 4.1087133695328e-08
1337                 3.6308733797341e-08
1339                 3.2089886303766e-08
1341                 2.8350655156828e-08
1343                 2.5046631435544e-08
1345                 2.212452443473e-08
1347                 1.95488070176e-08
1349                 1.726618847897e-08
1351                 1.5258905250448e-08
1353                 1.3473666626851e-08
1355                 1.1901590823982e-08
1357                 1.0516032489249e-08
1359                 9.2814644858663e-09
1361                 8.2067685980292e-09
1363                 7.238654120556e-09
1365                 6.3948846218409e-09
1367                 5.6399329650958e-09
1369                 4.9826809345177e-09
1371                 4.4053649617126e-09
1373                 3.8813396940895e-09
1375                 3.4283687000425e-09
1377                 3.0286884111774e-09
1379                 2.6734170432974e-09
1381                 2.3447910280083e-09
1383                 2.0783375020983e-09
1385                 1.8296475445823e-09
1387                 1.6164847238542e-09
1389                 1.4299672557172e-09
1391                 1.2523315717772e-09
1393                 1.1013412404282e-09
1395                 9.7699626167014e-10
1397                 8.6153306710912e-10
1399                 7.4606987254811e-10
1401                 6.6613381477509e-10
1403                 5.8619775700208e-10
1405                 5.2402526762307e-10
1407                 4.5297099404706e-10
1409                 3.9968028886506e-10
1411                 3.5527136788005e-10
1413                 3.1974423109205e-10
1415                 2.7533531010704e-10
1417                 2.3980817331903e-10
1419                 2.1316282072803e-10
1421                 1.8651746813703e-10
1423                 1.6875389974302e-10
1425                 1.4210854715202e-10
1427                 1.2434497875802e-10
1429                 1.1546319456102e-10
1431                 8.8817841970013e-11
1433                 7.9936057773011e-11
1435                 7.105427357601e-11
1437                 6.2172489379009e-11
1439                 5.3290705182008e-11
1441                 5.3290705182008e-11
1443                 4.4408920985006e-11
1445                 3.5527136788005e-11
1447                 3.5527136788005e-11
1449                 1.7763568394003e-11
1451                 2.6645352591004e-11
1453                 8.8817841970013e-12
1455                 1.7763568394003e-11
1457                 -0
1459                 8.8817841970013e-12
1461                 -0
1463                 -0
1465                 -0
1467                 -0
1469                 -1.7763568394003e-11
1471                 -8.8817841970013e-12
1473                 -1.7763568394003e-11
1475                 -8.8817841970013e-12
1477                 -1.7763568394003e-11
1479                 -8.8817841970013e-12
1481                 -1.7763568394003e-11
1483                 -1.7763568394003e-11
1485                 -2.6645352591004e-11
1487                 -1.7763568394003e-11
1489                 -1.7763568394003e-11
1491                 -1.7763568394003e-11
1493                 -1.7763568394003e-11
1495                 -1.7763568394003e-11
1497                 -1.7763568394003e-11
1499                 -1.7763568394003e-11
1501                 -1.7763568394003e-11
1503                 -2.6645352591004e-11
1505                 -1.7763568394003e-11
1507                 -1.7763568394003e-11
1509                 -1.7763568394003e-11
1511                 -1.7763568394003e-11
1513                 -1.7763568394003e-11
1515                 -8.8817841970013e-12
1517                 -8.8817841970013e-12
1519                 -1.7763568394003e-11
1521                 -8.8817841970013e-12
1523                 -0
1525                 -8.8817841970013e-12
1527                 -8.8817841970013e-12
1529                 -0
1531                 -0
1533                 -0
1535                 8.8817841970013e-12
1537                 8.8817841970013e-12
1539                 8.8817841970013e-12
1541                 1.7763568394003e-11
1543                 1.7763568394003e-11
1545                 2.6645352591004e-11
1547                 3.5527136788005e-11
1549                 4.4408920985006e-11
1551                 4.4408920985006e-11
1553                 5.3290705182008e-11
1555                 6.2172489379009e-11
1557                 7.105427357601e-11
1559                 8.8817841970013e-11
1561                 1.0658141036402e-10
1563                 1.0658141036402e-10
1565                 1.3322676295502e-10
1567                 1.4210854715202e-10
1569                 1.6875389974302e-10
1571                 1.8651746813703e-10
1573                 2.0428103653103e-10
1575                 2.4868995751604e-10
1577                 2.8421709430404e-10
1579                 3.1974423109205e-10
1581                 3.6415315207705e-10
1583                 4.0856207306206e-10
1585                 4.7073456244107e-10
1587                 5.3290705182008e-10
1589                 6.0396132539609e-10
1591                 6.927791673661e-10
1593                 7.7271522513911e-10
1595                 8.7929663550312e-10
1597                 9.9475983006414e-10
1599                 1.1279865930192e-09
1601                 1.2789769243682e-09
1603                 1.4388490399142e-09
1605                 1.6253665080512e-09
1607                 1.8474111129763e-09
1609                 2.0783375020983e-09
1611                 2.3536728122053e-09
1613                 2.6645352591004e-09
1615                 3.0109248427834e-09
1617                 3.4017233474515e-09
1619                 3.8546943414985e-09
1621                 4.3520742565306e-09
1623                 4.9205084451387e-09
1625                 5.5599969073228e-09
1627                 6.2971849956739e-09
1629                 7.123190925995e-09
1631                 8.0468964824831e-09
1633                 9.1127105861233e-09
1635                 1.0311751452718e-08
1637                 1.1652900866466e-08
1639                 1.3189449532547e-08
1641                 1.4921397450962e-08
1643                 1.6884271758499e-08
1645                 1.910471780775e-08
1647                 2.1627144519698e-08
1649                 2.4469315462738e-08
1651                 2.769340312625e-08
1653                 3.133493464702e-08
1655                 3.5456082514429e-08
1657                 4.0127901002052e-08
1659                 4.5394799030873e-08
1661                 5.1372239795455e-08
1663                 5.8122395785176e-08
1665                 6.5769611978794e-08
1667                 7.4411588002476e-08
1669                 8.4217077755966e-08
1671                 9.5283780865429e-08
1673                 1.078248601516e-07
1675                 1.2200018773001e-07
1677                 1.3804957177399e-07
1679                 1.5621282045686e-07
1681                 1.7675638730452e-07
1683                 2.0001778011647e-07
1685                 2.2632562490799e-07
1687                 2.5610624732053e-07
1689                 2.8979485477976e-07
1691                 3.2791547255329e-07
1693                 3.7105429839812e-07
1695                 4.1985970256064e-07
1697                 4.7511328205019e-07
1699                 5.3760551566029e-07
1701                 6.0834004500521e-07
1703                 6.8837380240439e-07
1705                 7.7894135586121e-07
1707                 8.814282637104e-07
1709                 9.9737107461806e-07
1711                 1.1285994361288e-06
1713                 1.27707622255e-06
1715                 1.4450840524205e-06
1717                 1.6352075249415e-06
1719                 1.8503332199771e-06
1721                 2.0937651612485e-06
1723                 2.3692248163343e-06
1725                 2.6809221509438e-06
1727                 3.0336355649752e-06
1729                 3.4327563014358e-06
1731                 3.8843683825007e-06
1733                 4.3954084816278e-06
1735                 4.9736836871261e-06
1737                 5.6280313742718e-06
1739                 6.368470195639e-06
1741                 7.2063244260789e-06
1743                 8.1544104801878e-06
1745                 9.2272234297752e-06
1747                 1.0441176812037e-05
1749                 1.1814860201298e-05
1751                 1.3369252371831e-05
1753                 1.51281476235e-05
1755                 1.7118457762422e-05
1757                 1.937062066304e-05
1759                 2.1919079884469e-05
1761                 2.4802817577552e-05
1763                 2.8065949564393e-05
1765                 3.1758400353965e-05
1767                 3.5936613684839e-05
1769                 4.0664556166803e-05
1771                 4.6014507759651e-05
1773                 5.2068305222974e-05
1775                 5.8918576684164e-05
1777                 6.6670082787823e-05
1779                 7.5441386471198e-05
1781                 8.5366682611721e-05
1783                 9.6597760901318e-05
1785                 0.00010930643945528
1787                 0.00012368709612076
1789                 0.00013995970604697
1791                 0.00015837319899958
1793                 0.00017920919859193
1795                 0.00020278642764993
1797                 0.00022946553102088
1799                 0.00025965460004329
1801                 0.000293815380914
1803                 0.00033247040676088
1805                 0.00037621095572149
1807                 0.00042570604819048
1809                 0.00048171275857101
1811                 0.00054508775271245
1813                 0.00061680037077849
1815                 0.00069794750423569
1817                 0.00078977029360772
1819                 0.00089367318878431
1821                 0.0010112453896483
1823                 0.0011442851288734
1825                 0.0012948271788105
1827                 0.0014651739732585
1829                 0.0016579307882125
1831                 0.0018760456033107
1833                 0.0021228541147167
1835                 0.0024021307254429
1837                 0.0027181462591841
1839                 0.0030757332236675
1841                 0.0034803595827526
1843                 0.0039382123429021
1845                 0.0044562920376023
1847                 0.005042519610754
1849                 0.0057058573421642
1851                 0.0064564456980776
1853                 0.0073057579363933
1855                 0.0082667752732135
1857                 0.009354184680177
1859                 0.010584602794239
1861                 0.011976829110694
1863                 0.013552132100969
1865                 0.015334573006953
1867                 0.017351371575103
1869                 0.019633319769952
1871                 0.022215249169122
1873                 0.025136559242966
1875                 0.028441814228231
1877                 0.032181417317645
1879                 0.036412372175221
1881                 0.041199142728487
1883                 0.046614623609997
1885                 0.052741235263554
1887                 0.05967215924052
1889                 0.067512730810293
1891                 0.076382008700193
1893                 0.086414542730395
1895                 0.097762363919784
1897                 0.11059722283768
1899                 0.12511310535146
1901                 0.14152905778886
1903                 0.16009235575432
1905                 0.18108205465772
1907                 0.20481296219899
1909                 0.23164007611598
1911                 0.2619635329193
1913                 0.29623411474056
1915                 0.33495936322403
1917                 0.37871034842318
1919                 0.42812913926049
1921                 0.48393701787219
1923                 0.54694347309869
1925                 0.61805599709253
1927                 0.69829069325067
1929                 0.78878368073632
1931                 0.89080325045288
1933                 1.005762687063
1935                 1.1352336189852
1937                 1.2809596921404
1939                 1.444870280034
1941                 1.6290938418884
1943                 1.8359704181314
1945                 2.0680626105563
1947                 2.3281642309936
1949                 2.6193056217139
1951                 2.944754459282
1953                 3.3080106610228
1955                 3.7127938375026
1957                 4.1630215982025
1959                 4.6627769540031
1961                 5.21626310789
1963                 5.8277441340859
1965                 6.5014704645172
1967                 7.2415887814792
1969                 8.0520368906445
1971                 8.9364254318536
1973                 9.8979098435859
1975                 10.939057740362
1977                 12.061718629113
1979                 13.266904445084
1981                 14.554690437354
1983                 15.924146163178
1985                 17.373305485844
1987                 18.899182354568
1989                 20.497835809214
1991                 22.164483373377
1993                 23.89365728698
1995                 25.679393567728
1997                 27.515440404891
1999                 29.39547048106
2001                 25.769116594576
2003                 21.676398320736
2005                 18.374631655993
2007                 15.675362836598
2009                 13.443789554639
2011                 11.581317785678
2013                 10.014364250361
2015                 8.6870012435014
2017                 7.5560178459
2019                 6.5875340289789
2021                 5.7546337844716
2023                 5.0356803485307
2025                 4.4130966041145
2027                 3.8724683328883
2029                 3.4018752312903
2031                 2.9913850841545
2033                 2.6326664927101
2035                 2.3186889032356
2037                 2.0434877278586
2039                 1.8019785692402
2041                 1.5898088966182
2043                 1.4032385825136
2045                 1.2390428972964
2047                 1.0944331408957
2049                 0.96699124606303
2051                 0.85461554141908
2053                 0.75547549692523
2055                 0.66797375362526
2057                 0.59071410055012
2059                 0.52247433989017
2061                 0.4621831943652
2063                 0.40890057661613
2065                 0.36180067034763
2067                 0.32015737470026
2069                 0.28333174417305
2071                 0.25076112152966
2073                 0.2219497119782
2075                 0.19646038992072
2077                 0.17390756259061
2079                 0.15395094321136
2081                 0.13629010905625
2083                 0.12065973865383
2085                 0.10682543789997
2087                 0.094580078124906
2089                 0.083740579963631
2091                 0.074145086266242
2093                 0.065650474709855
2095                 0.058130168021364
2097                 0.051472204596337
2099                 0.045577537894914
2101                 0.040358536477214
2103                 0.035737660519786
2105                 0.031646293479071
2107                 0.028023710578751
2109                 0.024816167378816
2111                 0.02197609474841
2113                 0.019461387159581
2115                 0.017234773723729
2117                 0.015263261960996
2119                 0.013517646033634
2121                 0.011972071778388
2123                 0.01060365192096
2125                 0.0093921257793284
2127                 0.0083195581357387
2129                 0.0073700729075199
2131                 0.0065296173801244
2133                 0.0057857537871797
2135                 0.0051274747026042
2137                 0.0045450399444036
2139                 0.0040298321213328
2141                 0.0035742289572482
2143                 0.0031714903503399
2145                 0.0028156585596406
2147                 0.0025014699467363
2149                 0.0022242770647551
2151                 0.0019799798156583
2153                 0.0017649647965357
2155                 0.0015760517957375
2157                 0.0014104467105369
2159                 0.001265700246833
2161                 0.0011396716370626
2163                 0.0010304969588759
2165                 0.00093656158384192
2167                 0.00085647626768548
2169                 0.0007890566333657
2171                 0.00073330559402507
2173                 0.00068839865363657
2175                 0.00065367168566866
2177                 0.00062861109206835
2179                 0.00061284626262648
2181                 0.00060614401498071
2183                 0.00060840521065586
2185                 0.00061966325404228
2187                 0.00064008458089404
2189                 0.00066997114522849
2191                 0.00070976482469121
2193                 0.00076005403748525
2195                 0.00082158236658358
2197                 0.0008952595820233
2199                 0.00098217507904508
2201                 0.0010836140162951
2203                 0.0012010762429071
2205                 0.0013362985296084
2207                 0.0014912802193123
2209                 0.0016683127679329
2211                 0.0018700136195093
2213                 0.0020993648508494
2215                 0.0023597573051148
2217                 0.002655040622912
2219                 0.002989580147883
2221                 0.0033683213906954
2223                 0.0037968631083629
2225                 0.0042815399226015
2227                 0.0048295158805445
2229                 0.0054488902279104
2231                 0.0061488168601187
2233                 0.0069396395030452
2235                 0.0078330441422025
2237                 0.0088422314803438
2239                 0.0099821113597187
2241                 0.011269522568469
2243                 0.012723480722343
2245                 0.014365458200771
2247                 0.016219700009756
2249                 0.018313580110174
2251                 0.020678003531671
2253                 0.023347859974265
2255                 0.026362535203717
2257                 0.029766487985583
2259                 0.033609900196296
2261                 0.037949409907867
2263                 0.042848937109596
2265                 0.048380614234844
2267                 0.054625833803001
2269                 0.061676427920432
2271                 0.069635995609829
2273                 0.078621395589451
2275                 0.088764424637233
2277                 0.10021370294488
2279                 0.11313679132208
2281                 0.12772256604343
2283                 0.14418388124326
2285                 0.1627605500687
2287                 0.18372267939881
2289                 0.20737439506924
2291                 0.23405799738363
2293                 0.264158588692
2295                 0.2981092168497
2297                 0.33639657954332
2299                 0.37956733427436
2301                 0.42823505817857
2303                 0.48308789818208
2305                 0.54489694684356
2307                 0.614525370084
2309                 0.69293829994876
2311                 0.78121348749072
2313                 0.88055268478548
2315                 0.99229369263654
2317                 1.1179229661096
2319                 1.259088614578
2321                 1.4176135630972
2323                 1.5955085555586
2325                 1.7949845756071
2327                 2.01846413729
2329                 2.2685907538911
2331                 2.5482357303286
2333                 2.86050124779
2335                 3.2087185237906
2337                 3.5964396500265
2339                 4.0274215517577
2341                 4.5056004000976
2343                 5.0350547781086
2345                 5.6199559908254
2347                 6.2645041700549
2349                 6.9728493047894
2351                 7.7489970760869
2353                 8.5967004233645
2355                 9.51933911991
2357                 10.519791248207
2359                 11.600302232164
2361                 12.762358825977
2363                 14.006576918959
2365                 15.332612883379
2367                 16.739108142456
2369                 18.223675404636
2371                 19.782932471157
2373                 21.412585775451
2375                 23.107561211031
2377                 24.862174954992
2379                 26.670332652774
2381                 28.525742243657
2383                 30.422124442424
2385                 32.353405677341
2387                 34.313880953816
2389                 36.29833814462
2391                 38.302139868733
2393                 40.321263636356
2395                 42.352304674704
2397                 44.392448407686
2399                 46.439420825459
2401                 48.491425060044
2403                 50.547071654972
2405                 52.605308619018
2407                 54.665355715624
2409                 56.726645827139
2411                 58.788774826599
2413                 60.851460286839
2415                 62.914508579617
2417                 64.977789442491
2419                 67.041216863331
2421                 69.104735087544
2423                 71.168308628691
2425                 73.23191530598
2427                 75.295541502207
2429                 77.359179005247
2431                 79.422822949597
2433                 81.486470502843
2435                 83.55012004472
2437                 85.613770664392
2439                 87.677421858601
2441                 89.74107335407
2443                 91.804725004918
2445                 93.868376734596
2447                 95.932028503611
2449                 97.995680291931
2451                 100.05933208958
2453                 102.12298389167
2455                 104.18663569582
2457                 106.25028750092
2459                 108.31393930645
2461                 110.37759111217
2463                 112.44124291799
2465                 114.50489472383
2467                 116.56854652969
2469                 118.63219833557
2471                 120.69585014144
2473                 122.75950194731
2475                 124.82315375318
2477                 126.88680555906
2479                 128.95045736492
2481                 131.0141091708
2483                 133.07776097667
2485                 135.14141278254
2487                 137.20506458841
2489                 139.26871639428
2491                 141.33236820016
2493                 143.39602000603
2495                 145.4596718119
2497                 147.52332361777
2499                 149.58697542364
2501                 151.65062722951
2503                 153.71427903538
2505                 155.77793084125
2507                 157.84158264712
2509                 159.905234453
2511                 161.96888625888
2513                 164.03253806475
2515                 166.09618987063
2517                 168.1598416765
2519                 170.22349348237
2521                 172.28714528824
2523                 174.35079709412
2525                 176.41444889999
2527                 178.47810070587
2529                 180.54175251174
2531                 182.60540431761
2533                 184.66905612349
2535                 186.73270792936
2537                 188.79635973522
2539                 190.8600115411
2541                 192.92366334697
2543                 194.98731515284
2545                 197.05096695871
2547                 199.11461876459
2549                 201.17827057047
2551                 216.60954540971
2553                 216.75304365063
2555                 216.89654189156
2557                 217.04004013247
2559                 217.18353837338
2561                 217.32703661431
2563                 217.47053485523
2565                 217.61403309614
2567                 217.75753133706
2569                 217.90102957798
2571                 218.04452781891
2573                 218.18802605982
2575                 218.33152430073
2577                 218.47502254166
2579                 218.61852078257
2581                 218.76201902349
2583                 218.9055172644
2585                 219.04901550532
2587                 219.19251374623
2589                 219.33601198715
2591                 219.47951022807
2593                 219.62300846899
2595                 219.7665067099
2597                 219.91000495083
2599                 220.05350319175
2601                 220.19700143267
2603                 220.34049967359
2605                 220.4839979145
2607                 220.62749615542
2609                 220.77099439634
2611                 220.91449263726
2613                 221.05799087817
2615                 221.20148911909
2617                 221.34498736001
2619                 221.48848560092
2621                 221.63198384185
2623                 221.77548208276
2625                 221.91898032368
2627                 222.0624785646
2629                 222.20597680551
2631                 222.34947504643
2633                 222.49297328735
2635                 222.63647152827
2637                 222.77996976918
2639                 222.9234680101
2641                 223.06696625102
2643                 223.21046449194
2645                 223.35396273285
2647                 223.49746097377
2649                 223.64095921469
2651                 223.7844574556
2653                 223.92795569652
2655                 224.07145393744
2657                 224.21495217836
2659                 224.35845041928
2661                 224.50194866019
2663                 224.64544690111
2665                 224.78894514202
2667                 224.93244338294
2669                 225.07594162386
2671                 225.21943986478
2673                 225.3629381057
2675                 225.50643634662
2677                 225.64993458754
2679                 225.79343282845
2681                 225.93693106937
2683                 226.08042931029
2685                 226.2239275512
2687                 226.36742579212
2689                 226.51092403304
2691                 226.65442227396
2693                 226.79792051488
2695                 226.9414187558
2697                 227.08491699671
2699                 227.22841523763
2701                 227.37191347855
2703                 227.51541171947
2705                 227.65890996039
2707                 227.80240820131
2709                 227.94590644222
2711                 228.08940468314
2713                 228.23290292406
2715                 228.37640116498
2717                 228.5198994059
2719                 228.66339764682
2721                 228.80689588773
2723                 228.95039412865
2725                 229.09389236957
2727                 229.23739061049
2729                 229.3808888514
2731                 229.52438709232
2733                 229.66788533324
2735                 229.81138357416
2737                 229.95488181508
2739                 230.09838005599
2740.9774419792      215.00590631203
2742.8832025866      215.13359548079
2744.6931852871      215.2548673775
2746.4122035958      215.37004454246
2748.0448291145      215.479433378
2749.5954036903      215.58332512517
2751.0680509614      215.68199712004
2752.4666873243      215.77571486995
2753.795032349       215.86473624447
2755.0566186707      215.94932068225
2756.2548013851      216.0297495069
2757.3927669703      216.10636936216
2758.4735417618      216.17968102651
2759.5               216.25051245115
2760.5               228.16744697937
2761.5               221.27953318432
2762.5               214.3916217838
2763.5               207.50371576143
2764.5               200.61582148932
2765.5               193.7279521884
2766.5               186.84013450204
2767.5               179.95242057082
2768.5               173.06490945962
2769.5               166.17778385347
2770.5               159.29137063535
2771.5               152.40623713439
2772.5               145.52333802591
2773.5               138.64423017891
2774.5               131.77137277839
2775.5               124.90852596701
2776.5               118.06125111804
2777.5               111.23749826638
2778.5               104.4482412499
2779.5               97.708091278688
2780.5               91.035790616065
2781.5               84.454468357553
2782.5               77.991539663416
2783.5               71.678156025139
2784.5               65.548169220071
2785.5               59.636648782531
2786.5               53.978076424039
2787.5               48.60440995077
2788.5               43.543244435595
2789.5               38.816288957739
2790.5               34.438325256412
2791.5               30.416734323686
2792.5               26.751589046061
2793.5               23.436235518728
2794.5               20.458235978547
2795.5               17.800526722938
2796.5               15.442651228654
2797.5               13.361953567625
2798.5               11.534650615628
2799.5               9.9367354400881
2800.5               8.5446933470568
2801.5               7.3360338717543
2802.5               6.2896561833736
2803.5               5.3860729435296
2804.5               4.6075201885709
2805.5               3.937979940063
2806.5               3.3631393951494
2807.5               2.8703067782843
2808.5               2.4482999746378
2809.5               2.0873203534699
2810.5               1.7788209536662
2811.5               1.5153755251718
2812.5               1.2905527922014
2813.5               1.0987986724986
2814.5               0.93532797563523
2815.5               0.79602623376696
2816.5               0.67736171618149
2817.5               0.57630728116154
2818.5               0.49027147176028
2819.5               0.41703812481808
2820.5               0.35471370151363
2821.5               0.30168153926313
2822.5               0.25656225008941
2823.5               0.21817953651082
2824.5               0.18553075388006
2825.5               0.15776161038206
2826.5               0.13414445966919
2827.5               0.11405970205658
2828.5               0.096979868251523
2829.5               0.082456012224785
2830.5               0.070106088283506
2831.5               0.059605029967269
2832.5               0.050676286893481
2833.5               0.043084608929433
2834.5               0.036629896611462
2835.5               0.031141962157921
2836.5               0.026476067678249
2837.5               0.022509126269554
2838.5               0.019136468292213
2839.5               0.016269089209153
2840.5               0.013831307719148
2841.5               0.011758773263981
2842.5               0.0099967709776827
2843.5               0.0084987798598668
2844.5               0.0072252463789724
2845.5               0.0061425414998872
2846.5               0.0052220736312947
2847.5               0.0044395343268278
2848.5               0.0037742568359533
2849.5               0.0032086706869272
2850.5               0.0027278378911255
2851.5               0.0023190586162514
2852.5               0.0019715358900996
2853.5               0.0016760905374724
2854.5               0.0014249187829662
2855.5               0.0012113862024599
2856.5               0.0010298524921737
2857.5               0.00087552254779411
2858.5               0.00074431979690814
2859.5               0.000632778531795
2860.5               0.00053795239818299
2861.5               0.00045733655085201
2862.5               0.00038880150210474
2863.5               0.00033053687786833
2864.5               0.00028100359594774
2865.5               0.00023889321187909
2866.5               0.00020309335768687
2867.5               0.00017265836094182
2868.5               0.00014678426252246
2869.5               0.00012478758026901
2870.5               0.00010608725453665
2871.5               9.018930713367e-05
2872.5               7.6673785098791e-05
2873.5               6.5183658470858e-05
2874.5               5.5415410038506e-05
2875.5               4.7111003986799e-05
2876.5               4.0051075789194e-05
2877.5               3.4049127961566e-05
2878.5               2.8946618435555e-05
2879.5               2.4608752813293e-05
2880.5               2.0920951637748e-05
2881.5               1.7785790618063e-05
2882.5               1.5120460439277e-05
2883.5               1.2854546316277e-05
2884.5               1.0928196125803e-05
2885.5               9.2905283466393e-06
2886.5               7.8982709261766e-06
2887.5               6.7146577187316e-06
2888.5               5.7084159621468e-06
2889.5               4.8529691376586e-06
2890.5               4.1257153249319e-06
2891.5               3.5074476656405e-06
2892.5               2.9818303382001e-06
2893.5               2.5349811139108e-06
2894.5               2.1550961015748e-06
2895.5               1.8321388850495e-06
2896.5               1.5575807310597e-06
2897.5               1.3241652219165e-06
2898.5               1.1257306198331e-06
2899.5               9.5703223124133e-07
2900.5               8.136114004742e-07
2901.5               6.9168670790987e-07
2902.5               5.8803184543876e-07
2903.5               4.9991122352822e-07
2904.5               4.2499559427256e-07
2905.5               3.6130876068796e-07
2906.5               3.0716318377699e-07
2907.5               2.6113111672998e-07
2908.5               2.21997975558e-07
2909.5               1.8873125284813e-07
2910.5               1.6044943151883e-07
2911.5               1.364042212515e-07
2912.5               1.159627949221e-07
2913.5               9.8585584140665e-08
2914.5               8.3810736128953e-08
2915.5               7.1251893274393e-08
2916.5               6.0573768223549e-08
2917.5               5.1496584774213e-08
2918.5               4.3778314307019e-08
2919.5               3.7219116677534e-08
2920.5               3.1641356201817e-08
2921.5               2.6900703886668e-08
2922.5               2.2868373861229e-08
2923.5               1.9444446053285e-08
2924.5               1.652677994457e-08
2925.5               1.4050982599656e-08
2926.5               1.1945999744967e-08
2927.5               1.0154099783222e-08
2928.5               8.6330942394852e-09
2929.5               7.3385741927723e-09
2930.5               6.2394533983934e-09
2931.5               5.304645611659e-09
2932.5               4.5097259260274e-09
2933.5               3.832489881006e-09
2934.5               3.2573943542502e-09
2935.5               2.7711166694644e-09
2936.5               2.3558932582546e-09
2937.5               2.005062782473e-09
2938.5               1.703082119775e-09
2939.5               1.4499512701605e-09
2940.5               1.2323475573339e-09
2941.5               1.0458300891969e-09
2942.5               8.9261931179863e-10
2943.5               7.5495165674511e-10
2944.5               6.4392935428259e-10
2945.5               5.4622972811558e-10
2946.5               4.6629367034257e-10
2947.5               3.9523939676656e-10
2948.5               3.352873534368e-10
2949.5               2.8643754035329e-10
2950.5               2.4202861936828e-10
2951.5               2.0650148258028e-10
2952.5               1.7541523789077e-10
2953.5               1.4654943925052e-10
2954.5               1.2656542480727e-10
2955.5               1.0658141036402e-10
2956.5               8.8817841970013e-11
2957.5               7.7715611723761e-11
2958.5               6.4392935428259e-11
2959.5               5.5511151231258e-11
2960.5               4.6629367034257e-11
2961.5               3.9968028886506e-11
2962.5               3.3306690738755e-11
2963.5               3.1086244689504e-11
2964.5               2.4424906541753e-11
2965.5               1.9984014443253e-11
2966.5               1.7763568394003e-11
2967.5               1.5543122344752e-11
2968.5               1.1102230246252e-11
2969.5               1.3322676295502e-11
2970.5               8.8817841970013e-12
2971.5               8.8817841970013e-12
2972.5               6.6613381477509e-12
2973.5               4.4408920985006e-12
2974.5               6.6613381477509e-12
2975.5               2.2204460492503e-12
2976.5               4.4408920985006e-12
2977.5               2.2204460492503e-12
2978.5               2.2204460492503e-12
2979.5               2.2204460492503e-12
2980.5               2.2204460492503e-12
2981.5               4.4408920985006e-12
2982.5               2.2204460492503e-12
2983.5               2.2204460492503e-12
2984.5               -0
2985.5               -0
2986.5               -0
2987.5               -0
2988.5               -0
2989.5               -0
2990.5               -0
2991.5               -2.2204460492503e-12
2992.5               -0
2993.5               -2.2204460492503e-12
2994.5               -2.2204460492503e-12
2995.5               -2.2204460492503e-12
2996.5               -0
2997.5               -2.2204460492503e-12
2998.5               -0
2999.5               -0
3000.5               2.2204460492503e-12
3001.5               -0
3002.5               2.2204460492503e-12
3003.5               -0
3004.5               -0
3005.5               -0
3006.5               2.2204460492503e-12
3007.5               -0
3008.5               -0
3009.5               2.2204460492503e-12
3010.5               -0
3011.5               2.2204460492503e-12
3012.5               2.2204460492503e-12
3013.5               2.2204460492503e-12
3014.5               2.2204460492503e-12
3015.5               4.4408920985006e-12
3016.5               2.2204460492503e-12
3017.5               -0
3018.5               2.2204460492503e-12
3019.5               -0
3020.5               -0
3021.5               -0
3022.5               -2.2204460492503e-12
3023.5               -0
3024.5               -0
3025.5               -2.2204460492503e-12
3026.5               -0
3027.5               -2.2204460492503e-12
3028.5               -0
3029.5               -0
3030.5               2.2204460492503e-12
3031.5               2.2204460492503e-12
3032.5               -0
3033.5               -0
3034.5               2.2204460492503e-12
3035.5               -0
3036.5               -0
3037.5               -2.2204460492503e-12
3038.5               -0
3039.5               -0
3040.5               2.2204460492503e-12
3041.5               -0
3042.5               -0
3043.5               -0
3044.5               -2.2204460492503e-12
3045.5               -0
3046.5               -0
3047.5               -0
3048.5               -0
3049.5               -0
3050.5               -0
3051.5               2.2204460492503e-12
3052.5               -0
3053.5               -0
3054.5               -0
3055.5               -2.2204460492503e-12
3056.5               -0
3057.5               -2.2204460492503e-12
3058.5               -0
3059.5               -2.2204460492503e-12
3060.5               -2.2204460492503e-12
3061.5               -0
3062.5               -0
3063.5               -0
3064.5               -0
3065.5               -0
3066.5               -0
3067.5               -0
3068.5               -0
3069.5               2.2204460492503e-12
3070.5               2.2204460492503e-12
3071.5               -0
3072.5               2.2204460492503e-12
3073.5               -0
3074.5               2.2204460492503e-12
3075.5               -0
3076.5               -0
3077.5               -0
3078.5               -2.2204460492503e-12
3079.5               -0
3080.5               -2.2204460492503e-12
3081.5               -2.2204460492503e-12
3082.5               -0
3083.5               -0
3084.5               -0
3085.5               -0
3086.5               -0
3087.5               -0
3088.5               -0
3089.5               -0
3090.5               -2.2204460492503e-12
3091.5               -0
3092.5               -2.2204460492503e-12
3093.5               -0
3094.5               -2.2204460492503e-12
3095.5               -0
3096.5               -2.2204460492503e-12
3097.5               -0
3098.5               2.2204460492503e-12
3099.5               -0
3100.5               2.2204460492503e-12
3101.5               2.2204460492503e-12
3102.5               2.2204460492503e-12
3103.5               2.2204460492503e-12
3104.5               2.2204460492503e-12
3105.5               2.2204460492503e-12
3106.5               2.2204460492503e-12
3107.5               2.2204460492503e-12
3108.5               2.2204460492503e-12
3109.5               -0
3110.5               2.2204460492503e-12
3111.5               -0
3112.5               -0
3113.5               -0
3114.5               -0
3115.5               2.2204460492503e-12
3116.5               -0
3117.5               -0
3118.5               -0
3119.5               -0
3120.5               -0
3121.5               -0
3122.5               -0
3123.5               -0
3124.5               -0
3125.5               -0
3126.5               -2.2204460492503e-12
3127.5               -0
3128.5               -0
3129.5               -2.2204460492503e-12
3130.5               -0
3131.5               -2.2204460492503e-12
3132.5               -2.2204460492503e-12
3133.5               -2.2204460492503e-12
3134.5               -2.2204460492503e-12
3135.5               -4.4408920985006e-12
3136.5               -2.2204460492503e-12
3137.5               -2.2204460492503e-12
3138.5               -2.2204460492503e-12
3139.5               -2.2204460492503e-12
3140.5               -0
3141.5               -0
3142.5               -2.2204460492503e-12
3143.5               -0
3144.5               -0
3145.5               -0
3146.5               2.2204460492503e-12
3147.5               -0
3148.5               2.2204460492503e-12
3149.5               2.2204460492503e-12
3150.5               2.2204460492503e-12
3151.5               2.2204460492503e-12
3152.5               2.2204460492503e-12
3153.5               4.4408920985006e-12
3154.5               2.2204460492503e-12
3155.5               -0
3156.5               2.2204460492503e-12
3157.5               -0
3158.5               -0
3159.5               -0
3160.5               -2.2204460492503e-12
3161.5               -2.2204460492503e-12
3162.5               -0
3163.5               -0
3164.5               -0
3165.5               -0
3166.5               2.2204460492503e-12
3167.5               -0
3168.5               -0
3169.5               -0
3170.5               2.2204460492503e-12
3171.5               -0
3172.5               -2.2204460492503e-12
3173.5               -0
3174.5               -2.2204460492503e-12
3175.5               -2.2204460492503e-12
3176.5               -0
3177.5               -2.2204460492503e-12
3178.5               -0
3179.5               -0
3180.5               -0
3181.5               -2.2204460492503e-12
3182.5               -0
3183.5               -2.2204460492503e-12
3184.5               -2.2204460492503e-12
3185.5               -2.2204460492503e-12
3186.5               -0
3187.5               -0
3188.5               -2.2204460492503e-12
3189.5               -0
3190.5               -2.2204460492503e-12
3191.5               -0
3192.5               -0
3193.5               -0
3194.5               -0
3195.5               -0
3196.5               -0
3197.5               -2.2204460492503e-12
3198.5               -0
3199.5               2.2204460492503e-12
3200.5               -0
3201.5               2.2204460492503e-12
3202.5               2.2204460492503e-12
3203.5               -0
3204.5               -0
3205.5               -0
3206.5               2.2204460492503e-12
3207.5               -0
3208.5               2.2204460492503e-12
3209.5               2.2204460492503e-12
3210.5               2.2204460492503e-12
3211.5               -0
3212.5               2.2204460492503e-12
3213.5               -0
3214.5               2.2204460492503e-12
3215.5               -0
3216.5               -0
3217.5               2.2204460492503e-12
3218.5               -0
3219.5               -0
3220.5               -0
3221.5               -2.2204460492503e-12
3222.5               -0
3223.5               -0
3224.5               -2.2204460492503e-12
3225.5               -0
3226.5               -0
3227.5               -0
3228.5               -0
3229.5               -2.2204460492503e-12
3230.5               -2.2204460492503e-12
3231.5               -2.2204460492503e-12
3232.5               -0
3233.5               -2.2204460492503e-12
3234.5               -0
3235.5               -0
3236.5               -0
3237.5               -0
3238.5               -0
3239.5               -2.2204460492503e-12
3240.5               -0
3241.5               -2.2204460492503e-12
3242.5               -2.2204460492503e-12
3243.5               -0
3244.5               -2.2204460492503e-12
3245.5               -0
3246.5               -0
3247.5               -2.2204460492503e-12
3248.5               -0
3249.5               -0
3250.5               -0
3251.5               -0
3252.5               -2.2204460492503e-12
3253.5               -0
3254.5               -2.2204460492503e-12
3255.5               -0
3256.5               -2.2204460492503e-12
3257.5               -0
3258.5               -0
3259.5               -2.2204460492503e-12
3260.5               -0
3261.5               -0
3262.5               -0
3263.5               -0
3264.5               -2.2204460492503e-12
3265.5               -0
3266.5               -0
3267.5               -0
3268.5               -0
3269.5               -0
3270.5               -0
3271.5               2.2204460492503e-12
3272.5               -0
3273.5               2.2204460492503e-12
3274.5               -0
3275.5               -0
3276.5               -0
3277.5               -0
3278.5               -0
3279.5               -0
3280.5               2.2204460492503e-12
3281.5               -0
3282.5               2.2204460492503e-12
3283.5               2.2204460492503e-12
3284.5               2.2204460492503e-12
3285.5               2.2204460492503e-12
3286.5               2.2204460492503e-12
3287.5               2.2204460492503e-12
3288.5               2.2204460492503e-12
3289.5               2.2204460492503e-12
3290.5               4.4408920985006e-12
3291.5               2.2204460492503e-12
3292.5               -0
3293.5               2.2204460492503e-12
3294.5               -0
3295.5               2.2204460492503e-12
3296.5               2.2204460492503e-12
3297.5               -0
3298.5               -0
3299.5               -0
3300.5               -2.2204460492503e-12
3301.5               -0
3302.5               -2.2204460492503e-12
3303.5               -4.4408920985006e-12
3304.5               -0
3305.5               -2.2204460492503e-12
3306.5               -0
3307.5               -0
3308.5               -0
3309.5               -0
3310.5               -0
3311.5               -0
3312.5               2.2204460492503e-12
3313.5               -0
3314.5               2.2204460492503e-12
3315.5               2.2204460492503e-12
3316.5               2.2204460492503e-12
3317.5               -0
3318.5               -0
3319.5               -0
3320.5               -0
3321.5               -0
3322.5               -0
3323.5               -2.2204460492503e-12
3324.5               -0
3325.5               -0
3326.5               -0
3327.5               -0
3328.5               -0
3329.5               -0
3330.5               -0
3331.5               -0
3332.5               -0
3333.5               -0
3334.5               -2.2204460492503e-12
3335.5               -0
3336.5               -0
3337.5               -2.2204460492503e-12
3338.5               -0
3339.5               -2.2204460492503e-12
3340.5               -0
3341.5               -2.2204460492503e-12
3342.5               -2.2204460492503e-12
3343.5               -2.2204460492503e-12
3344.5               -2.2204460492503e-12
3345.5               -2.2204460492503e-12
3346.5               -0
3347.5               -2.2204460492503e-12
3348.5               -2.2204460492503e-12
3349.5               -0
3350.5               -0
3351.5               2.2204460492503e-12
3352.5               -0
3353.5               2.2204460492503e-12
3354.5               -0
3355.5               2.2204460492503e-12
3356.5               -0
3357.5               -0
3358.5               -0
3359.5               -0
3360.5               -2.2204460492503e-12
3361.5               -0
3362.5               -2.2204460492503e-12
3363.5               -0
3364.5               -0
3365.5               -2.2204460492503e-12
3366.5               -0
3367.5               -0
3368.5               -0
3369.5               -0
3370.5               2.2204460492503e-12
3371.5               2.2204460492503e-12
3372.5               -0
3373.5               2.2204460492503e-12
3374.5               -0
3375.5               -0
3376.5               -0
3377.5               -0
3378.5               2.2204460492503e-12
3379.5               -0
3380.5               -0
3381.5               2.2204460492503e-12
3382.5               -0
3383.5               2.2204460492503e-12
3384.5               2.2204460492503e-12
3385.5               2.2204460492503e-12
3386.5               2.2204460492503e-12
3387.5               2.2204460492503e-12
3388.5               -0
3389.5               2.2204460492503e-12
3390.5               -0
3391.5               -0
3392.5               -2.2204460492503e-12
3393.5               -2.2204460492503e-12
3394.5               -0
3395.5               -0
3396.5               -0
3397.5               2.2204460492503e-12
3398.5               -0
3399.5               2.2204460492503e-12
3400.5               -0
3401.5               2.2204460492503e-12
3402.5               -0
3403.5               -2.2204460492503e-12
3404.5               -0
3405.5               -2.2204460492503e-12
3406.5               -2.2204460492503e-12
3407.5               -0
3408.5               -0
3409.5               -0
3410.5               -0
3411.5               2.2204460492503e-12
3412.5               -0
3413.5               -0
3414.5               2.2204460492503e-12
3415.5               -0
3416.5               -0
3417.5               -0
3418.5               -0
3419.5               -2.2204460492503e-12
3420.5               -0
3421.5               2.2204460492503e-12
3422.5               -0
3423.5               2.2204460492503e-12
3424.5               -0
3425.5               -0
3426.5               -2.2204460492503e-12
3427.5               -0
3428.5               -0
3429.5               -0
3430.5               2.2204460492503e-12
3431.5               -0
3432.5               -0
3433.5               2.2204460492503e-12
3434.5               -0
3435.5               2.2204460492503e-12
3436.5               -0
3437.5               2.2204460492503e-12
3438.5               2.2204460492503e-12
3439.5               -0
3440.5               2.2204460492503e-12
3441.5               -0
3442.5               2.2204460492503e-12
3443.5               -0
3444.5               -0
3445.5               -0
3446.5               -0
3447.5               -0
3448.5               -2.2204460492503e-12
3449.5               -0
3450.5               -2.2204460492503e-12
3451.5               -0
3452.5               -0
3453.5               -0
3454.5               -2.2204460492503e-12
3455.5               -2.2204460492503e-12
3456.5               -0
3457.5               -2.2204460492503e-12
3458.5               -2.2204460492503e-12
3459.5               -2.2204460492503e-12
3460.5               -2.2204460492503e-12
3461.5               -2.2204460492503e-12
3462.5               -2.2204460492503e-12
3463.5               -0
3464.5               -2.2204460492503e-12
3465.5               -0
3466.5               -0
3467.5               -0
3468.5               -2.2204460492503e-12
3469.5               -2.2204460492503e-12
3470.5               -0
3471.5               -2.2204460492503e-12
3472.5               -0
3473.5               -2.2204460492503e-12
3474.5               -0
3475.5               -2.2204460492503e-12
3476.5               -0
3477.5               -2.2204460492503e-12
3478.5               -2.2204460492503e-12
3479.5               -0
3480.5               -0
3481.5               -2.2204460492503e-12
3482.5               -0
3483.5               2.2204460492503e-12
3484.5               -0
3485.5               -0
3486.5               2.2204460492503e-12
3487.5               -0
3488.5               -0
3489.5               2.2204460492503e-12
3490.5               2.2204460492503e-12
3491.5               2.2204460492503e-12
3492.5               2.2204460492503e-12
3493.5               -0
3494.5               -0
3495.5               -0
3496.5               -2.2204460492503e-12
3497.5               -0
3498.5               -2.2204460492503e-12
3499.5               -0
3500.5               -2.2204460492503e-12
3501.5               -0
3502.5               -2.2204460492503e-12
3503.5               -0
3504.5               -0
3505.5               2.2204460492503e-12
3506.5               -0
3507.5               -0
3508.5               -0
3509.5               -0
3510.5               2.2204460492503e-12
3511.5               -0
3512.5               -0
3513.5               2.2204460492503e-12
3514.5               2.2204460492503e-12
3515.5               2.2204460492503e-12
3516.5               2.2204460492503e-12
3517.5               2.2204460492503e-12
3518.5               -0
3519.5               -0
3520.5               -0
3521.5               -0
3522.5               -0
3523.5               -2.2204460492503e-12
3524.5               -2.2204460492503e-12
3525.5               -0
3526.5               -2.2204460492503e-12
3527.5               -0
3528.5               -0
3529.5               -0
3530.5               -0
3531.5               -2.2204460492503e-12
3532.5               -2.2204460492503e-12
3533.5               -0
3534.5               -2.2204460492503e-12
3535.5               -0
3536.5               -0
3537.5               -0
3538.5               -2.2204460492503e-12
3539.5               -2.2204460492503e-12
3540.5               -0
3541.5               -2.2204460492503e-12
3542.5               -2.2204460492503e-12
3543.5               -2.2204460492503e-12
3544.5               -0
3545.5               -2.2204460492503e-12
3546.5               -2.2204460492503e-12
3547.5               -4.4408920985006e-12
3548.5               -4.4408920985006e-12
3549.5               -6.6613381477509e-12
3550.5               -6.6613381477509e-12
3551.5               -6.6613381477509e-12
3552.5               -1.1102230246252e-11
3553.5               -1.1102230246252e-11
3554.5               -1.5543122344752e-11
3555.5               -1.5543122344752e-11
3556.5               -1.5543122344752e-11
3557.5               -2.2204460492503e-11
3558.5               -2.4424906541753e-11
3559.5               -2.8865798640254e-11
3560.5               -3.5527136788005e-11
3561.5               -4.2188474935756e-11
3562.5               -4.6629367034257e-11
3563.5               -5.7731597280508e-11
3564.5               -6.6613381477509e-11
3565.5               -7.5495165674511e-11
3566.5               -9.3258734068513e-11
3567.5               -1.0658141036402e-10
3568.5               -1.2656542480727e-10
3569.5               -1.4876988529977e-10
3570.5               -1.7541523789077e-10
3571.5               -2.0650148258028e-10
3572.5               -2.4202861936828e-10
3573.5               -2.8865798640254e-10
3574.5               -3.3750779948605e-10
3575.5               -3.9523939676656e-10
3576.5               -4.6629367034257e-10
3577.5               -5.5067062021408e-10
3578.5               -6.4392935428259e-10
3579.5               -7.5939254884361e-10
3580.5               -8.9261931179863e-10
3581.5               -1.0502709812954e-09
3582.5               -1.2345680033832e-09
3583.5               -1.4499512701605e-09
3584.5               -1.7075230118735e-09
3585.5               -2.0095036745715e-09
3586.5               -2.3625545964023e-09
3587.5               -2.7777780076121e-09
3588.5               -3.2662761384472e-09
3589.5               -3.8435921112523e-09
3590.5               -4.5230486023229e-09
3591.5               -5.3179682879545e-09
3592.5               -6.2572169667874e-09
3593.5               -7.3585582072155e-09
3594.5               -8.6552986999777e-09
3595.5               -1.0182965581862e-08
3596.5               -1.1977085989656e-08
3597.5               -1.4088730182493e-08
3598.5               -1.6573409311604e-08
3599.5               -1.9495516312418e-08
3600.5               -2.2930546350608e-08
3601.5               -2.6973978606293e-08
3602.5               -3.1727953597738e-08
3603.5               -3.7323477641849e-08
3604.5               -4.3898218393679e-08
3605.5               -5.1638693321365e-08
3606.5               -6.0740301677242e-08
3607.5               -7.1447292526727e-08
3608.5               -8.4041662518075e-08
3609.5               -9.8854258112624e-08
3610.5               -1.1628031870714e-07
3611.5               -1.3677725618777e-07
3612.5               -1.6088685939053e-07
3613.5               -1.8924639633155e-07
3614.5               -2.2260637777549e-07
3615.5               -2.6184610035784e-07
3616.5               -3.0800251238361e-07
3617.5               -3.6229685917988e-07
3618.5               -4.2615910800237e-07
3619.5               -5.0127901829455e-07
3620.5               -5.8964166882447e-07
3621.5               -6.9357852794383e-07
3622.5               -8.158385078616e-07
3623.5               -9.5964791668735e-07
3624.5               -1.1288103785034e-06
3625.5               -1.3277889898688e-06
3626.5               -1.5618417670282e-06
3627.5               -1.8371526522287e-06
3628.5               -2.1609936062816e-06
3629.5               -2.5419200078147e-06
3630.5               -2.9899926978771e-06
3631.5               -3.5170510948035e-06
3632.5               -4.1370085135384e-06
3633.5               -4.8662540663713e-06
3634.5               -5.7240434614414e-06
3635.5               -6.7330407915733e-06
3636.5               -7.9198914093581e-06
3637.5               -9.3159591152414e-06
3638.5               -1.0958109974979e-05
3639.5               -1.2889733724819e-05
3640.5               -1.5161845112743e-05
3641.5               -1.7834476118139e-05
3642.5               -2.0978214720913e-05
3643.5               -2.4676112264643e-05
3644.5               -2.9025848391484e-05
3645.5               -3.4142326743591e-05
3646.5               -4.0160701431091e-05
3647.5               -4.7239954170664e-05
3648.5               -5.5567090928577e-05
3649.5               -6.5362073531361e-05
3650.5               -7.6883650557136e-05
3651.5               -9.0436171884534e-05
3652.5               -0.00010637763114829
3653.5               -0.00012512914038254
3654.5               -0.0001471860344715
3655.5               -0.00017313095179716
3656.5               -0.00020364925523708
3657.5               -0.00023954709771346
3658.5               -0.00028177274291608
3659.5               -0.00033144160527243
3660.5               -0.000389865706385
3661.5               -0.00045858834285539
3662.5               -0.00053942484923297
3663.5               -0.00063451053522456
3664.5               -0.00074635709834681
3665.5               -0.00087791896863365
3666.5               -0.0010326713328901
3667.5               -0.0012147019146092
3668.5               -0.0014288189564837
3669.5               -0.0016806781877321
3670.5               -0.0019769321957241
3671.5               -0.0023254061121136
3672.5               -0.0027353042320044
3673.5               -0.0032174530817386
3674.5               -0.0037845872413733
3675.5               -0.0044516855757237
3676.5               -0.005236366649175
3677.5               -0.006159353755919
3678.5               -0.0072450218513431
3679.5               -0.0085220407552988
3680.5               -0.010024131513742
3681.5               -0.011790955845026
3682.5               -0.013869162009961
3683.5               -0.016313614505936
3684.5               -0.019188839879281
3685.5               -0.022570726339044
3686.5               -0.026548521723235
3687.5               -0.031227181735982
3688.5               -0.036730129571172
3689.5               -0.043202498454242
3690.5               -0.050814940828481
3691.5               -0.059768102254054
3692.5               -0.070297874552594
3693.5               -0.082681561985876
3694.5               -0.097245116521538
3695.5               -0.11437162368955
3696.5               -0.13451125021158
3697.5               -0.15819289791663
3698.5               -0.18603784688986
3699.5               -0.21877571371398
3700.5               -0.25726309889285
3701.5               -0.30250535056453
3702.5               -0.3556819294448
3703.5               -0.4181759212174
3704.5               -0.49160830610129
3705.5               -0.57787765780581
3706.5               -0.67920600163696
3707.5               -0.79819160727856
3708.5               -0.93786951667285
3709.5               -1.1017805980629
3710.5               -1.2940498553848
3711.5               -1.5194745831826
3712.5               -1.7836227082424
3713.5               -2.0929412583204
3714.5               -2.4548742923369
3715.5               -2.8779887516239
3716.5               -3.3721054743174
3717.5               -3.9484309753424
3718.5               -4.6196834579337
3719.5               -5.4002038345002
3720.5               -6.3060392895897
3721.5               -7.3549831991149
3722.5               -8.5665512577249
3723.5               -9.9618699044512
3724.5               -11.563450307808
3725.5               -13.39482035025
3726.5               -15.479989653595
3727.5               -17.84273035476
3728.5               -20.505670650228
3729.5               -23.489220062016
3730.5               -26.810374580648
3731.5               -30.481483774707
3732.5               -34.509095284827
3733.5               -38.893016779895
3734.5               -43.625741916016
3735.5               -48.692366765721
3736.5               -54.071073010724
3737.5               -59.734178362192
3738.5               -65.64966670674
3739.5               -71.783030469272
3740.5               -78.099206344053
3741.5               -84.564376873069
3742.5               -91.147446252726
3743.5               -97.82106828472
3744.5               -104.56218804978
3745.5               -111.35213579248
3746.5               -118.17636612254
3747.5               -125.02396137269
3748.5               -131.88701692636
3749.5               -138.76000639291
3750.5               -145.63919539662
3751.5               -152.52214295525
3752.5               -159.40730456111
3753.5               -166.29373362299
3754.5               -173.18086791055
3755.5               -180.06838364596
3756.5               -186.95609997188
3757.5               -193.84391886407
3758.5               -200.73178875542
3759.5               -207.6196833087
3760.5               -126.55922790122
3761.5187209763      -65.762958278122
3762.5755848552      -34.251984632141
3763.6720197814      -17.683219868694
3764.8095073722      -8.9873807308981
3765.9895847196      -4.477619443591
3767.2138464671      -2.1807413705551
3768.483946965       -1.0362838807449
3769.8016025056      -0.47979238043045
3771.1685936425      -0.21618300160751
3772.5867675969      -0.094696364480295
3774.0580407534      -0.040287098921949
3775.5844012497      -0.016630934650752
3777.1679116635      -0.0066565651870437
3778.8107117992      -0.002583985517974
3780.5150215798      -0.00098067442530064
3782.2831440465      -0.00038823904156947
3784.117468471       -0.00022992395831343
3786.0204735836      -0.00035652834877355
3787.9947309236      -0.00097327521238974
3790                 -4758.2579429988
3792                 -0
3794                 -0
3796                 -0
3798                 -0
