x[nm]                E[kV/cm]            
-8                   6.4126481902349e-09
-6                   -0
-4                   -0
-2                   -0
0                    -293.22280208213
1.999                -0.00037588765155749
3.997                -0.0002171237408529
5.995                -0.00012541703411542
7.9929999999999      -7.2444561749775e-05
9.9909999999999      -4.1846095046441e-05
11.989               -2.4171522307905e-05
13.987               -1.3962164757686e-05
15.985               -8.0649623338229e-06
17.983               -4.6585358193641e-06
19.981               -2.6909050007704e-06
21.979               -1.5543566878496e-06
23.977               -8.9781591126124e-07
25.975               -5.1862862797585e-07
27.973               -2.9958018048264e-07
29.971               -1.7306587705588e-07
31.969               -9.9948966909599e-08
33.967               -5.7753823967689e-08
35.965               -3.3340030769525e-08
37.963               -1.9274983122221e-08
39.961               -1.1131124939585e-08
41.959               -6.4190672574925e-09
43.957               -3.6985207466993e-09
45.955               -2.1337619692496e-09
47.953               -1.262475831806e-09
49.951               -7.290353394936e-10
51.948999999999      -3.9118969436242e-10
53.946999999999      -2.311575466687e-10
55.944999999999      -1.4225079794997e-10
57.942999999999      -7.1125398974986e-11
59.940999999999      -5.3344049231239e-11
61.938999999999      -1.7781349743746e-11
63.936999999999      -3.5562699487493e-11
65.934999999999      -0
67.932999999999      -0
69.930999999999      -1.7781349743746e-11
71.928999999999      -1.7781349743746e-11
73.926999999999      -0
75.924999999999      -0
77.922999999999      -1.7781349743746e-11
79.920999999999      -0
81.918999999999      -0
83.916999999999      -0
85.914999999999      -0
87.912999999999      -0
89.910999999999      -0
91.908999999999      -0
93.906999999999      -0
95.904999999999      -0
97.902999999999      -0
99.900999999999      -0
101.899              -0
103.897              1.7781349743746e-11
105.895              -0
107.893              -0
109.891              -1.7781349743746e-11
111.889              -0
113.887              -0
115.885              -0
117.883              -0
119.881              1.7781349743746e-11
121.879              -0
123.877              -0
125.875              -0
127.873              -0
129.871              -1.7781349743747e-11
131.869              -0
133.867              -0
135.865              -1.7781349743747e-11
137.863              -0
139.861              1.7781349743747e-11
141.859              -0
143.857              -1.7781349743747e-11
145.855              1.7781349743746e-11
147.853              -0
149.851              -1.7781349743747e-11
151.849              -0
153.847              1.7781349743747e-11
155.845              -0
157.843              -1.7781349743746e-11
159.841              1.7781349743747e-11
161.839              -1.7781349743747e-11
163.837              -1.7781349743746e-11
165.835              1.7781349743747e-11
167.833              -0
169.831              -0
171.829              1.7781349743747e-11
173.827              -0
175.825              -0
177.823              -1.7781349743746e-11
179.821              -0
181.819              -0
183.817              -0
185.815              1.7781349743747e-11
187.813              -0
189.811              -1.7781349743746e-11
191.809              1.7781349743747e-11
193.807              -0
195.805              -0
197.803              -0
199.801              -1.7781349743747e-11
201.799              -0
203.797              1.7781349743747e-11
205.795              -1.7781349743747e-11
207.793              -0
209.791              -0
211.789              -0
213.787              -0
215.785              -0
217.783              -0
219.781              -0
221.779              -0
223.777              -0
225.775              -0
227.773              1.7781349743746e-11
229.771              -0
231.769              -0
233.767              -0
235.765              -0
237.763              -0
239.761              -1.7781349743747e-11
241.759              -0
243.757              -0
245.755              -0
247.753              -0
249.751              1.7781349743747e-11
251.749              -0
253.747              1.7781349743746e-11
255.745              -0
257.743              -1.7781349743746e-11
259.741              -0
261.739              -0
263.737              -0
265.735              -0
267.733              1.7781349743746e-11
269.731              -0
271.729              -0
273.727              -0
275.725              -0
277.723              -0
279.721              -1.7781349743746e-11
281.719              1.7781349743746e-11
283.717              -0
285.715              -0
287.713              -0
289.711              -0
291.709              -0
293.707              -0
295.705              -0
297.703              -0
299.701              -0
301.699              -0
303.697              -0
305.695              -0
307.693              -0
309.691              1.7781349743746e-11
311.689              -1.7781349743747e-11
313.687              -0
315.685              -0
317.683              -0
319.681              -0
321.679              -0
323.677              -0
325.675              -0
327.673              -0
329.671              -1.7781349743747e-11
331.669              -0
333.667              1.7781349743746e-11
335.665              -0
337.663              -0
339.661              1.7781349743746e-11
341.659              -0
343.657              -0
345.655              -0
347.653              -0
349.651              -0
351.649              -1.7781349743747e-11
353.647              -0
355.645              -0
357.643              -0
359.641              -0
361.639              -0
363.637              -0
365.635              -0
367.633              -0
369.631              -0
371.629              -0
373.627              1.7781349743746e-11
375.625              -0
377.623              -0
379.621              -0
381.619              -0
383.617              -0
385.615              -0
387.613              -0
389.611              -0
391.609              -0
393.607              -0
395.605              -0
397.60299999999      -0
399.60099999999      -0
401.59899999999      -0
403.59699999999      -1.7781349743746e-11
405.59499999999      -0
407.59299999999      -0
409.59099999999      -0
411.58899999999      -0
413.58699999999      1.7781349743746e-11
415.58499999999      -1.7781349743747e-11
417.58299999999      -0
419.58099999999      -0
421.57899999999      -0
423.57699999999      -0
425.57499999999      -0
427.57299999999      -0
429.57099999999      -0
431.56899999999      1.7781349743746e-11
433.56699999999      -0
435.56499999999      -0
437.56299999999      -0
439.56099999999      -0
441.55899999999      -0
443.55699999999      -0
445.55499999999      -0
447.55299999999      -0
449.55099999999      -1.7781349743746e-11
451.54899999999      -0
453.54699999999      -1.7781349743746e-11
455.54499999999      -0
457.54299999999      -0
459.54099999999      -0
461.53899999999      1.7781349743746e-11
463.53699999999      1.7781349743747e-11
465.53499999999      -0
467.53299999999      -0
469.53099999999      -0
471.52899999999      -0
473.52699999999      -1.7781349743747e-11
475.52499999999      -0
477.52299999999      -0
479.52099999999      -1.7781349743747e-11
481.51899999999      -0
483.51699999999      1.7781349743746e-11
485.51499999999      -0
487.51299999999      -1.7781349743746e-11
489.51099999999      -0
491.50899999999      -0
493.50699999999      1.7781349743746e-11
495.50499999999      -0
497.50299999999      -0
499.50099999999      -0
501.49899999999      -0
503.49699999999      -0
505.49499999999      -0
507.49299999999      -0
509.49099999999      -0
511.48899999999      -0
513.48699999999      -0
515.48499999999      -0
517.48299999999      -0
519.48099999999      -0
521.47899999999      1.7781349743746e-11
523.47699999999      -0
525.47499999999      -0
527.47299999999      -1.7781349743746e-11
529.47099999999      -1.7781349743747e-11
531.46899999999      -0
533.46699999999      1.7781349743746e-11
535.46499999999      -0
537.46299999999      -0
539.46099999999      -0
541.45899999999      1.7781349743747e-11
543.45699999999      -0
545.45499999999      -0
547.45299999999      -1.7781349743746e-11
549.45099999999      -0
551.44899999999      1.7781349743746e-11
553.44699999999      -1.7781349743747e-11
555.44499999999      -1.7781349743746e-11
557.44299999999      -0
559.44099999999      -0
561.43899999999      -0
563.43699999999      -0
565.43499999999      -0
567.43299999999      1.7781349743746e-11
569.43099999999      -0
571.42899999999      -0
573.42699999999      -1.7781349743746e-11
575.42499999999      -0
577.42299999999      -0
579.42099999999      -0
581.41899999999      -0
583.41699999999      -0
585.41499999999      1.7781349743746e-11
587.41299999999      -0
589.41099999999      -0
591.40899999999      -0
593.40699999999      -0
595.40499999999      -0
597.40299999999      -0
599.40099999999      -0
601.39899999999      -0
603.39699999999      -0
605.39499999999      -0
607.39299999999      -0
609.39099999999      -0
611.38899999999      -0
613.38699999999      -0
615.38499999999      -0
617.38299999999      -0
619.38099999999      -0
621.37899999999      -1.7781349743746e-11
623.37699999999      -0
625.37499999999      -0
627.37299999999      -0
629.37099999999      1.7781349743746e-11
631.369              -0
633.36699999999      -0
635.365              -0
637.363              -0
639.361              -0
641.359              -0
643.357              -0
645.355              -0
647.353              -0
649.351              -0
651.349              -0
653.347              -0
655.345              -0
657.343              -0
659.341              1.7781349743746e-11
661.339              -0
663.337              -0
665.335              -0
667.333              -1.7781349743746e-11
669.331              -0
671.329              1.7781349743746e-11
673.327              -0
675.325              -1.7781349743746e-11
677.323              -1.7781349743746e-11
679.321              -0
681.319              -0
683.317              1.7781349743746e-11
685.315              -0
687.313              -0
689.311              -0
691.309              -0
693.307              -0
695.305              -0
697.303              -0
699.301              -0
701.299              -0
703.297              -0
705.295              -0
707.293              1.7781349743746e-11
709.291              -0
711.289              -0
713.287              -1.7781349743746e-11
715.285              -0
717.283              -1.7781349743746e-11
719.281              1.7781349743746e-11
721.279              -1.7781349743746e-11
723.277              1.7781349743746e-11
725.275              -0
727.273              -0
729.271              -0
731.269              1.7781349743746e-11
733.267              -0
735.265              -0
737.263              -0
739.261              -0
741.259              -0
743.257              -0
745.255              -1.7781349743746e-11
747.253              -1.7781349743746e-11
749.251              1.7781349743746e-11
751.249              -0
753.247              -0
755.245              -0
757.243              1.7781349743746e-11
759.241              -0
761.239              -0
763.237              -0
765.235              -1.7781349743746e-11
767.233              -0
769.231              -0
771.229              -0
773.227              -0
775.225              -0
777.223              -0
779.221              -0
781.219              -0
783.217              1.7781349743746e-11
785.215              -0
787.213              -1.7781349743746e-11
789.211              1.7781349743746e-11
791.209              -1.7781349743746e-11
793.207              -0
795.205              -0
797.203              -0
799.201              -1.7781349743746e-11
801.199              -0
803.197              -0
805.195              1.7781349743746e-11
807.193              -0
809.191              -0
811.189              -0
813.187              -0
815.185              -0
817.183              -1.7781349743746e-11
819.181              -0
821.179              -0
823.177              -0
825.175              -0
827.173              -0
829.171              -0
831.169              -0
833.167              1.7781349743746e-11
835.165              -0
837.163              -0
839.161              -0
841.159              1.7781349743746e-11
843.157              -0
845.155              -1.7781349743746e-11
847.153              -0
849.151              -0
851.149              -0
853.147              -0
855.145              1.7781349743747e-11
857.143              -1.7781349743746e-11
859.141              -0
861.139              -0
863.137              -0
865.135              -0
867.133              -1.7781349743747e-11
869.131              -0
871.129              1.7781349743746e-11
873.127              -0
875.125              -0
877.123              -0
879.121              -0
881.119              -0
883.117              -1.7781349743746e-11
885.115              -0
887.113              1.7781349743746e-11
889.111              -0
891.109              1.7781349743746e-11
893.107              1.7781349743746e-11
895.105              7.1125398974983e-11
897.103              8.8906748718729e-11
899.101              1.7781349743746e-10
901.099              2.8450159589995e-10
903.097              4.6231509333739e-10
905.095              8.1794208821231e-10
907.093              1.3869452800122e-09
909.091              2.4360449148932e-09
911.089              4.2319612390115e-09
913.087              7.3259160944237e-09
915.085              1.2660321017547e-08
917.083              2.1924404234039e-08
919.081              3.7945400353154e-08
921.079              6.5719868652885e-08
923.077              1.1376507566049e-07
925.075              1.9696401111148e-07
927.073              3.4095738133633e-07
929.071              5.9026968609339e-07
931.069              1.0218586070736e-06
933.067              1.769084267355e-06
935.065              3.0626596798628e-06
937.063              5.3020962106397e-06
939.061              9.1790705833667e-06
941.059              1.5890925545739e-05
943.057              2.7510610850884e-05
945.055              4.7626758504082e-05
947.053              8.2452154324454e-05
949.051              0.00014274232780093
951.049              0.00024711757053954
953.047              0.00042781338920776
955.045              0.00074063649663229
957.043              0.0012822000785108
959.041              0.0022197620540698
961.039              0.0038428806261049
963.037              0.0066528407607725
965.035              0.011517465979936
967.033              0.019939121496146
969.031              0.034518652760986
971.029              0.059758469813074
973.027              0.10345257698211
975.025              0.1790921720611
977.023              0.31002773349109
979.021              0.53666693299968
981.019              0.92891312642116
983.017              1.6076311895989
985.015              2.7816060487061
987.013              4.8109158199535
989.011              8.3148145253625
991.009              14.353007872346
993.007              24.722973868712
995.005              42.424958343482
997.003              72.316398140148
999.001              121.78383953493
1001                 129.78541091812
1003                 92.365695319181
1005                 68.71221141088
1007                 52.929897649019
1009                 41.884421059351
1011                 33.837314497163
1013                 27.778525650444
1015                 23.093396291074
1017                 19.391305051712
1019                 16.414095327359
1021                 13.985132249275
1023                 11.979821201713
1025                 10.307900995468
1027                 8.9024395801651
1029                 7.7127795853649
1031                 6.6998872070734
1033                 5.8332069185241
1035                 5.0884851819255
1037                 4.4462330485295
1039                 3.890619416751
1041                 3.4086605051442
1043                 2.9896168615373
1045                 2.6245382601253
1047                 2.3059156364091
1049                 2.0274116143959
1051                 1.7836495156764
1053                 1.5700464255985
1055                 1.3826798374694
1057                 1.2181801637112
1059                 1.0736433786462
1061                 0.94655947647126
1063                 0.83475346709605
1065                 0.73633639408044
1067                 0.64966442874237
1069                 0.57330451950222
1071                 0.50600540111745
1073                 0.44667301347445
1075                 0.39434957207263
1077                 0.34819567941824
1079                 0.3074749816534
1081                 0.27154096768456
1083                 0.23982557863178
1085                 0.21182935439512
1087                 0.18711289019535
1089                 0.16528941348071
1091                 0.1460183221802
1093                 0.12899955072143
1095                 0.11396864996627
1097                 0.10069248524758
1099                 0.088965470368407
1101                 0.078606266882275
1103                 0.069454889022325
1105                 0.061370161876795
1107                 0.054227488011094
1109                 0.047916884255983
1111                 0.042341254378186
1113                 0.03741486898079
1115                 0.033062026663089
1117                 0.029215875070321
1119                 0.025817371405168
1121                 0.022814366431589
1123                 0.020160796623259
1125                 0.017815971773416
1127                 0.015743946146785
1129                 0.013912964167417
1131                 0.012294970694882
1133                 0.010865178996511
1135                 0.0096016892214834
1137                 0.0084851518877826
1139                 0.0074984701825542
1141                 0.0066265375764374
1143                 0.0058560058135981
1145                 0.0051750800800221
1147                 0.0045733380282797
1149                 0.0040415700297558
1151                 0.0035716379187534
1153                 0.0031563503100074
1155                 0.0027893522869249
1157                 0.0024650281815752
1159                 0.0021784155279647
1161                 0.0019251289984368
1163                 0.001701293275147
1165                 0.001503483790799
1167                 0.0013286742195362
1169                 0.0011741901495554
1171                 0.0010376681913726
1173                 0.00091701979343384
1175                 0.00081039924992865
1177                 0.00071617549224356
1179                 0.00063290709562125
1181                 0.00055932028786287
1183                 0.00049428932058504
1185                 0.00043681943395768
1187                 0.00038603149121741
1189                 0.00034114858493695
1191                 0.00030148411767073
1193                 0.00026643137474025
1195                 0.00023545412730641
1197                 0.0002080785321823
1199                 0.00018388584877016
1201                 0.00016250599088607
1203                 0.0001436118779452
1205                 0.00012691456774405
1207                 0.00011215858464197
1209                 9.9118242502527e-05
1211                 8.7594074216213e-05
1213                 7.7409776366721e-05
1215                 6.8409597986374e-05
1217                 6.0455800365844e-05
1219                 5.3426809643042e-05
1221                 4.7215031884207e-05
1223                 4.1725485289135e-05
1225                 3.6874219233596e-05
1227                 3.2586964238135e-05
1229                 2.879815497181e-05
1231                 2.5449899965224e-05
1233                 2.2490933559993e-05
1235                 1.987597642028e-05
1237                 1.75650605172e-05
1239                 1.5522818586078e-05
1241                 1.3718022273679e-05
1243                 1.2123084758286e-05
1245                 1.0713598896928e-05
1247                 9.4679819540033e-06
1249                 8.3671558570586e-06
1251                 7.3943162703927e-06
1253                 6.5346306143965e-06
1255                 5.7748472670482e-06
1257                 5.1034199088917e-06
1259                 4.5100811973953e-06
1261                 3.9857006584043e-06
1263                 3.5222846861416e-06
1265                 3.1127633803862e-06
1267                 2.7508484379268e-06
1269                 2.4309976254244e-06
1271                 2.1483614887075e-06
1273                 1.898570189951e-06
1275                 1.6778400890871e-06
1277                 1.4827605809842e-06
1279                 1.3103651497204e-06
1281                 1.158007023605e-06
1283                 1.0233591751785e-06
1285                 9.0437879407546e-07
1287                 7.9923623275135e-07
1289                 7.0633277005072e-07
1291                 6.2419402979685e-07
1293                 5.5162985290735e-07
1295                 4.8748560743661e-07
1297                 4.3081982425974e-07
1299                 3.8070879782026e-07
1301                 3.364597489508e-07
1303                 2.9734437134721e-07
1305                 2.6275870368409e-07
1307                 2.3218760247801e-07
1309                 2.0520474208752e-07
1311                 1.8134826973437e-07
1313                 1.6026291405069e-07
1315                 1.4162893080538e-07
1317                 1.2517986647254e-07
1319                 1.1061374038945e-07
1321                 9.7752916872196e-08
1323                 8.6401996668428e-08
1325                 7.6347816957423e-08
1327                 6.7483796328816e-08
1329                 5.9614535530272e-08
1331                 5.2686743856611e-08
1333                 4.6576076329075e-08
1335                 4.1158187968904e-08
1337                 3.6362024502523e-08
1339                 3.2116531656357e-08
1341                 2.8368418725222e-08
1343                 2.5082158572332e-08
1345                 2.2168933355715e-08
1347                 1.9575452370191e-08
1349                 1.7301715615758e-08
1351                 1.5276668818842e-08
1353                 1.3518075547836e-08
1355                 1.1954881529164e-08
1357                 1.0569323194431e-08
1359                 9.3436369752453e-09
1361                 8.2600593032112e-09
1363                 7.336353746723e-09
1365                 6.4659388954169e-09
1367                 5.7376325912628e-09
1369                 5.0626169922907e-09
1371                 4.4586556668946e-09
1373                 3.9612757518626e-09
1375                 3.4994229736185e-09
1377                 3.0908609005564e-09
1379                 2.7355895326764e-09
1381                 2.4158453015843e-09
1383                 2.1316282072803e-09
1385                 1.8829382497643e-09
1387                 1.6697754290362e-09
1389                 1.4743761767022e-09
1391                 1.2967404927622e-09
1393                 1.1368683772162e-09
1395                 9.9475983006414e-10
1397                 8.8817841970013e-10
1399                 7.8159700933611e-10
1401                 6.927791673661e-10
1403                 6.0396132539609e-10
1405                 5.3290705182008e-10
1407                 4.6185277824407e-10
1409                 4.2632564145606e-10
1411                 3.5527136788005e-10
1413                 3.3750779948605e-10
1415                 2.8421709430404e-10
1417                 2.4868995751604e-10
1419                 2.3092638912203e-10
1421                 1.9539925233403e-10
1423                 1.9539925233403e-10
1425                 1.4210854715202e-10
1427                 1.2434497875802e-10
1429                 1.0658141036402e-10
1431                 8.8817841970013e-11
1433                 8.8817841970013e-11
1435                 8.8817841970013e-11
1437                 7.105427357601e-11
1439                 5.3290705182008e-11
1441                 5.3290705182008e-11
1443                 5.3290705182008e-11
1445                 5.3290705182008e-11
1447                 7.105427357601e-11
1449                 5.3290705182008e-11
1451                 3.5527136788005e-11
1453                 1.7763568394003e-11
1455                 3.5527136788005e-11
1457                 3.5527136788005e-11
1459                 3.5527136788005e-11
1461                 1.7763568394003e-11
1463                 3.5527136788005e-11
1465                 1.7763568394003e-11
1467                 3.5527136788005e-11
1469                 1.7763568394003e-11
1471                 1.7763568394003e-11
1473                 1.7763568394003e-11
1475                 1.7763568394003e-11
1477                 -0
1479                 -0
1481                 -1.7763568394003e-11
1483                 -1.7763568394003e-11
1485                 -1.7763568394003e-11
1487                 -0
1489                 -1.7763568394003e-11
1491                 -1.7763568394003e-11
1493                 -3.5527136788005e-11
1495                 -0
1497                 -0
1499                 -1.7763568394003e-11
1501                 -0
1503                 -0
1505                 -0
1507                 -0
1509                 -0
1511                 3.5527136788005e-11
1513                 1.7763568394003e-11
1515                 3.5527136788005e-11
1517                 1.7763568394003e-11
1519                 1.7763568394003e-11
1521                 1.7763568394003e-11
1523                 3.5527136788005e-11
1525                 -0
1527                 1.7763568394003e-11
1529                 1.7763568394003e-11
1531                 -0
1533                 -0
1535                 -0
1537                 -0
1539                 1.7763568394003e-11
1541                 1.7763568394003e-11
1543                 3.5527136788005e-11
1545                 3.5527136788005e-11
1547                 1.7763568394003e-11
1549                 3.5527136788005e-11
1551                 3.5527136788005e-11
1553                 5.3290705182008e-11
1555                 8.8817841970013e-11
1557                 7.105427357601e-11
1559                 7.105427357601e-11
1561                 8.8817841970013e-11
1563                 1.0658141036402e-10
1565                 1.2434497875802e-10
1567                 1.2434497875802e-10
1569                 1.7763568394003e-10
1571                 1.9539925233403e-10
1573                 2.3092638912203e-10
1575                 2.4868995751604e-10
1577                 2.8421709430404e-10
1579                 3.3750779948605e-10
1581                 3.9079850466806e-10
1583                 4.2632564145606e-10
1585                 4.9737991503207e-10
1587                 5.3290705182008e-10
1589                 6.2172489379009e-10
1591                 6.750155989721e-10
1593                 7.6383344094211e-10
1595                 8.7041485130612e-10
1597                 9.9475983006414e-10
1599                 1.1191048088222e-09
1601                 1.2789769243682e-09
1603                 1.4388490399142e-09
1605                 1.6164847238542e-09
1607                 1.8296475445823e-09
1609                 2.0783375020983e-09
1611                 2.3447910280083e-09
1613                 2.6290081223124e-09
1615                 3.0020430585864e-09
1617                 3.3750779948605e-09
1619                 3.8014036363165e-09
1621                 4.3165471197426e-09
1623                 4.8849813083507e-09
1625                 5.5244697705348e-09
1627                 6.2705396430829e-09
1629                 7.105427357601e-09
1631                 8.0646600508771e-09
1633                 9.1127105861233e-09
1635                 1.0302869668521e-08
1637                 1.1635137298072e-08
1639                 1.318056774835e-08
1641                 1.4921397450962e-08
1643                 1.6875389974302e-08
1645                 1.9113599591947e-08
1647                 2.1618262735501e-08
1649                 2.4460433678541e-08
1651                 2.769340312625e-08
1653                 3.1317171078626e-08
1655                 3.5456082514429e-08
1657                 4.0110137433658e-08
1659                 4.5385917246676e-08
1661                 5.1354476227061e-08
1663                 5.8104632216782e-08
1665                 6.5760730194597e-08
1667                 7.4411588002476e-08
1669                 8.4217077755966e-08
1671                 9.5283780865429e-08
1673                 1.078248601516e-07
1675                 1.220179512984e-07
1677                 1.3807621712658e-07
1679                 1.5624834759365e-07
1681                 1.7678303265711e-07
1683                 2.0003554368486e-07
1685                 2.2632562490799e-07
1687                 2.5613289267312e-07
1689                 2.8983038191654e-07
1691                 3.2796876325847e-07
1693                 3.7109870731911e-07
1695                 4.1991299326583e-07
1697                 4.7513992740278e-07
1699                 5.3766768814967e-07
1701                 6.0838445392619e-07
1703                 6.8846262024636e-07
1705                 7.7902129191898e-07
1707                 8.8149931798398e-07
1709                 9.9749541959682e-07
1711                 1.1287326628917e-06
1713                 1.2772183310972e-06
1715                 1.445243924536e-06
1717                 1.6353851606254e-06
1719                 1.8505375010136e-06
1721                 2.0940049694218e-06
1723                 2.3695179152128e-06
1725                 2.6812685405275e-06
1727                 3.034035245264e-06
1729                 3.4331826270773e-06
1731                 3.8848568806316e-06
1733                 4.3959680340322e-06
1735                 4.9742965302357e-06
1737                 5.6287419170076e-06
1739                 6.3692873197851e-06
1741                 7.2072481316354e-06
1743                 8.1554496489389e-06
1745                 9.2284047070734e-06
1747                 1.0442491316098e-05
1749                 1.1816343459259e-05
1751                 1.3370957674397e-05
1753                 1.5130101616023e-05
1755                 1.7120651563118e-05
1757                 1.9373107562615e-05
1759                 2.1921859882923e-05
1761                 2.4805970610942e-05
1763                 2.8069528923425e-05
1765                 3.1762450447559e-05
1767                 3.5941187803701e-05
1769                 4.0669725365206e-05
1771                 4.6020378619005e-05
1773                 5.2074948797554e-05
1775                 5.8926072910026e-05
1777                 6.6678573773515e-05
1779                 7.5451005443483e-05
1781                 8.5377553915578e-05
1783                 9.6610062172431e-05
1785                 0.00010932035721112
1787                 0.00012370284352414
1789                 0.00013997754066963
1791                 0.0001583933695315
1793                 0.00017923202477732
1795                 0.00020281227364194
1797                 0.00022949478761802
1799                 0.00025968768468942
1801                 0.00029385281763439
1803                 0.00033251280839863
1805                 0.00037625891735615
1807                 0.00042576035141906
1809                 0.00048177421163587
1811                 0.00054515727043736
1813                 0.00061687902785934
1815                 0.00069803650859512
1817                 0.00078987101304051
1819                 0.00089378715983912
1821                 0.0010113743620366
1823                 0.0011444310388242
1825                 0.0012949923089423
1827                 0.0014653608282345
1829                 0.0016581422457307
1831                 0.0018762848874587
1833                 0.0021231248581444
1835                 0.002402437093707
1837                 0.0027184929329849
1839                 0.0030761255231937
1841                 0.0034808035209721
1843                 0.0039387146522074
1845                 0.004456860427382
1847                 0.0050431627762748
1849                 0.0057065851066795
1851                 0.0064572692082265
1853                 0.0073066897243734
1855                 0.0082678296386973
1857                 0.0093553776991939
1859                 0.010585952701092
1861                 0.011978356546649
1863                 0.013553860398474
1865                 0.015336528580434
1867                 0.017353584240709
1869                 0.019635823331754
1871                 0.022218081827674
1873                 0.025139764225912
1875                 0.028445440403146
1877                 0.032185519973638
1879                 0.036417013866696
1881                 0.041204394136685
1883                 0.046620564670974
1885                 0.052747956402754
1887                 0.059679762607345
1889                 0.067521331956755
1891                 0.076391738126347
1893                 0.08642554798044
1895                 0.097774811678164
1897                 0.11061130138046
1899                 0.12512902729966
1901                 0.14154706320824
1903                 0.16011271558369
1905                 0.18110507465252
1907                 0.20483898719448
1909                 0.23166949493003
1911                 0.26199678361039
1913                 0.29627169075397
1915                 0.33500181991997
1917                 0.37875831047529
1919                 0.42818330873828
1921                 0.48399818309619
1923                 0.5470125183038
1925                 0.61813391306842
1927                 0.69837858859501
1929                 0.78888279400502
1931                 0.89091496320748
1933                 1.0058885372644
1935                 1.13537531508
1937                 1.2811191271567
1939                 1.4450495456941
1941                 1.6292952420294
1943                 1.8361964809444
1945                 2.0683160988888
1947                 2.3284481496333
1949                 2.6196232209408
1951                 2.9451092327726
1953                 3.3084063371192
1955                 3.7132343617152
1957                 4.1635111056237
1959                 4.6633197293744
1961                 5.216863531885
1963                 5.8284066143521
1965                 6.5021993508196
1967                 7.2423882646078
1969                 8.0529108867999
1971                 8.9373774547497
1973                 9.8989428688867
1975                 10.940174068761
1977                 12.062919755795
1979                 13.26819094535
1981                 14.556061878164
1983                 15.925601050757
1985                 17.374841257372
1987                 18.900795419725
1989                 20.499521642741
1991                 22.166236655643
1993                 23.895472084199
1995                 25.681263539621
1997                 27.517359024518
1999                 29.397431250473
2001                 25.771650545696
2003                 21.680238141055
2005                 18.379769835146
2007                 15.681835797157
2009                 13.451669126869
2011                 11.590706647038
2013                 10.025393886153
2015                 8.6998315982179
2017                 7.5708381856465
2019                 6.6045647404245
2021                 5.7741289593061
2023                 5.0579310795307
2025                 4.4384349691917
2027                 3.901272077993
2029                 3.4345731893559
2031                 3.0284633869293
2033                 2.6746756509866
2035                 2.3662518472456
2037                 2.0973089155341
2039                 1.8628542873955
2041                 1.6586388973749
2043                 1.4810392160491
2045                 1.3269619234002
2047                 1.19376642294
2049                 1.0792015569372
2051                 0.98135373658437
2053                 0.89860434009381
2055                 0.82959471141564
2057                 0.77319745797055
2059                 0.7284930248197
2061                 0.69475073919634
2063                 0.67141368718993
2065                 0.65808691596558
2067                 0.65452855764647
2069                 0.66064355289441
2071                 0.67647971500051
2073                 0.70222592421842
2075                 0.73821227902116
2077                 0.78491205513842
2079                 0.84294533975182
2081                 0.91308421088954
2083                 0.99625932836744
2085                 1.0935677826218
2087                 1.2062820203518
2089                 1.3358596193846
2091                 1.4839536265399
2093                 1.6524230944626
2095                 1.8433433550413
2097                 2.0590154523248
2099                 2.3019740156904
2101                 2.57499270095
2103                 2.8810861494044
2105                 3.2235072365516
2107                 3.6057382002141
2109                 4.0314740824599
2111                 4.5045968043489
2113                 5.0291381602996
2115                 5.6092301033139
2117                 6.2490409444038
2119                 6.9526965607736
2121                 7.7241864432409
2123                 8.5672554487282
2125                 9.4852834635262
2127                 10.481156785431
2129                 11.557136800384
2131                 12.714733276464
2133                 13.954591080516
2135                 15.276400025179
2137                 16.678837552018
2139                 18.159552783192
2141                 19.715197992927
2143                 21.341509848209
2145                 23.033438189621
2147                 24.785315268669
2149                 26.59105397095
2151                 28.444360398581
2153                 30.338944829307
2155                 32.268715764214
2157                 34.227944372027
2159                 36.211390625649
2161                 38.214387079609
2163                 40.23288077823
2165                 42.263437567698
2167                 44.303215703394
2169                 46.349916963884
2171                 48.40172361062
2173                 50.457228736995
2175                 52.515366169139
2177                 54.575344446857
2179                 56.636587791719
2181                 58.698685553047
2183                 60.76135050213
2185                 62.824385555107
2187                 64.887658015778
2189                 66.95108019402
2191                 69.014595201846
2193                 71.078166802572
2195                 73.141772328764
2197                 75.205397853395
2199                 77.269034971135
2201                 79.332678698076
2203                 81.396326130658
2205                 83.459975606672
2207                 85.523626190991
2209                 87.587277366552
2211                 89.650928852336
2213                 91.714580498223
2215                 93.778232225379
2217                 95.84188399316
2219                 97.905535780871
2221                 99.969187578264
2223                 102.03283938022
2225                 104.09649118429
2227                 106.1601429894
2229                 108.22379479492
2231                 110.28744660065
2233                 112.35109840646
2235                 114.41475021229
2237                 116.47840201819
2239                 118.54205382404
2241                 120.60570562994
2243                 122.66935743581
2245                 124.73300924167
2247                 126.79666104754
2249                 128.86031285339
2251                 130.92396465925
2253                 132.98761646512
2255                 135.051268271
2257                 137.11492007689
2259                 139.17857188275
2261                 141.24222368864
2263                 143.3058754945
2265                 145.36952730035
2267                 147.43317910623
2269                 149.4968309121
2271                 151.56048271797
2273                 153.62413452385
2275                 155.6877863297
2277                 157.75143813558
2279                 159.81508994143
2281                 161.87874174731
2283                 163.94239355318
2285                 166.00604535908
2287                 168.06969716493
2289                 170.13334897083
2291                 172.19700077671
2293                 174.26065258258
2295                 176.32430438846
2297                 178.38795619435
2299                 180.45160800019
2301                 182.51525980608
2303                 184.57891161194
2305                 186.64256341781
2307                 188.70621522368
2309                 190.76986702954
2311                 192.83351883544
2313                 194.89717064129
2315                 196.96082244717
2317                 199.02447425304
2319                 201.08812605891
2321                 203.15177786479
2323                 205.21542967064
2325                 207.27908147652
2327                 209.3427332824
2329                 211.40638508825
2331                 213.47003689414
2333                 215.5336887
2335                 217.59734050587
2337                 219.66099231173
2339                 221.72464411762
2341                 223.78829592347
2343                 225.85194772935
2345                 227.91559953523
2347                 229.9792513411
2349                 232.04290314697
2351                 234.10655495287
2353                 236.17020675871
2355                 238.2338585646
2357                 240.29751037046
2359                 242.36116217635
2361                 244.42481398221
2363                 246.48846578812
2365                 248.55211759398
2367                 250.61576939983
2369                 252.67942120571
2371                 254.74307301158
2373                 256.80672481746
2375                 258.87037662335
2377                 260.93402842921
2379                 262.9976802351
2381                 265.06133204096
2383                 267.12498384684
2385                 269.18863565271
2387                 271.25228745859
2389                 273.31593926446
2391                 275.37959107033
2393                 277.44324287621
2395                 279.50689468209
2397                 281.57054648796
2399                 283.63419829384
2401                 285.69785009969
2403                 287.76150190557
2405                 289.82515371146
2407                 291.88880551731
2409                 293.95245732319
2411                 296.01610912907
2413                 298.07976093492
2415                 300.14341274081
2417                 302.20706454667
2419                 304.27071635254
2421                 306.33436815842
2423                 308.39801996429
2425                 310.46167177015
2427                 312.52532357604
2429                 314.5889753819
2431                 316.65262718779
2433                 318.71627899365
2435                 320.77993079952
2437                 322.8435826054
2439                 324.90723441125
2441                 326.97088621713
2443                 329.03453802302
2445                 331.09818982886
2447                 333.16184163475
2449                 335.22549344063
2451                 337.2891452465
2453                 339.35279705238
2455                 341.41644885825
2457                 343.48010066413
2459                 345.54375247
2461                 347.60740427586
2463                 349.67105608173
2465                 351.73470788761
2467                 353.79835969348
2469                 355.86201149936
2471                 357.92566330525
2473                 359.98931511112
2475                 362.05296691699
2477                 364.11661872285
2479                 366.18027052872
2481                 368.2439223346
2483                 370.30757414048
2485                 372.37122594636
2487                 374.43487775223
2489                 376.4985295581
2491                 378.56218136398
2493                 380.62583316987
2495                 382.68948497573
2497                 384.75313678161
2499                 386.81678858748
2501                 388.88044039336
2503                 390.94409219922
2505                 393.00774400511
2507                 395.07139581097
2509                 397.13504761685
2511                 399.19869942271
2513                 401.26235122859
2515                 403.32600303445
2517                 405.38965484034
2519                 407.4533066462
2521                 409.51695845208
2523                 411.58061025794
2525                 413.64426206381
2527                 415.70791386969
2529                 417.77156567556
2531                 419.83521748143
2533                 421.89886928731
2535                 423.96252109318
2537                 426.02617289905
2539                 428.08982470491
2541                 430.15347651079
2543                 432.21712831665
2545                 434.28078012253
2547                 436.34443192841
2549                 438.40808373428
2551                 470.64839832803
2553                 470.79189656895
2555                 470.93539480987
2557                 471.07889305079
2559                 471.22239129171
2561                 471.36588953262
2563                 471.50938777353
2565                 471.65288601445
2567                 471.79638425536
2569                 471.93988249628
2571                 472.0833807372
2573                 472.22687897812
2575                 472.37037721905
2577                 472.51387545995
2579                 472.65737370089
2581                 472.80087194181
2583                 472.94437018271
2585                 473.08786842363
2587                 473.23136666455
2589                 473.37486490546
2591                 473.5183631464
2593                 473.6618613873
2595                 473.80535962822
2597                 473.94885786914
2599                 474.09235611005
2601                 474.23585435096
2603                 474.37935259189
2605                 474.5228508328
2607                 474.66634907372
2609                 474.80984731465
2611                 474.95334555556
2613                 475.09684379648
2615                 475.24034203739
2617                 475.3838402783
2619                 475.52733851923
2621                 475.67083676014
2623                 475.81433500106
2625                 475.95783324197
2627                 476.10133148289
2629                 476.24482972381
2631                 476.38832796474
2633                 476.53182620565
2635                 476.67532444657
2637                 476.81882268749
2639                 476.96232092841
2641                 477.10581916932
2643                 477.24931741024
2645                 477.39281565116
2647                 477.53631389208
2649                 477.67981213299
2651                 477.82331037391
2653                 477.96680861482
2655                 478.11030685574
2657                 478.25380509666
2659                 478.39730333757
2661                 478.54080157849
2663                 478.68429981941
2665                 478.82779806032
2667                 478.97129630123
2669                 479.11479454215
2671                 479.25829278307
2673                 479.40179102398
2675                 479.5452892649
2677                 479.68878750583
2679                 479.83228574674
2681                 479.97578398765
2683                 480.11928222857
2685                 480.26278046949
2687                 480.40627871041
2689                 480.54977695133
2691                 480.69327519225
2693                 480.83677343317
2695                 480.98027167408
2697                 481.123769915
2699                 481.26726815591
2701                 481.41076639683
2703                 481.55426463774
2705                 481.69776287866
2707                 481.84126111958
2709                 481.98475936049
2711                 482.12825760141
2713                 482.27175584233
2715                 482.41525408325
2717                 482.55875232416
2719                 482.70225056509
2721                 482.845748806
2723                 482.98924704692
2725                 483.13274528784
2727                 483.27624352875
2729                 483.41974176967
2731                 483.56324001059
2733                 483.70673825151
2735                 483.85023649243
2737                 483.99373473334
2739                 484.13723297426
2740.9774419792      452.23571947555
2742.8832025866      452.36340864176
2744.6931852871      452.48468052709
2746.4122035958      452.59985764518
2748.0448291145      452.70924630103
2749.5954036903      452.81313740568
2751.0680509614      452.91180724985
2752.4666873243      453.00551823869
2753.795032349       453.09451958962
2755.0566186707      453.17904799518
2756.2548013851      453.2593282524
2757.3927669703      453.33557386068
2758.4735417618      453.40798758958
2759.5               453.47676201805
2760.5               482.20000672187
2761.5               475.31209115782
2762.5               468.42417559376
2763.5               461.53626002971
2764.5               454.64834446566
2765.5               447.76042890161
2766.5               440.87251333755
2767.5               433.9845977735
2768.5               427.09668220945
2769.5               420.2087666454
2770.5               413.32085108134
2771.5               406.43293551729
2772.5               399.54501995324
2773.5               392.65710438919
2774.5               385.76918882514
2775.5               378.88127326109
2776.5               371.99335769704
2777.5               365.10544213299
2778.5               358.21752656894
2779.5               351.32961100488
2780.5               344.44169544083
2781.5               337.55377987678
2782.5               330.66586431273
2783.5               323.77794874868
2784.5               316.89003318462
2785.5               310.00211762058
2786.5               303.11420205653
2787.5               296.22628649251
2788.5               289.33837092854
2789.5               282.45045536477
2790.5               275.56253980153
2791.5               268.67462423986
2792.5               261.78670868253
2793.5               254.89879313698
2794.5               248.01087762253
2795.5               241.12296218793
2796.5               234.23504695287
2797.5               227.34713220292
2798.5               220.45921860045
2799.5               213.57130763857
2800.5               206.68340258801
2801.5               199.79551041015
2802.5               192.90764549865
2803.5               186.01983675933
2804.5               179.13214056231
2805.5               172.24466362993
2806.5               165.35760206626
2807.5               158.47130549975
2808.5               151.58637852008
2809.5               144.70383473497
2810.5               137.82532089893
2811.5               130.9534282093
2812.5               124.09210316069
2813.5               117.24715938229
2814.5               110.42687337526
2815.5               103.64262132336
2816.5               96.909484050431
2817.5               90.246718784008
2818.5               83.677978450738
2819.5               77.231161466809
2820.5               70.937804693534
2821.5               64.831990475711
2822.5               58.948817593556
2823.5               53.322568976153
2824.5               47.98477501087
2825.5               42.962401507471
2826.5               38.276376490836
2827.5               33.940613716634
2828.5               29.961608436524
2829.5               26.338593540507
2830.5               23.064171261271
2831.5               20.12528948468
2832.5               17.504415598462
2833.5               15.18077029899
2834.5               13.131510162516
2835.5               11.332781617732
2836.5               9.7606024953301
2837.5               8.3915556369751
2838.5               7.203299926537
2839.5               6.1749174347225
2840.5               5.2871222491468
2841.5               4.5223586045862
2842.5               3.86481475809
2843.5               3.3003760424921
2844.5               2.8165367071353
2845.5               2.402286204819
2846.5               2.0479819202546
2847.5               1.7452171634669
2848.5               1.4866906402933
2849.5               1.2660815469601
2850.5               1.0779328582111
2851.5               0.91754421203571
2852.5               0.78087495999357
2853.5               0.66445737755494
2854.5               0.56531965153539
2855.5               0.48091802989036
2856.5               0.40907739240037
2857.5               0.34793944724498
2858.5               0.29591775484894
2859.5               0.25165880858324
2860.5               0.2140084499791
2861.5               0.18198295448135
2862.5               0.15474418673112
2863.5               0.13157828758326
2864.5               0.11187741608909
2865.5               0.095124126784363
2866.5               0.080878015085162
2867.5               0.068764311000891
2868.5               0.058464143806169
2869.5               0.049706237843505
2870.5               0.042259832675473
2871.5               0.035928649610995
2872.5               0.030545751921185
2873.5               0.025969167600781
2874.5               0.022078162640327
2875.5               0.018770068754836
2876.5               0.015957583618942
2877.5               0.013566473622273
2878.5               0.011533619339588
2879.5               0.0098053528518882
2880.5               0.0083360434022239
2881.5               0.0070868944779257
2882.5               0.0060249206934593
2883.5               0.0051220777552707
2884.5               0.0043545225492103
2885.5               0.0037019839638219
2886.5               0.0031472279027334
2887.5               0.0026756023752128
2888.5               0.0022746506966875
2889.5               0.0019337826273613
2890.5               0.0016439947314595
2891.5               0.0013976326651566
2892.5               0.001188189031609
2893.5               0.0010101315361943
2894.5               0.00085875688338177
2895.5               0.00073006655831875
2896.5               0.00062066122907822
2897.5               0.00052765094515905
2898.5               0.00044857883629845
2899.5               0.00038135618662949
2900.5               0.0003242072921239
2901.5               0.00027562254256708
2902.5               0.0002343185467879
2903.5               0.00019920423754982
2904.5               0.00016935205238156
2905.5               0.00014397342651407
2906.5               0.0001223979695375
2907.5               0.00010405574402128
2908.5               8.8462235314779e-05
2909.5               7.5205526250954e-05
2910.5               6.3935428062933e-05
2911.5               5.4354236667109e-05
2912.5               4.6208856741004e-05
2913.5               3.9284120401106e-05
2914.5               3.339710730188e-05
2915.5               2.8392304063374e-05
2916.5               2.4137509768707e-05
2917.5               2.0520327659312e-05
2918.5               1.7445205280353e-05
2919.5               1.4830912054009e-05
2920.5               1.2608389887703e-05
2921.5               1.0718930187892e-05
2922.5               9.1126195478353e-06
2923.5               7.7470274639779e-06
2924.5               6.5860761289116e-06
2925.5               5.5991034031422e-06
2926.5               4.7600368091594e-06
2927.5               4.0467118544996e-06
2928.5               3.4402836135428e-06
2929.5               2.9247293475976e-06
2930.5               2.4864399428282e-06
2931.5               2.1138291117495e-06
2932.5               1.7970536170253e-06
2933.5               1.5277534792801e-06
2934.5               1.298807728034e-06
2935.5               1.1041700886949e-06
2936.5               9.3870244910477e-07
2937.5               7.9803275099266e-07
2938.5               6.7843952678004e-07
2939.5               5.7677196352302e-07
2940.5               4.9033666016385e-07
2941.5               4.1685543905601e-07
2942.5               3.5438763035245e-07
2943.5               3.0128122219253e-07
2944.5               2.5612845178102e-07
2945.5               2.1774804181973e-07
2946.5               1.8511636667995e-07
2947.5               1.5737633418667e-07
2948.5               1.3379075625153e-07
2949.5               1.137401284268e-07
2950.5               9.6695984552753e-08
2951.5               8.2207574081394e-08
2952.5               6.9886318954104e-08
2953.5               5.941469538584e-08
2954.5               5.0510706728346e-08
2955.5               4.2941206146452e-08
2956.5               3.6508573941774e-08
2957.5               3.1035174430372e-08
2958.5               2.6387780849291e-08
2959.5               2.2433166435576e-08
2960.5               1.9069190670962e-08
2961.5               1.6213697051626e-08
2962.5               1.3782308627697e-08
2963.5               1.1717293801894e-08
2964.5               9.9609209769369e-09
2965.5               8.4687812318407e-09
2966.5               7.1986860916695e-09
2967.5               6.1195493117339e-09
2968.5               5.2025050933935e-09
2969.5               4.4231285301066e-09
2970.5               3.76143560743e-09
2971.5               3.1952218648712e-09
2972.5               2.7178259642824e-09
2973.5               2.3114843372696e-09
2974.5               1.9628743075373e-09
2975.5               1.6697754290362e-09
2976.5               1.418865025471e-09
2977.5               1.2079226507922e-09
2978.5               1.0236256287044e-09
2979.5               8.7263529735537e-10
2980.5               7.416289804496e-10
2981.5               6.3060667798709e-10
2982.5               5.3734794391858e-10
2983.5               4.5519144009631e-10
2984.5               3.8635761256955e-10
2985.5               3.308464613383e-10
2986.5               2.7755575615629e-10
2987.5               2.3758772726978e-10
2988.5               2.0206059048178e-10
2989.5               1.7097434579227e-10
2990.5               1.4654943925052e-10
2991.5               1.2434497875802e-10
2992.5               1.0658141036402e-10
2993.5               9.1038288019263e-11
2994.5               7.5495165674511e-11
2995.5               6.6613381477509e-11
2996.5               5.5511151231258e-11
2997.5               4.6629367034257e-11
2998.5               3.9968028886506e-11
2999.5               3.1086244689504e-11
3000.5               2.8865798640254e-11
3001.5               2.4424906541753e-11
3002.5               1.9984014443253e-11
3003.5               1.5543122344752e-11
3004.5               1.5543122344752e-11
3005.5               1.3322676295502e-11
3006.5               1.1102230246252e-11
3007.5               1.1102230246252e-11
3008.5               6.6613381477509e-12
3009.5               6.6613381477509e-12
3010.5               6.6613381477509e-12
3011.5               6.6613381477509e-12
3012.5               4.4408920985006e-12
3013.5               4.4408920985006e-12
3014.5               4.4408920985006e-12
3015.5               2.2204460492503e-12
3016.5               2.2204460492503e-12
3017.5               2.2204460492503e-12
3018.5               -0
3019.5               -0
3020.5               -0
3021.5               2.2204460492503e-12
3022.5               2.2204460492503e-12
3023.5               -0
3024.5               2.2204460492503e-12
3025.5               2.2204460492503e-12
3026.5               2.2204460492503e-12
3027.5               4.4408920985006e-12
3028.5               2.2204460492503e-12
3029.5               2.2204460492503e-12
3030.5               2.2204460492503e-12
3031.5               2.2204460492503e-12
3032.5               2.2204460492503e-12
3033.5               2.2204460492503e-12
3034.5               -0
3035.5               -0
3036.5               2.2204460492503e-12
3037.5               -0
3038.5               -2.2204460492503e-12
3039.5               -0
3040.5               -0
3041.5               -0
3042.5               -0
3043.5               -0
3044.5               -0
3045.5               -2.2204460492503e-12
3046.5               -0
3047.5               -2.2204460492503e-12
3048.5               -2.2204460492503e-12
3049.5               -2.2204460492503e-12
3050.5               -0
3051.5               -0
3052.5               -0
3053.5               2.2204460492503e-12
3054.5               -0
3055.5               2.2204460492503e-12
3056.5               -0
3057.5               -0
3058.5               -2.2204460492503e-12
3059.5               -0
3060.5               -2.2204460492503e-12
3061.5               -0
3062.5               -0
3063.5               -2.2204460492503e-12
3064.5               -0
3065.5               -0
3066.5               -2.2204460492503e-12
3067.5               -0
3068.5               -0
3069.5               -2.2204460492503e-12
3070.5               -0
3071.5               -0
3072.5               2.2204460492503e-12
3073.5               -0
3074.5               -0
3075.5               -0
3076.5               -0
3077.5               -0
3078.5               -0
3079.5               -0
3080.5               -2.2204460492503e-12
3081.5               -2.2204460492503e-12
3082.5               -2.2204460492503e-12
3083.5               -0
3084.5               -2.2204460492503e-12
3085.5               -0
3086.5               2.2204460492503e-12
3087.5               -0
3088.5               -2.2204460492503e-12
3089.5               -0
3090.5               -0
3091.5               -0
3092.5               -0
3093.5               -0
3094.5               2.2204460492503e-12
3095.5               -0
3096.5               -0
3097.5               2.2204460492503e-12
3098.5               2.2204460492503e-12
3099.5               2.2204460492503e-12
3100.5               -0
3101.5               2.2204460492503e-12
3102.5               -0
3103.5               -0
3104.5               -0
3105.5               -0
3106.5               -2.2204460492503e-12
3107.5               -0
3108.5               -0
3109.5               2.2204460492503e-12
3110.5               -0
3111.5               2.2204460492503e-12
3112.5               -0
3113.5               2.2204460492503e-12
3114.5               -0
3115.5               -0
3116.5               -0
3117.5               -0
3118.5               -2.2204460492503e-12
3119.5               -0
3120.5               -2.2204460492503e-12
3121.5               -0
3122.5               -2.2204460492503e-12
3123.5               -0
3124.5               -0
3125.5               -2.2204460492503e-12
3126.5               -0
3127.5               -0
3128.5               -0
3129.5               -0
3130.5               -0
3131.5               -0
3132.5               -0
3133.5               2.2204460492503e-12
3134.5               2.2204460492503e-12
3135.5               2.2204460492503e-12
3136.5               -0
3137.5               -0
3138.5               2.2204460492503e-12
3139.5               -0
3140.5               2.2204460492503e-12
3141.5               -0
3142.5               -0
3143.5               -0
3144.5               -2.2204460492503e-12
3145.5               -0
3146.5               -2.2204460492503e-12
3147.5               -4.4408920985006e-12
3148.5               -0
3149.5               -2.2204460492503e-12
3150.5               -0
3151.5               -2.2204460492503e-12
3152.5               -0
3153.5               -2.2204460492503e-12
3154.5               -2.2204460492503e-12
3155.5               -2.2204460492503e-12
3156.5               -0
3157.5               -0
3158.5               -0
3159.5               -0
3160.5               2.2204460492503e-12
3161.5               -0
3162.5               -0
3163.5               -2.2204460492503e-12
3164.5               2.2204460492503e-12
3165.5               -0
3166.5               2.2204460492503e-12
3167.5               2.2204460492503e-12
3168.5               -0
3169.5               -0
3170.5               -0
3171.5               2.2204460492503e-12
3172.5               2.2204460492503e-12
3173.5               2.2204460492503e-12
3174.5               2.2204460492503e-12
3175.5               2.2204460492503e-12
3176.5               2.2204460492503e-12
3177.5               2.2204460492503e-12
3178.5               -0
3179.5               2.2204460492503e-12
3180.5               -0
3181.5               -0
3182.5               -0
3183.5               -0
3184.5               -2.2204460492503e-12
3185.5               -0
3186.5               -2.2204460492503e-12
3187.5               -2.2204460492503e-12
3188.5               -2.2204460492503e-12
3189.5               -0
3190.5               -0
3191.5               -0
3192.5               2.2204460492503e-12
3193.5               -0
3194.5               -0
3195.5               2.2204460492503e-12
3196.5               -0
3197.5               -0
3198.5               -2.2204460492503e-12
3199.5               -0
3200.5               -2.2204460492503e-12
3201.5               -0
3202.5               -0
3203.5               2.2204460492503e-12
3204.5               2.2204460492503e-12
3205.5               -0
3206.5               2.2204460492503e-12
3207.5               -0
3208.5               -0
3209.5               -0
3210.5               -2.2204460492503e-12
3211.5               -0
3212.5               -2.2204460492503e-12
3213.5               -2.2204460492503e-12
3214.5               -2.2204460492503e-12
3215.5               -2.2204460492503e-12
3216.5               -2.2204460492503e-12
3217.5               -2.2204460492503e-12
3218.5               -0
3219.5               -2.2204460492503e-12
3220.5               -2.2204460492503e-12
3221.5               -4.4408920985006e-12
3222.5               -2.2204460492503e-12
3223.5               -4.4408920985006e-12
3224.5               -0
3225.5               -2.2204460492503e-12
3226.5               -0
3227.5               -0
3228.5               -0
3229.5               2.2204460492503e-12
3230.5               -0
3231.5               -0
3232.5               -0
3233.5               -0
3234.5               -0
3235.5               -0
3236.5               2.2204460492503e-12
3237.5               -0
3238.5               -0
3239.5               -2.2204460492503e-12
3240.5               -2.2204460492503e-12
3241.5               -0
3242.5               -2.2204460492503e-12
3243.5               -0
3244.5               -0
3245.5               -0
3246.5               -0
3247.5               2.2204460492503e-12
3248.5               2.2204460492503e-12
3249.5               2.2204460492503e-12
3250.5               2.2204460492503e-12
3251.5               2.2204460492503e-12
3252.5               -0
3253.5               2.2204460492503e-12
3254.5               -0
3255.5               -0
3256.5               -0
3257.5               -0
3258.5               -2.2204460492503e-12
3259.5               -0
3260.5               -2.2204460492503e-12
3261.5               -0
3262.5               -2.2204460492503e-12
3263.5               -0
3264.5               -0
3265.5               -0
3266.5               -0
3267.5               -2.2204460492503e-12
3268.5               -0
3269.5               -0
3270.5               -0
3271.5               2.2204460492503e-12
3272.5               -0
3273.5               2.2204460492503e-12
3274.5               -0
3275.5               2.2204460492503e-12
3276.5               -0
3277.5               2.2204460492503e-12
3278.5               -0
3279.5               -0
3280.5               -0
3281.5               -2.2204460492503e-12
3282.5               -2.2204460492503e-12
3283.5               -0
3284.5               -0
3285.5               -0
3286.5               -0
3287.5               -0
3288.5               -0
3289.5               2.2204460492503e-12
3290.5               2.2204460492503e-12
3291.5               2.2204460492503e-12
3292.5               -0
3293.5               -0
3294.5               2.2204460492503e-12
3295.5               -0
3296.5               -0
3297.5               -0
3298.5               2.2204460492503e-12
3299.5               2.2204460492503e-12
3300.5               -0
3301.5               -0
3302.5               2.2204460492503e-12
3303.5               -0
3304.5               -0
3305.5               2.2204460492503e-12
3306.5               -0
3307.5               -2.2204460492503e-12
3308.5               -0
3309.5               -0
3310.5               -0
3311.5               -2.2204460492503e-12
3312.5               -0
3313.5               -0
3314.5               -0
3315.5               -2.2204460492503e-12
3316.5               -0
3317.5               -0
3318.5               -2.2204460492503e-12
3319.5               -0
3320.5               -0
3321.5               -0
3322.5               -2.2204460492503e-12
3323.5               -2.2204460492503e-12
3324.5               -2.2204460492503e-12
3325.5               -0
3326.5               -0
3327.5               -0
3328.5               -0
3329.5               -0
3330.5               -0
3331.5               -0
3332.5               -0
3333.5               2.2204460492503e-12
3334.5               2.2204460492503e-12
3335.5               -0
3336.5               -0
3337.5               2.2204460492503e-12
3338.5               2.2204460492503e-12
3339.5               2.2204460492503e-12
3340.5               2.2204460492503e-12
3341.5               2.2204460492503e-12
3342.5               -0
3343.5               2.2204460492503e-12
3344.5               -0
3345.5               -0
3346.5               -0
3347.5               -0
3348.5               -0
3349.5               -0
3350.5               -2.2204460492503e-12
3351.5               2.2204460492503e-12
3352.5               -0
3353.5               -0
3354.5               -0
3355.5               -0
3356.5               -0
3357.5               -2.2204460492503e-12
3358.5               -0
3359.5               -2.2204460492503e-12
3360.5               -0
3361.5               -0
3362.5               -0
3363.5               -0
3364.5               -0
3365.5               -0
3366.5               -0
3367.5               -0
3368.5               -2.2204460492503e-12
3369.5               -0
3370.5               -2.2204460492503e-12
3371.5               -2.2204460492503e-12
3372.5               -0
3373.5               -2.2204460492503e-12
3374.5               -2.2204460492503e-12
3375.5               -0
3376.5               -2.2204460492503e-12
3377.5               2.2204460492503e-12
3378.5               -0
3379.5               -0
3380.5               -2.2204460492503e-12
3381.5               -2.2204460492503e-12
3382.5               -0
3383.5               -2.2204460492503e-12
3384.5               -2.2204460492503e-12
3385.5               -2.2204460492503e-12
3386.5               -2.2204460492503e-12
3387.5               -0
3388.5               -0
3389.5               -0
3390.5               -0
3391.5               2.2204460492503e-12
3392.5               -0
3393.5               2.2204460492503e-12
3394.5               2.2204460492503e-12
3395.5               -0
3396.5               -2.2204460492503e-12
3397.5               -0
3398.5               -0
3399.5               -0
3400.5               2.2204460492503e-12
3401.5               -0
3402.5               -0
3403.5               -0
3404.5               2.2204460492503e-12
3405.5               2.2204460492503e-12
3406.5               2.2204460492503e-12
3407.5               -0
3408.5               -0
3409.5               -0
3410.5               2.2204460492503e-12
3411.5               -0
3412.5               -2.2204460492503e-12
3413.5               -0
3414.5               2.2204460492503e-12
3415.5               -0
3416.5               -0
3417.5               -2.2204460492503e-12
3418.5               -0
3419.5               -2.2204460492503e-12
3420.5               -0
3421.5               -0
3422.5               2.2204460492503e-12
3423.5               2.2204460492503e-12
3424.5               -0
3425.5               2.2204460492503e-12
3426.5               -0
3427.5               2.2204460492503e-12
3428.5               -0
3429.5               2.2204460492503e-12
3430.5               -0
3431.5               2.2204460492503e-12
3432.5               -0
3433.5               -0
3434.5               -0
3435.5               -0
3436.5               -0
3437.5               -0
3438.5               -0
3439.5               -0
3440.5               2.2204460492503e-12
3441.5               -0
3442.5               -0
3443.5               -0
3444.5               -0
3445.5               -2.2204460492503e-12
3446.5               -0
3447.5               -2.2204460492503e-12
3448.5               -0
3449.5               -2.2204460492503e-12
3450.5               -0
3451.5               -2.2204460492503e-12
3452.5               -2.2204460492503e-12
3453.5               -2.2204460492503e-12
3454.5               -0
3455.5               -2.2204460492503e-12
3456.5               -2.2204460492503e-12
3457.5               -0
3458.5               -2.2204460492503e-12
3459.5               -0
3460.5               -0
3461.5               -0
3462.5               -0
3463.5               2.2204460492503e-12
3464.5               2.2204460492503e-12
3465.5               2.2204460492503e-12
3466.5               -0
3467.5               -0
3468.5               -2.2204460492503e-12
3469.5               -0
3470.5               -0
3471.5               -0
3472.5               2.2204460492503e-12
3473.5               -0
3474.5               2.2204460492503e-12
3475.5               -0
3476.5               2.2204460492503e-12
3477.5               -0
3478.5               -0
3479.5               2.2204460492503e-12
3480.5               -0
3481.5               2.2204460492503e-12
3482.5               2.2204460492503e-12
3483.5               2.2204460492503e-12
3484.5               -0
3485.5               -0
3486.5               -0
3487.5               -2.2204460492503e-12
3488.5               -2.2204460492503e-12
3489.5               -2.2204460492503e-12
3490.5               -2.2204460492503e-12
3491.5               -2.2204460492503e-12
3492.5               -2.2204460492503e-12
3493.5               -2.2204460492503e-12
3494.5               -2.2204460492503e-12
3495.5               -2.2204460492503e-12
3496.5               -0
3497.5               -0
3498.5               -0
3499.5               -0
3500.5               2.2204460492503e-12
3501.5               -0
3502.5               2.2204460492503e-12
3503.5               -0
3504.5               2.2204460492503e-12
3505.5               2.2204460492503e-12
3506.5               2.2204460492503e-12
3507.5               2.2204460492503e-12
3508.5               2.2204460492503e-12
3509.5               2.2204460492503e-12
3510.5               2.2204460492503e-12
3511.5               -0
3512.5               -0
3513.5               -0
3514.5               -0
3515.5               -2.2204460492503e-12
3516.5               -0
3517.5               -2.2204460492503e-12
3518.5               -0
3519.5               -2.2204460492503e-12
3520.5               -0
3521.5               -0
3522.5               -2.2204460492503e-12
3523.5               -0
3524.5               -2.2204460492503e-12
3525.5               -0
3526.5               -2.2204460492503e-12
3527.5               -0
3528.5               -0
3529.5               -0
3530.5               -0
3531.5               2.2204460492503e-12
3532.5               -0
3533.5               2.2204460492503e-12
3534.5               -0
3535.5               2.2204460492503e-12
3536.5               -0
3537.5               -0
3538.5               -2.2204460492503e-12
3539.5               -2.2204460492503e-12
3540.5               -2.2204460492503e-12
3541.5               -2.2204460492503e-12
3542.5               -4.4408920985006e-12
3543.5               -2.2204460492503e-12
3544.5               -0
3545.5               -4.4408920985006e-12
3546.5               -2.2204460492503e-12
3547.5               -4.4408920985006e-12
3548.5               -4.4408920985006e-12
3549.5               -6.6613381477509e-12
3550.5               -6.6613381477509e-12
3551.5               -8.8817841970013e-12
3552.5               -8.8817841970013e-12
3553.5               -8.8817841970013e-12
3554.5               -1.3322676295502e-11
3555.5               -1.7763568394003e-11
3556.5               -1.7763568394003e-11
3557.5               -2.2204460492503e-11
3558.5               -2.6645352591004e-11
3559.5               -3.1086244689504e-11
3560.5               -3.5527136788005e-11
3561.5               -4.2188474935756e-11
3562.5               -4.6629367034257e-11
3563.5               -5.7731597280508e-11
3564.5               -6.6613381477509e-11
3565.5               -7.7715611723761e-11
3566.5               -9.3258734068513e-11
3567.5               -1.0880185641327e-10
3568.5               -1.2656542480727e-10
3569.5               -1.4876988529977e-10
3570.5               -1.7541523789077e-10
3571.5               -2.0650148258028e-10
3572.5               -2.4424906541753e-10
3573.5               -2.8643754035329e-10
3574.5               -3.3750779948605e-10
3575.5               -3.9523939676656e-10
3576.5               -4.6629367034257e-10
3577.5               -5.4845017416483e-10
3578.5               -6.4392935428259e-10
3579.5               -7.5939254884361e-10
3580.5               -8.9039886574938e-10
3581.5               -1.0480505352461e-09
3582.5               -1.2345680033832e-09
3583.5               -1.4521717162097e-09
3584.5               -1.7053025658242e-09
3585.5               -2.0072832285223e-09
3586.5               -2.3625545964023e-09
3587.5               -2.7777780076121e-09
3588.5               -3.2684965844965e-09
3589.5               -3.8435921112523e-09
3590.5               -4.5208281562736e-09
3591.5               -5.3201887340038e-09
3592.5               -6.2572169667874e-09
3593.5               -7.3585582072155e-09
3594.5               -8.657519146027e-09
3595.5               -1.0182965581862e-08
3596.5               -1.1977085989656e-08
3597.5               -1.4090950628542e-08
3598.5               -1.6571188865555e-08
3599.5               -1.9495516312418e-08
3600.5               -2.2930546350608e-08
3601.5               -2.6971758160244e-08
3602.5               -3.1730174043787e-08
3603.5               -3.731903674975e-08
3604.5               -4.3900438839728e-08
3605.5               -5.1638693321365e-08
3606.5               -6.0740301677242e-08
3607.5               -7.1447292526727e-08
3608.5               -8.4041662518075e-08
3609.5               -9.8856478558673e-08
3610.5               -1.1628253915319e-07
3611.5               -1.3677725618777e-07
3612.5               -1.6088907983658e-07
3613.5               -1.892486167776e-07
3614.5               -2.2260637777549e-07
3615.5               -2.6184832080389e-07
3616.5               -3.0800251238361e-07
3617.5               -3.6229463873383e-07
3618.5               -4.2615910800237e-07
3619.5               -5.0127901829455e-07
3620.5               -5.8964166882447e-07
3621.5               -6.9357852794383e-07
3622.5               -8.158385078616e-07
3623.5               -9.5964791668735e-07
3624.5               -1.1288103785034e-06
3625.5               -1.3277867694228e-06
3626.5               -1.5618417670282e-06
3627.5               -1.8371526522287e-06
3628.5               -2.1609936062816e-06
3629.5               -2.5419200078147e-06
3630.5               -2.9899904774311e-06
3631.5               -3.5170466539114e-06
3632.5               -4.1370085135384e-06
3633.5               -4.8662518459253e-06
3634.5               -5.7240456818874e-06
3635.5               -6.7330363506812e-06
3636.5               -7.9198936298042e-06
3637.5               -9.3159591152414e-06
3638.5               -1.0958109974979e-05
3639.5               -1.2889733724819e-05
3640.5               -1.5161845112743e-05
3641.5               -1.7834476118139e-05
3642.5               -2.0978214720913e-05
3643.5               -2.4676110044197e-05
3644.5               -2.9025848391484e-05
3645.5               -3.4142326743591e-05
3646.5               -4.0160701431091e-05
3647.5               -4.7239954170664e-05
3648.5               -5.5567090928577e-05
3649.5               -6.5362075751807e-05
3650.5               -7.6883650557136e-05
3651.5               -9.0436171884534e-05
3652.5               -0.00010637763114829
3653.5               -0.00012512914038254
3654.5               -0.00014718603003061
3655.5               -0.00017313095401761
3656.5               -0.00020364925523708
3657.5               -0.00023954709771346
3658.5               -0.00028177274513652
3659.5               -0.00033144160305199
3660.5               -0.000389865706385
3661.5               -0.00045858834285539
3662.5               -0.00053942484701253
3663.5               -0.00063451053300412
3664.5               -0.00074635709834681
3665.5               -0.00087791896863365
3666.5               -0.0010326713328901
3667.5               -0.0012147019168296
3668.5               -0.0014288189564837
3669.5               -0.0016806781899525
3670.5               -0.001976932200165
3671.5               -0.0023254061143341
3672.5               -0.0027353042364453
3673.5               -0.003217453083959
3674.5               -0.0037845872413733
3675.5               -0.0044516855779442
3676.5               -0.005236366649175
3677.5               -0.006159353755919
3678.5               -0.0072450218491227
3679.5               -0.0085220407552988
3680.5               -0.010024131513742
3681.5               -0.011790955842805
3682.5               -0.01386916200552
3683.5               -0.016313614508157
3684.5               -0.019188839879281
3685.5               -0.022570726339044
3686.5               -0.026548521721015
3687.5               -0.031227181735982
3688.5               -0.036730129571172
3689.5               -0.043202498454242
3690.5               -0.050814940828481
3691.5               -0.059768102254054
3692.5               -0.070297874550374
3693.5               -0.082681561990317
3694.5               -0.097245116521538
3695.5               -0.11437162369177
3696.5               -0.13451125021158
3697.5               -0.15819289791663
3698.5               -0.18603784688986
3699.5               -0.2187757137162
3700.5               -0.25726309889285
3701.5               -0.30250535056453
3702.5               -0.3556819294448
3703.5               -0.4181759212174
3704.5               -0.49160830609907
3705.5               -0.57787765780803
3706.5               -0.67920600163696
3707.5               -0.79819160727856
3708.5               -0.93786951667285
3709.5               -1.1017805980607
3710.5               -1.2940498553871
3711.5               -1.5194745831826
3712.5               -1.7836227082402
3713.5               -2.0929412583226
3714.5               -2.4548742923347
3715.5               -2.8779887516239
3716.5               -3.3721054743152
3717.5               -3.9484309753424
3718.5               -4.6196834579337
3719.5               -5.4002038345002
3720.5               -6.3060392895897
3721.5               -7.3549831991149
3722.5               -8.5665512577271
3723.5               -9.9618699044512
3724.5               -11.56345030781
3725.5               -13.394820350252
3726.5               -15.4799896536
3727.5               -17.842730354765
3728.5               -20.505670650233
3729.5               -23.489220062021
3730.5               -26.810374580655
3731.5               -30.481483774709
3732.5               -34.509095284834
3733.5               -38.893016779897
3734.5               -43.625741916018
3735.5               -48.692366765726
3736.5               -54.071073010726
3737.5               -59.734178362192
3738.5               -65.64966670674
3739.5               -71.783030469275
3740.5               -78.099206344051
3741.5               -84.564376873066
3742.5               -91.147446252724
3743.5               -97.821068284714
3744.5               -104.56218804977
3745.5               -111.35213579248
3746.5               -118.17636612254
3747.5               -125.02396137268
3748.5               -131.88701692635
3749.5               -138.76000639291
3750.5               -145.63919539661
3751.5               -152.52214295524
3752.5               -159.4073045611
3753.5               -166.29373362298
3754.5               -173.18086791055
3755.5               -180.06838364595
3756.5               -186.95609997188
3757.5               -193.84391886407
3758.5               -200.73178875542
3759.5               -207.6196833087
3760.5               -126.55922790121
3761.5187209763      -65.762958278119
3762.5755848552      -34.251984632143
3763.6720197814      -17.683219868694
3764.8095073722      -8.9873807308961
3765.9895847196      -4.4776194435928
3767.2138464671      -2.1807413705533
3768.483946965       -1.0362838807466
3769.8016025056      -0.4797923804288
3771.1685936425      -0.21618300160751
3772.5867675969      -0.094696364480295
3774.0580407534      -0.040287098921949
3775.5844012497      -0.016630934650752
3777.1679116635      -0.0066565651870437
3778.8107117992      -0.002583985517974
3780.5150215798      -0.00098067442530064
3782.2831440465      -0.00038823904156947
3784.117468471       -0.00022992395831343
3786.0204735836      -0.00035652834877355
3787.9947309236      -0.00097327521238974
3790                 -4758.2579429988
3792                 -0
3794                 -0
3796                 -0
3798                 -0
