x[nm]                E[kV/cm]            
-8                   -0
-6                   -0
-4                   -0
-2                   -0
0                    -293.22280207814
1.999                -0.00037588756265075
3.997                -0.00021712366528216
5.995                -0.00012541697188069
7.9929999999999      -7.2444495069713e-05
9.9909999999999      -4.1846041702391e-05
11.989               -2.4171482299868e-05
13.987               -1.3962138085661e-05
15.985               -8.0649178804485e-06
17.983               -4.6585180380144e-06
19.981               -2.6908783287458e-06
21.979               -1.5543122344752e-06
23.977               -8.977981299115e-07
25.975               -5.1858417460149e-07
27.973               -2.9953128177084e-07
29.971               -1.7300364233178e-07
31.969               -9.9917849547547e-08
33.967               -5.7696034581021e-08
35.965               -3.3308913407473e-08
37.963               -1.9226084410426e-08
39.961               -1.1095562240098e-08
41.959               -6.3879498954409e-09
43.957               -3.6762940595196e-09
45.955               -2.102644607198e-09
47.953               -1.2002411077029e-09
49.951               -6.801366276983e-10
51.948999999999      -3.7340834461868e-10
53.946999999999      -2.0004018461715e-10
55.944999999999      -1.0668809846248e-10
57.942999999999      -4.8898711795303e-11
59.940999999999      -8.8906748718732e-12
61.938999999999      8.8906748718732e-12
63.936999999999      1.333601230781e-11
65.934999999999      1.7781349743746e-11
67.932999999999      2.667202461562e-11
69.930999999999      2.667202461562e-11
71.928999999999      2.667202461562e-11
73.926999999999      2.667202461562e-11
75.924999999999      2.667202461562e-11
77.922999999999      2.667202461562e-11
79.920999999999      2.667202461562e-11
81.918999999999      2.667202461562e-11
83.916999999999      2.667202461562e-11
85.914999999999      2.667202461562e-11
87.912999999999      2.667202461562e-11
89.910999999999      2.667202461562e-11
91.908999999999      2.667202461562e-11
93.906999999999      2.667202461562e-11
95.904999999999      2.667202461562e-11
97.902999999999      2.2226687179683e-11
99.900999999999      2.667202461562e-11
101.899              2.2226687179683e-11
103.897              2.2226687179683e-11
105.895              2.667202461562e-11
107.893              2.2226687179683e-11
109.891              2.667202461562e-11
111.889              2.2226687179683e-11
113.887              2.2226687179683e-11
115.885              2.667202461562e-11
117.883              2.2226687179683e-11
119.881              1.7781349743746e-11
121.879              2.2226687179683e-11
123.877              2.2226687179683e-11
125.875              2.667202461562e-11
127.873              2.667202461562e-11
129.871              1.7781349743747e-11
131.869              2.667202461562e-11
133.867              2.667202461562e-11
135.865              3.1117362051557e-11
137.863              3.1117362051556e-11
139.861              3.5562699487493e-11
141.859              3.1117362051557e-11
143.857              2.667202461562e-11
145.855              3.5562699487493e-11
147.853              3.1117362051557e-11
149.851              3.1117362051557e-11
151.849              3.5562699487493e-11
153.847              3.5562699487493e-11
155.845              3.1117362051557e-11
157.843              3.5562699487493e-11
159.841              3.5562699487493e-11
161.839              3.5562699487493e-11
163.837              3.5562699487493e-11
165.835              3.5562699487493e-11
167.833              3.5562699487493e-11
169.831              3.5562699487493e-11
171.829              3.5562699487493e-11
173.827              3.1117362051557e-11
175.825              3.1117362051557e-11
177.823              3.1117362051556e-11
179.821              3.5562699487493e-11
181.819              3.1117362051557e-11
183.817              3.5562699487493e-11
185.815              3.5562699487493e-11
187.813              3.1117362051557e-11
189.811              3.5562699487493e-11
191.809              3.5562699487493e-11
193.807              2.667202461562e-11
195.805              3.1117362051556e-11
197.803              3.1117362051557e-11
199.801              3.1117362051557e-11
201.799              3.1117362051556e-11
203.797              3.5562699487493e-11
205.795              2.667202461562e-11
207.793              2.667202461562e-11
209.791              3.1117362051556e-11
211.789              3.5562699487493e-11
213.787              3.1117362051557e-11
215.785              2.667202461562e-11
217.783              3.5562699487493e-11
219.781              3.1117362051557e-11
221.779              3.5562699487493e-11
223.777              3.5562699487493e-11
225.775              3.1117362051557e-11
227.773              3.1117362051556e-11
229.771              3.1117362051557e-11
231.769              2.667202461562e-11
233.767              3.1117362051556e-11
235.765              3.1117362051557e-11
237.763              2.667202461562e-11
239.761              2.667202461562e-11
241.759              2.667202461562e-11
243.757              2.667202461562e-11
245.755              2.667202461562e-11
247.753              2.667202461562e-11
249.751              3.1117362051557e-11
251.749              3.1117362051557e-11
253.747              3.5562699487493e-11
255.745              3.1117362051556e-11
257.743              3.1117362051556e-11
259.741              3.5562699487494e-11
261.739              3.5562699487493e-11
263.737              3.5562699487493e-11
265.735              3.5562699487494e-11
267.733              3.5562699487493e-11
269.731              3.5562699487493e-11
271.729              3.5562699487494e-11
273.727              3.5562699487493e-11
275.725              3.1117362051556e-11
277.723              3.5562699487494e-11
279.721              2.667202461562e-11
281.719              3.5562699487493e-11
283.717              3.5562699487494e-11
285.715              3.1117362051556e-11
287.713              3.1117362051557e-11
289.711              3.5562699487493e-11
291.709              3.5562699487493e-11
293.707              3.1117362051557e-11
295.705              3.1117362051556e-11
297.703              3.1117362051556e-11
299.701              3.1117362051557e-11
301.699              3.1117362051556e-11
303.697              3.1117362051556e-11
305.695              3.5562699487494e-11
307.693              3.5562699487493e-11
309.691              3.5562699487493e-11
311.689              3.5562699487494e-11
313.687              3.5562699487493e-11
315.685              3.1117362051556e-11
317.683              3.5562699487494e-11
319.681              4.0008036923429e-11
321.679              4.0008036923429e-11
323.677              4.4453374359367e-11
325.675              4.8898711795302e-11
327.673              4.4453374359366e-11
329.671              4.8898711795304e-11
331.669              4.4453374359366e-11
333.667              4.8898711795302e-11
335.665              4.8898711795304e-11
337.663              4.8898711795302e-11
339.661              4.8898711795302e-11
341.659              5.3344049231241e-11
343.657              4.8898711795302e-11
345.655              4.4453374359367e-11
347.653              4.8898711795302e-11
349.651              4.8898711795302e-11
351.649              4.8898711795304e-11
353.647              4.8898711795302e-11
355.645              4.8898711795302e-11
357.643              4.8898711795304e-11
359.641              4.4453374359366e-11
361.639              4.8898711795302e-11
363.637              4.4453374359367e-11
365.635              4.4453374359366e-11
367.633              5.3344049231239e-11
369.631              4.4453374359367e-11
371.629              4.8898711795302e-11
373.627              5.3344049231239e-11
375.625              4.8898711795304e-11
377.623              4.8898711795302e-11
379.621              4.8898711795302e-11
381.619              4.4453374359367e-11
383.617              4.8898711795302e-11
385.615              4.8898711795302e-11
387.613              4.4453374359367e-11
389.611              4.8898711795302e-11
391.609              4.4453374359366e-11
393.607              4.4453374359367e-11
395.605              4.0008036923429e-11
397.60299999999      4.0008036923429e-11
399.60099999999      4.000803692343e-11
401.59899999999      4.4453374359366e-11
403.59699999999      4.4453374359366e-11
405.59499999999      4.000803692343e-11
407.59299999999      4.8898711795302e-11
409.59099999999      4.8898711795304e-11
411.58899999999      4.8898711795302e-11
413.58699999999      4.8898711795302e-11
415.58499999999      4.8898711795304e-11
417.58299999999      5.3344049231239e-11
419.58099999999      4.8898711795302e-11
421.57899999999      5.3344049231241e-11
423.57699999999      5.3344049231239e-11
425.57499999999      5.3344049231239e-11
427.57299999999      5.3344049231241e-11
429.57099999999      5.7789386667176e-11
431.56899999999      5.3344049231239e-11
433.56699999999      5.7789386667177e-11
435.56499999999      4.8898711795302e-11
437.56299999999      5.3344049231239e-11
439.56099999999      5.7789386667177e-11
441.55899999999      5.3344049231239e-11
443.55699999999      5.3344049231239e-11
445.55499999999      5.3344049231241e-11
447.55299999999      4.8898711795302e-11
449.55099999999      5.3344049231239e-11
451.54899999999      4.8898711795304e-11
453.54699999999      4.8898711795302e-11
455.54499999999      4.8898711795302e-11
457.54299999999      5.3344049231241e-11
459.54099999999      4.8898711795302e-11
461.53899999999      4.8898711795302e-11
463.53699999999      4.4453374359367e-11
465.53499999999      4.4453374359366e-11
467.53299999999      4.8898711795302e-11
469.53099999999      4.4453374359367e-11
471.52899999999      4.4453374359366e-11
473.52699999999      4.4453374359367e-11
475.52499999999      4.4453374359366e-11
477.52299999999      4.0008036923429e-11
479.52099999999      4.4453374359367e-11
481.51899999999      4.4453374359366e-11
483.51699999999      4.4453374359366e-11
485.51499999999      4.4453374359367e-11
487.51299999999      4.4453374359366e-11
489.51099999999      5.3344049231239e-11
491.50899999999      5.3344049231241e-11
493.50699999999      5.7789386667176e-11
495.50499999999      5.3344049231239e-11
497.50299999999      5.3344049231241e-11
499.50099999999      5.3344049231239e-11
501.49899999999      5.3344049231239e-11
503.49699999999      5.3344049231241e-11
505.49499999999      5.3344049231239e-11
507.49299999999      5.3344049231239e-11
509.49099999999      5.3344049231241e-11
511.48899999999      5.3344049231237e-11
513.48699999999      5.3344049231237e-11
515.48499999999      5.3344049231237e-11
517.48299999999      4.8898711795304e-11
519.48099999999      4.4453374359365e-11
521.47899999999      4.8898711795301e-11
523.47699999999      5.3344049231237e-11
525.47499999999      5.3344049231237e-11
527.47299999999      4.8898711795301e-11
529.47099999999      4.8898711795304e-11
531.46899999999      4.8898711795301e-11
533.46699999999      4.8898711795301e-11
535.46499999999      4.8898711795301e-11
537.46299999999      5.3344049231237e-11
539.46099999999      4.8898711795301e-11
541.45899999999      5.3344049231241e-11
543.45699999999      5.3344049231237e-11
545.45499999999      5.3344049231237e-11
547.45299999999      5.3344049231237e-11
549.45099999999      5.3344049231237e-11
551.44899999999      5.7789386667174e-11
553.44699999999      5.3344049231241e-11
555.44499999999      5.3344049231237e-11
557.44299999999      5.3344049231237e-11
559.44099999999      5.7789386667174e-11
561.43899999999      5.7789386667174e-11
563.43699999999      5.7789386667174e-11
565.43499999999      5.3344049231241e-11
567.43299999999      5.3344049231237e-11
569.43099999999      4.8898711795301e-11
571.42899999999      5.3344049231237e-11
573.42699999999      5.3344049231237e-11
575.42499999999      5.7789386667177e-11
577.42299999999      4.8898711795301e-11
579.42099999999      5.3344049231237e-11
581.41899999999      4.8898711795301e-11
583.41699999999      4.8898711795301e-11
585.41499999999      5.3344049231237e-11
587.41299999999      5.3344049231241e-11
589.41099999999      5.3344049231237e-11
591.40899999999      5.3344049231237e-11
593.40699999999      5.3344049231237e-11
595.40499999999      5.3344049231237e-11
597.40299999999      5.3344049231237e-11
599.40099999999      5.3344049231241e-11
601.39899999999      5.7789386667174e-11
603.39699999999      5.3344049231237e-11
605.39499999999      5.3344049231237e-11
607.39299999999      5.3344049231237e-11
609.39099999999      5.3344049231237e-11
611.38899999999      5.3344049231241e-11
613.38699999999      4.8898711795301e-11
615.38499999999      5.3344049231237e-11
617.38299999999      5.3344049231237e-11
619.38099999999      4.8898711795301e-11
621.37899999999      4.8898711795301e-11
623.37699999999      4.8898711795304e-11
625.37499999999      4.8898711795301e-11
627.37299999999      4.8898711795301e-11
629.37099999999      4.8898711795301e-11
631.369              4.8898711795301e-11
633.36699999999      4.4453374359367e-11
635.365              4.4453374359365e-11
637.363              4.4453374359365e-11
639.361              4.4453374359365e-11
641.359              4.0008036923428e-11
643.357              4.0008036923428e-11
645.355              4.4453374359367e-11
647.353              4.0008036923428e-11
649.351              4.4453374359365e-11
651.349              4.0008036923428e-11
653.347              4.4453374359365e-11
655.345              4.4453374359365e-11
657.343              4.4453374359367e-11
659.341              4.0008036923428e-11
661.339              4.4453374359365e-11
663.337              4.0008036923428e-11
665.335              4.0008036923428e-11
667.333              4.0008036923428e-11
669.331              3.5562699487494e-11
671.329              3.5562699487492e-11
673.327              3.5562699487492e-11
675.325              3.1117362051555e-11
677.323              3.1117362051555e-11
679.321              3.1117362051555e-11
681.319              3.5562699487494e-11
683.317              3.1117362051555e-11
685.315              3.5562699487492e-11
687.313              3.1117362051555e-11
689.311              3.1117362051555e-11
691.309              3.5562699487494e-11
693.307              2.6672024615619e-11
695.305              2.6672024615619e-11
697.303              3.1117362051555e-11
699.301              3.1117362051555e-11
701.299              3.1117362051555e-11
703.297              3.1117362051557e-11
705.295              3.5562699487492e-11
707.293              3.1117362051555e-11
709.291              3.5562699487492e-11
711.289              3.1117362051555e-11
713.287              2.6672024615619e-11
715.285              3.1117362051557e-11
717.283              2.6672024615619e-11
719.281              3.1117362051555e-11
721.279              2.6672024615619e-11
723.277              3.1117362051555e-11
725.275              3.1117362051555e-11
727.273              2.667202461562e-11
729.271              2.6672024615619e-11
731.269              2.6672024615619e-11
733.267              2.6672024615619e-11
735.265              2.6672024615619e-11
737.263              2.6672024615619e-11
739.261              3.1117362051557e-11
741.259              2.6672024615619e-11
743.257              2.6672024615619e-11
745.255              2.6672024615619e-11
747.253              3.1117362051555e-11
749.251              2.6672024615619e-11
751.249              2.2226687179684e-11
753.247              2.2226687179682e-11
755.245              3.1117362051555e-11
757.243              2.6672024615619e-11
759.241              2.6672024615619e-11
761.239              3.1117362051557e-11
763.237              2.6672024615619e-11
765.235              3.1117362051555e-11
767.233              2.6672024615619e-11
769.231              2.6672024615619e-11
771.229              3.1117362051555e-11
773.227              3.1117362051557e-11
775.225              2.6672024615619e-11
777.223              2.2226687179682e-11
779.221              2.2226687179682e-11
781.219              1.7781349743746e-11
783.217              1.7781349743746e-11
785.215              1.7781349743747e-11
787.213              1.7781349743746e-11
789.211              1.7781349743746e-11
791.209              1.7781349743746e-11
793.207              1.7781349743746e-11
795.205              1.3336012307809e-11
797.203              1.7781349743747e-11
799.201              1.3336012307809e-11
801.199              1.7781349743746e-11
803.197              1.7781349743746e-11
805.195              1.3336012307809e-11
807.193              1.3336012307809e-11
809.191              8.8906748718734e-12
811.189              1.3336012307809e-11
813.187              8.8906748718729e-12
815.185              8.8906748718729e-12
817.183              4.4453374359365e-12
819.181              8.8906748718734e-12
821.179              4.4453374359365e-12
823.177              4.4453374359365e-12
825.175              4.4453374359365e-12
827.173              -0
829.171              -0
831.169              -0
833.167              -0
835.165              -4.4453374359365e-12
837.163              -0
839.161              -4.4453374359365e-12
841.159              -4.4453374359365e-12
843.157              -0
845.155              -0
847.153              -0
849.151              -4.4453374359365e-12
851.149              -0
853.147              -8.8906748718729e-12
855.145              -8.8906748718734e-12
857.143              -4.4453374359365e-12
859.141              -8.8906748718729e-12
861.139              -4.4453374359365e-12
863.137              -8.8906748718729e-12
865.135              -4.4453374359365e-12
867.133              -1.333601230781e-11
869.131              -8.8906748718729e-12
871.129              -1.3336012307809e-11
873.127              -1.7781349743746e-11
875.125              -1.3336012307809e-11
877.123              -1.7781349743746e-11
879.121              -1.7781349743747e-11
881.119              -1.7781349743746e-11
883.117              -1.7781349743746e-11
885.115              -1.3336012307809e-11
887.113              -1.7781349743746e-11
889.111              -8.8906748718734e-12
891.109              -8.8906748718729e-12
893.107              8.8906748718729e-12
895.105              2.6672024615619e-11
897.103              7.1125398974983e-11
899.101              1.3336012307809e-10
901.099              2.5338423384839e-10
903.097              4.5342441846552e-10
905.095              8.0016073846856e-10
907.093              1.395835954884e-09
909.091              2.4227089025854e-09
911.089              4.2097345518318e-09
913.087              7.2992440698081e-09
915.085              1.2655875680111e-08
917.083              2.1911068221731e-08
919.081              3.7945400353154e-08
921.079              6.5693196628269e-08
923.077              1.1375173964818e-07
925.075              1.9693289374943e-07
927.073              3.4093959998658e-07
929.071              5.9025190474364e-07
931.069              1.0218586070736e-06
933.067              1.7690664860053e-06
935.065              3.062641898513e-06
937.063              5.3020962106397e-06
939.061              9.1790661380293e-06
941.059              1.5890938881752e-05
943.057              2.7510615296221e-05
945.055              4.7626771840094e-05
947.053              8.2452149879116e-05
949.051              0.00014274233669161
951.049              0.00024711754831285
953.047              0.00042781338031708
955.045              0.00074063648774162
957.043              0.0012822000918468
959.041              0.0022197620407338
961.039              0.0038428806394409
963.037              0.0066528407563272
965.035              0.011517465988827
967.033              0.01993912148281
969.031              0.034518652769877
971.029              0.059758469808629
973.027              0.10345257698655
975.025              0.17909217205221
977.023              0.31002773350443
979.021              0.53666693299523
981.019              0.92891312640338
983.017              1.6076311896078
985.015              2.7816060487194
987.013              4.8109158199313
989.011              8.314814525358
991.009              14.353007872342
993.007              24.722973868703
995.005              42.424958343468
997.003              72.316398140153
999.001              121.7838395349
1001                 129.78541091812
1003                 92.365695319163
1005                 68.712211410866
1007                 52.929897648992
1009                 41.884421059342
1011                 33.837314497136
1013                 27.778525650408
1015                 23.09339629103
1017                 19.391305051681
1019                 16.414095327328
1021                 13.98513224923
1023                 11.979821201673
1025                 10.307900995419
1027                 8.9024395801296
1029                 7.7127795853338
1031                 6.6998872070467
1033                 5.8332069184797
1035                 5.0884851818989
1037                 4.4462330484718
1039                 3.8906194166843
1041                 3.4086605050954
1043                 2.9896168614885
1045                 2.6245382600987
1047                 2.3059156363514
1049                 2.0274116143515
1051                 1.7836495156276
1053                 1.5700464255763
1055                 1.3826798374161
1057                 1.2181801636713
1059                 1.0736433786152
1061                 0.94655947644906
1063                 0.83475346705164
1065                 0.73633639404491
1067                 0.64966442868908
1069                 0.57330451946669
1071                 0.50600540108192
1073                 0.44667301341228
1075                 0.39434957203266
1077                 0.34819567937383
1079                 0.30747498161343
1081                 0.27154096764903
1083                 0.23982557859181
1085                 0.21182935434627
1087                 0.1871128901465
1089                 0.16528941341853
1091                 0.14601832213579
1093                 0.12899955067702
1095                 0.11396864991298
1097                 0.10069248520761
1099                 0.088965470323998
1101                 0.07860626685563
1103                 0.069454889013443
1105                 0.061370161850149
1107                 0.054227487984448
1109                 0.047916884224897
1111                 0.0423412543471
1113                 0.037414868927499
1115                 0.033062026632003
1117                 0.029215875039235
1119                 0.025817371369641
1121                 0.02281436638274
1123                 0.020160796587732
1125                 0.017815971706803
1127                 0.015743946097935
1129                 0.013912964136331
1131                 0.012294970654914
1133                 0.010865178921016
1135                 0.0096016891637518
1137                 0.0084851518078466
1139                 0.0074984700981773
1141                 0.0066265374920604
1143                 0.0058560057292212
1145                 0.0051750799867634
1147                 0.0045733379483437
1149                 0.0040415699675833
1151                 0.0035716378699036
1153                 0.0031563502389531
1155                 0.0027893522114297
1157                 0.0024650281060801
1159                 0.0021784154524696
1161                 0.0019251289140598
1163                 0.0017012931996518
1165                 0.0015034837241856
1167                 0.0013286741529228
1169                 0.0011741900829421
1171                 0.0010376681292001
1173                 0.00091701973126135
1175                 0.00081039919219705
1177                 0.00071617543451197
1179                 0.00063290704233054
1181                 0.0005593202168086
1183                 0.00049428926729433
1185                 0.00043681938066698
1187                 0.00038603143348581
1189                 0.00034114852720535
1191                 0.00030148406438002
1193                 0.00026643131256776
1195                 0.00023545406513392
1197                 0.0002080784744507
1199                 0.00018388577771589
1201                 0.00016250590206823
1203                 0.00014361181133182
1205                 0.00012691449224889
1207                 0.00011215851802859
1209                 9.911818477093e-05
1211                 8.7594007602831e-05
1213                 7.7409718635124e-05
1215                 6.8409522491208e-05
1217                 6.0455755956923e-05
1219                 5.3426747470553e-05
1221                 4.7214983034394e-05
1223                 4.1725445321106e-05
1225                 3.6874148179322e-05
1227                 3.2586897624753e-05
1229                 2.8798123885565e-05
1231                 2.5449846674519e-05
1233                 2.2490866946612e-05
1235                 1.9875923129575e-05
1237                 1.7565011667386e-05
1239                 1.5522778618049e-05
1241                 1.3717986746542e-05
1243                 1.2123035908473e-05
1245                 1.0713523401762e-05
1247                 9.4678931361614e-06
1249                 8.3670803618929e-06
1251                 7.3942674205796e-06
1253                 6.5345551192308e-06
1255                 5.7747939763431e-06
1257                 5.1033754999708e-06
1259                 4.5100145840138e-06
1261                 3.985642926807e-06
1263                 3.5222358363285e-06
1265                 3.112705648789e-06
1267                 2.7507995881138e-06
1269                 2.4309665391797e-06
1271                 2.1483170797865e-06
1273                 1.8985346628142e-06
1275                 1.677791239274e-06
1277                 1.4827161720632e-06
1279                 1.3103207407994e-06
1281                 1.157962614684e-06
1283                 1.0233236480417e-06
1285                 9.0433882604657e-07
1287                 7.9918738293827e-07
1289                 7.0625727488505e-07
1291                 6.2413629819957e-07
1293                 5.5156323952588e-07
1295                 4.8743231673143e-07
1297                 4.3075765177036e-07
1299                 3.8066882979138e-07
1301                 3.3639757646142e-07
1303                 2.9728219885783e-07
1305                 2.62709853871e-07
1307                 2.3215207534122e-07
1309                 2.0516033316653e-07
1311                 1.8129497902919e-07
1313                 1.6021406423761e-07
1315                 1.415845218844e-07
1317                 1.2511325309106e-07
1319                 1.1056044968427e-07
1321                 9.7695185274915e-08
1323                 8.6335383286951e-08
1325                 7.6290085360142e-08
1327                 6.741274205524e-08
1329                 5.9574567501386e-08
1331                 5.2646775827725e-08
1333                 4.6518344731794e-08
1335                 4.1104897263722e-08
1337                 3.631317468944e-08
1339                 3.2089886303766e-08
1341                 2.8346214264729e-08
1343                 2.5042190543445e-08
1345                 2.2133406218927e-08
1347                 1.95488070176e-08
1349                 1.7270629371069e-08
1351                 1.5258905250448e-08
1353                 1.3478107518949e-08
1355                 1.190603171608e-08
1357                 1.0516032489249e-08
1359                 9.2903462700633e-09
1361                 8.1978868138322e-09
1363                 7.247535904753e-09
1365                 6.3993255139394e-09
1367                 5.6532556413913e-09
1369                 4.9871218266162e-09
1371                 4.4053649617126e-09
1373                 3.8813396940895e-09
1375                 3.432809592141e-09
1377                 3.0331293032759e-09
1379                 2.6734170432974e-09
1381                 2.3581137043038e-09
1383                 2.0827783941968e-09
1385                 1.8252066524838e-09
1387                 1.6164847238542e-09
1389                 1.4210854715202e-09
1391                 1.2523315717772e-09
1393                 1.1013412404282e-09
1395                 9.6811447747314e-10
1397                 8.4821039081362e-10
1399                 7.5051076464661e-10
1401                 6.6169292267659e-10
1403                 5.8175686490358e-10
1405                 5.1514348342607e-10
1407                 4.4408920985006e-10
1409                 3.9079850466806e-10
1411                 3.4194869158455e-10
1413                 2.9309887850104e-10
1415                 2.6201263381154e-10
1417                 2.2648549702353e-10
1419                 1.9539925233403e-10
1421                 1.6875389974302e-10
1423                 1.4210854715202e-10
1425                 1.1990408665952e-10
1427                 1.0214051826551e-10
1429                 8.4376949871512e-11
1431                 7.105427357601e-11
1433                 6.2172489379009e-11
1435                 4.4408920985006e-11
1437                 3.9968028886506e-11
1439                 3.5527136788005e-11
1441                 2.6645352591004e-11
1443                 1.7763568394003e-11
1445                 8.8817841970013e-12
1447                 -0
1449                 -0
1451                 -4.4408920985006e-12
1453                 -4.4408920985006e-12
1455                 -8.8817841970013e-12
1457                 -8.8817841970013e-12
1459                 -8.8817841970013e-12
1461                 -1.3322676295502e-11
1463                 -1.3322676295502e-11
1465                 -1.3322676295502e-11
1467                 -1.7763568394003e-11
1469                 -1.7763568394003e-11
1471                 -1.3322676295502e-11
1473                 -1.7763568394003e-11
1475                 -1.3322676295502e-11
1477                 -1.7763568394003e-11
1479                 -1.7763568394003e-11
1481                 -1.7763568394003e-11
1483                 -2.2204460492503e-11
1485                 -1.7763568394003e-11
1487                 -1.7763568394003e-11
1489                 -2.2204460492503e-11
1491                 -2.2204460492503e-11
1493                 -2.2204460492503e-11
1495                 -2.2204460492503e-11
1497                 -2.2204460492503e-11
1499                 -2.2204460492503e-11
1501                 -1.7763568394003e-11
1503                 -1.7763568394003e-11
1505                 -1.7763568394003e-11
1507                 -2.2204460492503e-11
1509                 -1.7763568394003e-11
1511                 -2.2204460492503e-11
1513                 -2.2204460492503e-11
1515                 -1.7763568394003e-11
1517                 -1.7763568394003e-11
1519                 -1.7763568394003e-11
1521                 -1.7763568394003e-11
1523                 -1.7763568394003e-11
1525                 -8.8817841970013e-12
1527                 -8.8817841970013e-12
1529                 -8.8817841970013e-12
1531                 -4.4408920985006e-12
1533                 -0
1535                 -4.4408920985006e-12
1537                 -0
1539                 -0
1541                 4.4408920985006e-12
1543                 1.7763568394003e-11
1545                 1.7763568394003e-11
1547                 2.2204460492503e-11
1549                 3.1086244689504e-11
1551                 3.1086244689504e-11
1553                 4.4408920985006e-11
1555                 4.8849813083507e-11
1557                 6.2172489379009e-11
1559                 6.6613381477509e-11
1561                 7.9936057773011e-11
1563                 9.3258734068513e-11
1565                 1.1546319456102e-10
1567                 1.2878587085652e-10
1569                 1.4654943925052e-10
1571                 1.7319479184152e-10
1573                 2.0428103653103e-10
1575                 2.3536728122053e-10
1577                 2.7089441800854e-10
1579                 3.1086244689504e-10
1581                 3.5083047578155e-10
1583                 3.9523939676656e-10
1585                 4.4853010194856e-10
1587                 5.1070259132757e-10
1589                 5.7287508070658e-10
1591                 6.5281113847959e-10
1593                 7.416289804496e-10
1595                 8.3932860661662e-10
1597                 9.5923269327614e-10
1599                 1.0924594562312e-09
1601                 1.2345680033832e-09
1603                 1.3988810110277e-09
1605                 1.5853984791647e-09
1607                 1.7985612998928e-09
1609                 2.0383694732118e-09
1611                 2.3137047833188e-09
1613                 2.6201263381154e-09
1615                 2.9620750296999e-09
1617                 3.361755318565e-09
1619                 3.8014036363165e-09
1621                 4.3121062276441e-09
1623                 4.8760995241537e-09
1625                 5.5244697705348e-09
1627                 6.2483351825904e-09
1629                 7.07878200501e-09
1631                 8.0113693456951e-09
1633                 9.0727425572368e-09
1635                 1.0271783423832e-08
1637                 1.1626255513875e-08
1639                 1.3162804179956e-08
1641                 1.489919299047e-08
1643                 1.6866508190105e-08
1645                 1.9086954239356e-08
1647                 2.1600499167107e-08
1649                 2.4442670110147e-08
1651                 2.766231688156e-08
1653                 3.1299407510232e-08
1655                 3.5420555377641e-08
1657                 4.0079051188968e-08
1659                 4.5359271894085e-08
1661                 5.1332271766569e-08
1663                 5.8086868648388e-08
1665                 6.5738525734105e-08
1667                 7.4384942649885e-08
1669                 8.4172668834981e-08
1671                 9.525269462074e-08
1673                 1.0778489212271e-07
1675                 1.2196466059322e-07
1677                 1.380184855293e-07
1679                 1.5618617510427e-07
1681                 1.7672530105983e-07
1683                 1.9998225297968e-07
1685                 2.262900977712e-07
1687                 2.5606627929164e-07
1689                 2.8975932764297e-07
1691                 3.278843863086e-07
1693                 3.7102765304553e-07
1695                 4.1984193899225e-07
1697                 4.750866366976e-07
1699                 5.3758775209189e-07
1701                 6.0831784054471e-07
1703                 6.8834715705179e-07
1705                 7.7891026961652e-07
1707                 8.8138829568152e-07
1709                 9.9734442926547e-07
1711                 1.1285594680999e-06
1713                 1.2770362545211e-06
1715                 1.4450529661758e-06
1717                 1.6351719978047e-06
1719                 1.8502976928403e-06
1721                 2.0937385158959e-06
1723                 2.3691937300896e-06
1725                 2.6808999464834e-06
1727                 3.0336089196226e-06
1729                 3.4327252151911e-06
1731                 3.8843417371481e-06
1733                 4.3953862771673e-06
1735                 4.9736481599894e-06
1737                 5.6280002880271e-06
1739                 6.3684391093943e-06
1741                 7.2062977807263e-06
1743                 8.154374953051e-06
1745                 9.2271967844226e-06
1747                 1.0441154607577e-05
1749                 1.1814833555945e-05
1751                 1.3369234608263e-05
1753                 1.5128134300824e-05
1755                 1.7118444439745e-05
1757                 1.9370598458579e-05
1759                 2.1919053239117e-05
1761                 2.4802799813983e-05
1763                 2.8065931800825e-05
1765                 3.1758373708612e-05
1767                 3.5936600362163e-05
1769                 4.066452952145e-05
1771                 4.6014476673406e-05
1773                 5.2068283018514e-05
1775                 5.8918536716135e-05
1777                 6.6670042819794e-05
1779                 7.5441355384953e-05
1781                 8.5366642643692e-05
1783                 9.6597729815073e-05
1785                 0.00010930640836904
1787                 0.0001236870739163
1789                 0.00013995969272429
1791                 0.00015837317235423
1793                 0.00017920918082837
1795                 0.00020278640988636
1797                 0.0002294655176982
1799                 0.00025965457339794
1801                 0.00029381535426865
1803                 0.0003324703934382
1805                 0.00037621093795792
1807                 0.0004257060348678
1809                 0.00048171275413011
1811                 0.00054508773938977
1813                 0.0006168003663376
1815                 0.00069794748647212
1817                 0.00078977028472593
1819                 0.00089367317990252
1821                 0.0010112453807665
1823                 0.001144285106669
1825                 0.001294827156606
1827                 0.0014651739510541
1829                 0.0016579307793307
1831                 0.0018760455855471
1833                 0.0021228540925122
1835                 0.0024021307032385
1837                 0.0027181462414205
1839                 0.003075733201463
1841                 0.003480359564989
1843                 0.0039382123251386
1845                 0.0044562920198388
1847                 0.0050425195885495
1849                 0.0057058573288415
1851                 0.0064564456758731
1853                 0.0073057579275115
1855                 0.0082667752554499
1857                 0.0093541846579726
1859                 0.010584602785357
1861                 0.01197682909293
1863                 0.013552132100969
1865                 0.015334572998071
1867                 0.01735137156178
1869                 0.01963331976107
1871                 0.022215249155799
1873                 0.025136559238526
1875                 0.028441814214908
1877                 0.032181417299881
1879                 0.036412372161898
1881                 0.041199142719606
1883                 0.046614623587793
1885                 0.052741235250231
1887                 0.059672159204993
1889                 0.067512730792529
1891                 0.076382008673548
1893                 0.08641454270375
1895                 0.09776236389758
1897                 0.11059722280216
1899                 0.12511310532926
1901                 0.14152905775777
1903                 0.16009235572323
1905                 0.18108205461775
1907                 0.20481296215458
1909                 0.23164007608489
1911                 0.26196353287489
1913                 0.29623411469615
1915                 0.33495936317074
1917                 0.37871034836989
1919                 0.42812913919832
1921                 0.48393701781446
1923                 0.54694347301876
1925                 0.61805599701259
1927                 0.69829069316629
1929                 0.78878368064306
1931                 0.89080325034629
1933                 1.0057626869475
1935                 1.1352336188653
1937                 1.2809596919938
1939                 1.4448702798742
1941                 1.6290938417063
1943                 1.8359704179316
1945                 2.0680626103342
1947                 2.3281642307493
1949                 2.619305621443
1951                 2.9447544589845
1953                 3.3080106606942
1955                 3.7127938371295
1957                 4.1630215977895
1959                 4.6627769535501
1961                 5.2162631073971
1963                 5.8277441335353
1965                 6.5014704639088
1967                 7.2415887808219
1969                 8.0520368899206
1971                 8.9364254310587
1973                 9.8979098427199
1975                 10.939057739434
1977                 12.061718628109
1979                 13.266904444009
1981                 14.554690436213
1983                 15.924146161956
1985                 17.37330548456
1987                 18.899182353223
1989                 20.497835807793
1991                 22.164483371903
1993                 23.893657285452
1995                 25.679393566165
1997                 27.515440403278
1999                 29.395470479416
2001                 25.769116592445
2003                 21.676398317498
2005                 18.37463165165
2007                 15.675362831136
2009                 13.443789547982
2011                 11.581317777747
2013                 10.014364241044
2015                 8.6870012326612
2017                 7.5560178333722
2019                 6.5875340145771
2021                 5.7546337680003
2023                 5.0356803297102
2025                 4.4130965827005
2027                 3.8724683085256
2029                 3.4018752036324
2031                 2.9913850527885
2033                 2.6326664571652
2035                 2.3186888629878
2037                 2.0434876823172
2039                 1.8019785177215
2041                 1.589808838367
2043                 1.4032385166507
2045                 1.2390428228626
2047                 1.0944330567675
2049                 0.9669911510235
2051                 0.85461543403387
2053                 0.75547537562226
2055                 0.6679736165971
2057                 0.59071394578059
2059                 0.52247416509221
2061                 0.4621829969409
2063                 0.40890035364782
2065                 0.36180041854461
2067                 0.32015709033217
2069                 0.28333142305215
2071                 0.25076075887753
2073                 0.22194930244801
2075                 0.19645992746398
2077                 0.17390704035503
2079                 0.15395035347421
2081                 0.13628944310451
2083                 0.1206589866376
2085                 0.10682458869482
2087                 0.094579119171989
2089                 0.083739497092061
2091                 0.07414386345328
2093                 0.065649093889952
2095                 0.058128608757535
2097                 0.051470443831469
2099                 0.04557554960094
2101                 0.040356291250987
2103                 0.035735125138991
2105                 0.031643430480344
2107                 0.028020477600421
2109                 0.024812516632444
2111                 0.021971972232748
2113                 0.019456731927825
2115                 0.017229516924289
2117                 0.015257325864937
2119                 0.013510942866723
2121                 0.011964502411033
2123                 0.010595104411593
2125                 0.0093824737312787
2127                 0.0083086588364978
2129                 0.0073577651660273
2131                 0.0065157192041809
2133                 0.0057700596434174
2135                 0.0051097525233246
2137                 0.0045250276548003
2139                 0.0040072337892383
2141                 0.0035487104144138
2143                 0.0031426742319596
2145                 0.0027831187487948
2147                 0.0024647252638843
2149                 0.0021827841356625
2151                 0.0019331250644683
2153                 0.001712055355263
2155                 0.0015163052546896
2157                 0.0013429795719944
2159                 0.0011895148332997
2161                 0.0010536413430628
2163                 0.00093334960205027
2165                 0.00082686060220993
2167                 0.00073259945221338
2169                 0.00064917215158999
2171                 0.00057534490061073
2173                 0.00051002591039406
2175                 0.00045224919809073
2177                 0.00040116034938364
2179                 0.0003560038353001
2181                 0.00031611187889524
2183                 0.00028089453874003
2185                 0.00024983103141807
2187                 0.00022246198216891
2189                 0.00019838264808669
2191                 0.00017723695844296
2193                 0.0001587122078206
2195                 0.00014253445090873
2197                 0.00012846445685
2199                 0.00011629415208603
2201                 0.00010584357834631
2203                 9.695817926314e-05
2205                 8.9506579925569e-05
2207                 8.3378557391711e-05
2209                 7.8483521903649e-05
2211                 7.4749073597502e-05
2213                 7.2119985539132e-05
2215                 7.0557386600001e-05
2217                 7.0038161936736e-05
2219                 7.0554628806008e-05
2221                 7.2114438864901e-05
2223                 7.4740644784299e-05
2225                 7.8472091047388e-05
2227                 8.3363946856707e-05
2229                 8.9488558785433e-05
2231                 9.6936489946131e-05
2233                 0.00010581788334463
2235                 0.00011626405616028
2237                 0.00012842949370651
2239                 0.00014249409208134
2241                 0.00015866581826174
2243                 0.00017718381872811
2245                 0.00019832193220992
2247                 0.00022239271757485
2249                 0.00024975213896994
2251                 0.0002808047394609
2253                 0.0003160097250543
2255                 0.0003558876615628
2257                 0.00040102823728461
2259                 0.00045209893606568
2261                 0.00050985495381184
2263                 0.00057515030071897
2265                 0.00064895050222447
2267                 0.00073234679653922
2269                 0.00082657233502204
2271                 0.00093302036319187
2273                 0.0010532648575534
2275                 0.0011890837381401
2277                 0.001342485211886
2279                 0.0015157374111396
2281                 0.0017114019090769
2283                 0.0019323716227149
2285                 0.0021819135165302
2287                 0.00246371689272
2289                 0.0027819478942703
2291                 0.0031413110468392
2293                 0.0035471187675995
2295                 0.0040053698002751
2297                 0.0045228377754114
2299                 0.0051071712636741
2301                 0.0057670066189175
2303                 0.0065120954273468
2305                 0.0073534483968629
2307                 0.0083034977027552
2309                 0.0093762802899633
2311                 0.010587644738713
2313                 0.011955484677806
2315                 0.013500002298272
2317                 0.015244005551196
2319                 0.017213243568293
2321                 0.019436785021476
2323                 0.021947444919235
2325                 0.024782265946044
2327                 0.027983061281489
2329                 0.03159702651967
2331                 0.035677429583991
2333                 0.040284388029832
2335                 0.045485744970541
2337                 0.051358055550565
2339                 0.057987697728024
2341                 0.065472122394716
2343                 0.073921259895471
2345                 0.083459101523076
2347                 0.094225476994225
2349                 0.1063780507371
2351                 0.12009456243689
2353                 0.13557533967923
2355                 0.15304611308942
2357                 0.17276116702547
2359                 0.19500686178286
2361                 0.22010556544494
2363                 0.24842003640391
2365                 0.28035829936268
2367                 0.31637905911541
2369                 0.35699769743935
2371                 0.40279289761358
2373                 0.45441393913936
2375                 0.51258870121806
2377                 0.57813240601057
2379                 0.6519571223329
2381                 0.73508203455752
2383                 0.82864446004471
2385                 0.9339115692697
2387                 1.0522927246814
2389                 1.1853523047867
2391                 1.3348228177446
2393                 1.5026180308597
2395                 1.6908457473264
2397                 1.901819747876
2399                 2.1380702808615
2401                 2.4023523312611
2403                 2.6976507285603
2405                 3.0271809711024
2407                 3.3943844597673
2409                 3.8029166610354
2411                 4.2566265801192
2413                 4.7595258482636
2415                 5.3157457507158
2417                 5.9294806896526
2419                 6.6049169384419
2421                 7.3461461502111
2423                 8.1570639769657
2425                 9.0412553545072
2427                 10.001869497009
2429                 11.041489351364
2431                 12.162002043481
2433                 13.364478488374
2435                 14.649071545043
2437                 16.014942551967
2439                 17.460225474388
2441                 18.982036022792
2443                 20.576529940368
2445                 22.239010426537
2447                 23.964079852568
2449                 25.745826227332
2451                 27.578031061264
2453                 29.454383035059
2455                 31.368681619774
2457                 33.315016551816
2459                 35.287912489093
2461                 37.282432613988
2463                 39.294239630072
2465                 41.319616798079
2467                 43.355454845684
2469                 45.399212505566
2471                 47.448859090582
2473                 49.502807107427
2475                 51.559841758655
2477                 53.619052628289
2479                 55.679771192301
2481                 57.741516267344
2483                 59.803948246855
2485                 61.866832031523
2487                 63.93000793846
2489                 65.993369527577
2491                 68.056847154172
2493                 70.120396078672
2495                 72.183988078751
2497                 74.247605669644
2499                 76.31123821112
2501                 78.374879342156
2503                 80.438525326554
2505                 82.502174007986
2507                 84.565824163514
2509                 86.629475111462
2511                 88.693126478416
2513                 90.75677806329
2515                 92.820429759657
2517                 94.884081512121
2519                 96.947733292363
2521                 99.011385086132
2523                 101.07503688638
2525                 103.13868868967
2527                 105.20234049438
2529                 107.26599229974
2531                 109.32964410539
2533                 111.39329591116
2535                 113.456947717
2537                 115.52059952285
2539                 117.58425132872
2541                 119.64790313459
2543                 121.71155494046
2545                 123.77520674633
2547                 125.83885855221
2549                 127.90251035808
2551                 138.14179372701
2553                 138.28529196793
2555                 138.42879020884
2557                 138.57228844977
2559                 138.71578669069
2561                 138.8592849316
2563                 139.00278317252
2565                 139.14628141344
2567                 139.28977965435
2569                 139.43327789527
2571                 139.57677613619
2573                 139.72027437711
2575                 139.86377261802
2577                 140.00727085894
2579                 140.15076909986
2581                 140.29426734078
2583                 140.4377655817
2585                 140.58126382261
2587                 140.72476206353
2589                 140.86826030445
2591                 141.01175854537
2593                 141.15525678629
2595                 141.29875502721
2597                 141.44225326812
2599                 141.58575150904
2601                 141.72924974996
2603                 141.87274799088
2605                 142.0162462318
2607                 142.15974447272
2609                 142.30324271364
2611                 142.44674095456
2613                 142.59023919547
2615                 142.73373743639
2617                 142.87723567731
2619                 143.02073391823
2621                 143.16423215915
2623                 143.30773040006
2625                 143.45122864099
2627                 143.5947268819
2629                 143.73822512282
2631                 143.88172336374
2633                 144.02522160466
2635                 144.16871984558
2637                 144.31221808649
2639                 144.45571632741
2641                 144.59921456833
2643                 144.74271280924
2645                 144.88621105017
2647                 145.02970929108
2649                 145.173207532
2651                 145.31670577292
2653                 145.46020401384
2655                 145.60370225475
2657                 145.74720049567
2659                 145.89069873659
2661                 146.03419697751
2663                 146.17769521843
2665                 146.32119345935
2667                 146.46469170027
2669                 146.60818994118
2671                 146.7516881821
2673                 146.89518642302
2675                 147.03868466393
2677                 147.18218290485
2679                 147.32568114577
2681                 147.46917938669
2683                 147.6126776276
2685                 147.75617586852
2687                 147.89967410944
2689                 148.04317235036
2691                 148.18667059127
2693                 148.33016883219
2695                 148.47366707311
2697                 148.61716531403
2699                 148.76066355495
2701                 148.90416179586
2703                 149.04766003678
2705                 149.1911582777
2707                 149.33465651862
2709                 149.47815475953
2711                 149.62165300045
2713                 149.76515124137
2715                 149.90864948229
2717                 150.0521477232
2719                 150.19564596412
2721                 150.33914420504
2723                 150.48264244596
2725                 150.62614068688
2727                 150.76963892781
2729                 150.91313716876
2731                 151.05663540977
2733                 151.20013365099
2735                 151.3436318929
2737                 151.48713013699
2739                 151.63062838816
2740.9774419792      141.7302484851
2742.8832025866      141.85852048243
2744.6931852871      141.98132559648
2746.4122035958      142.10033799837
2748.0448291145      142.21887165436
2749.5954036903      142.34359762503
2751.0680509614      142.48772517605
2752.4666873243      142.67662801682
2753.795032349       142.95737701578
2755.0566186707      143.41428864334
2756.2548013851      144.1935264285
2757.3927669703      145.54133198944
2758.4735417618      147.86350474521
2759.5               151.82052394851
2760.5               162.79674424553
2761.5               155.91086851034
2762.5               149.02668125226
2763.5               142.14540103719
2764.5               135.26898433581
2765.5               128.4004728259
2766.5               121.54444245023
2767.5               114.70754968182
2768.5               107.89914909702
2769.5               101.13192849323
2770.5               94.422477439824
2771.5               87.791679502387
2772.5               81.264806860184
2773.5               74.871207888936
2774.5               68.643518917486
2775.5               62.616398727851
2776.5               56.824867114136
2777.5               51.302408007288
2778.5               46.079052178396
2779.5               41.17966840727
2780.5               36.622660585579
2781.5               32.419199990399
2782.5               28.573035195916
2783.5               25.08083808511
2784.5               21.932980489752
2785.5               19.114601104733
2786.5               16.606816558125
2787.5               14.387947415582
2788.5               12.434660104197
2789.5               10.722960226521
2790.5               9.2290047493315
2791.5               7.9297262244027
2792.5               6.8032802018081
2793.5               5.8293377574414
2794.5               4.9892499413184
2795.5               4.2661116211895
2796.5               3.6447501987746
2797.5               3.1116612613058
2798.5               2.6549092957806
2799.5               2.2640077143832
2800.5               1.9297889434355
2801.5               1.644272362249
2802.5               1.400535474787
2803.5               1.1925918213973
2804.5               1.0152777226624
2805.5               0.86414891349973
2806.5               0.73538739609358
2807.5               0.62571834576808
2808.5               0.53233658601437
2809.5               0.45284196045658
2810.5               0.38518283323352
2811.5               0.32760691667244
2812.5               0.2786186351611
2813.5               0.23694227095694
2814.5               0.20149019042348
2815.5               0.17133550985537
2816.5               0.14568862357178
2817.5               0.12387707947425
2818.5               0.10532834712862
2819.5               0.089555078679471
2820.5               0.076142513756317
2821.5               0.064737724807529
2822.5               0.05504044013005
2823.5               0.046795217460982
2824.5               0.039784772607465
2825.5               0.033824294913831
2826.5               0.028756605263691
2827.5               0.024448032935886
2828.5               0.0207849054501
2829.5               0.017670560918948
2830.5               0.015022805557319
2831.5               0.012771750332874
2832.5               0.010857970513811
2833.5               0.0092309400367974
2834.5               0.0078476997833477
2835.5               0.0066717249369574
2836.5               0.0056719617314016
2837.5               0.0048220082171646
2838.5               0.0040994176941922
2839.5               0.0034851063235308
2840.5               0.0029628494346845
2841.5               0.0025188532659648
2842.5               0.0021413907957957
2843.5               0.0018204921237164
2844.5               0.0015476812254001
2845.5               0.0013157521450147
2846.5               0.0011185786918944
2847.5               0.00095095266106071
2848.5               0.00080844628325139
2849.5               0.00068729529401068
2850.5               0.00058429948879279
2851.5               0.00049673823943053
2852.5               0.00042229859387177
2853.5               0.00035901421169271
2854.5               0.00030521341010115
2855.5               0.0002594750236895
2856.5               0.000220590841149
2857.5               0.00018753372632574
2858.5               0.00015943044884281
2859.5               0.00013553864475213
2860.5               0.00011522719667312
2861.5               9.7959567124661e-05
2862.5               8.3279609874864e-05
2863.5               7.0799552887024e-05
2864.5               6.0189722095316e-05
2865.5               5.1169852799404e-05
2866.5               4.3501673374635e-05
2867.5               3.6982630291504e-05
2868.5               3.1440510195324e-05
2869.5               2.6728919078067e-05
2870.5               2.2723394277335e-05
2871.5               1.9318127097989e-05
2872.5               1.6423165050128e-05
2873.5               1.3962031530923e-05
2874.5               1.1869718541391e-05
2875.5               1.0090954738473e-05
2876.5               8.5787510428759e-06
2877.5               7.293161630173e-06
2878.5               6.2002269984873e-06
2879.5               5.2710791287325e-06
2880.5               4.481168769388e-06
2881.5               3.8096326093751e-06
2882.5               3.2387292847602e-06
2883.5               2.7533841873151e-06
2884.5               2.3407675797671e-06
2885.5               1.9899881742447e-06
2886.5               1.6917733880462e-06
2887.5               1.4382495194809e-06
2888.5               1.2227152623723e-06
2889.5               1.0394840543881e-06
2890.5               8.8370644135694e-07
2891.5               7.5127903897965e-07
2892.5               6.3869354249846e-07
2893.5               5.4298121554552e-07
2894.5               4.616107496247e-07
2895.5               3.9243497340635e-07
2896.5               3.3362645979196e-07
2897.5               2.8363089654704e-07
2898.5               2.4112489782624e-07
2899.5               2.0499157926679e-07
2900.5               1.7427170817541e-07
2901.5               1.4815704219018e-07
2902.5               1.2595480214372e-07
2903.5               1.070810107251e-07
2904.5               9.1031626681115e-08
2905.5               7.7389206154521e-08
2906.5               6.5791816439287e-08
2907.5               5.5933035980615e-08
2908.5               4.7550852144695e-08
2909.5               4.0423220326602e-08
2910.5               3.4365843504247e-08
2911.5               2.9214408669986e-08
2912.5               2.4837909506914e-08
2913.5               2.1114221482321e-08
2914.5               1.7952306308189e-08
2915.5               1.5261125696497e-08
2916.5               1.2976286711819e-08
2917.5               1.1028955526626e-08
2918.5               9.3791641120333e-09
2919.5               7.9714013168086e-09
2920.5               6.776801342312e-09
2921.5               5.7620574978046e-09
2922.5               4.8983039846462e-09
2923.5               4.1655567883936e-09
2924.5               3.539391002505e-09
2925.5               3.0109248427834e-09
2926.5               2.5601742947856e-09
2927.5               2.1738166822161e-09
2928.5               1.8496315590255e-09
2929.5               1.5720758028692e-09
2930.5               1.3389289676979e-09
2931.5               1.1368683772162e-09
2932.5               9.6589403142389e-10
2933.5               8.2156503822262e-10
2934.5               6.9944050551385e-10
2935.5               5.9285909514983e-10
2936.5               5.0626169922907e-10
2937.5               4.2854608750531e-10
2938.5               3.6415315207705e-10
2939.5               3.1086244689504e-10
2940.5               2.6201263381154e-10
2941.5               2.2426505097428e-10
2942.5               1.9095836023553e-10
2943.5               1.5987211554602e-10
2944.5               1.3766765505352e-10
2945.5               1.1546319456102e-10
2946.5               9.9920072216264e-11
2947.5               8.6597395920762e-11
2948.5               7.105427357601e-11
2949.5               6.2172489379009e-11
2950.5               5.3290705182008e-11
2951.5               4.4408920985006e-11
2952.5               3.7747582837255e-11
2953.5               3.3306690738755e-11
2954.5               2.6645352591004e-11
2955.5               2.4424906541753e-11
2956.5               2.2204460492503e-11
2957.5               1.5543122344752e-11
2958.5               1.3322676295502e-11
2959.5               1.1102230246252e-11
2960.5               1.1102230246252e-11
2961.5               6.6613381477509e-12
2962.5               6.6613381477509e-12
2963.5               4.4408920985006e-12
2964.5               4.4408920985006e-12
2965.5               4.4408920985006e-12
2966.5               2.2204460492503e-12
2967.5               2.2204460492503e-12
2968.5               4.4408920985006e-12
2969.5               2.2204460492503e-12
2970.5               2.2204460492503e-12
2971.5               2.2204460492503e-12
2972.5               2.2204460492503e-12
2973.5               4.4408920985006e-12
2974.5               2.2204460492503e-12
2975.5               2.2204460492503e-12
2976.5               2.2204460492503e-12
2977.5               2.2204460492503e-12
2978.5               2.2204460492503e-12
2979.5               -0
2980.5               -0
2981.5               -0
2982.5               -0
2983.5               -0
2984.5               -0
2985.5               -0
2986.5               -0
2987.5               -0
2988.5               -0
2989.5               -2.2204460492503e-12
2990.5               -0
2991.5               -2.2204460492503e-12
2992.5               -0
2993.5               -2.2204460492503e-12
2994.5               -0
2995.5               2.2204460492503e-12
2996.5               -0
2997.5               -0
2998.5               -0
2999.5               -0
3000.5               -0
3001.5               -0
3002.5               -0
3003.5               -0
3004.5               -0
3005.5               -0
3006.5               -0
3007.5               2.2204460492503e-12
3008.5               -0
3009.5               2.2204460492503e-12
3010.5               2.2204460492503e-12
3011.5               2.2204460492503e-12
3012.5               -0
3013.5               2.2204460492503e-12
3014.5               2.2204460492503e-12
3015.5               -0
3016.5               -0
3017.5               -0
3018.5               2.2204460492503e-12
3019.5               -0
3020.5               -2.2204460492503e-12
3021.5               -0
3022.5               -0
3023.5               -0
3024.5               -0
3025.5               -2.2204460492503e-12
3026.5               -0
3027.5               -0
3028.5               -0
3029.5               -2.2204460492503e-12
3030.5               -0
3031.5               -0
3032.5               -0
3033.5               -2.2204460492503e-12
3034.5               -2.2204460492503e-12
3035.5               -0
3036.5               -0
3037.5               -0
3038.5               -0
3039.5               -0
3040.5               2.2204460492503e-12
3041.5               -0
3042.5               -0
3043.5               -0
3044.5               -2.2204460492503e-12
3045.5               -0
3046.5               -2.2204460492503e-12
3047.5               -2.2204460492503e-12
3048.5               -2.2204460492503e-12
3049.5               -4.4408920985006e-12
3050.5               -2.2204460492503e-12
3051.5               -0
3052.5               -2.2204460492503e-12
3053.5               2.2204460492503e-12
3054.5               -0
3055.5               -0
3056.5               -0
3057.5               2.2204460492503e-12
3058.5               -0
3059.5               -0
3060.5               2.2204460492503e-12
3061.5               -0
3062.5               -0
3063.5               -0
3064.5               -0
3065.5               -0
3066.5               -2.2204460492503e-12
3067.5               -0
3068.5               -2.2204460492503e-12
3069.5               -0
3070.5               -0
3071.5               -2.2204460492503e-12
3072.5               -0
3073.5               -0
3074.5               -0
3075.5               -0
3076.5               2.2204460492503e-12
3077.5               -0
3078.5               2.2204460492503e-12
3079.5               -0
3080.5               -0
3081.5               2.2204460492503e-12
3082.5               2.2204460492503e-12
3083.5               -0
3084.5               -0
3085.5               -0
3086.5               2.2204460492503e-12
3087.5               -0
3088.5               2.2204460492503e-12
3089.5               -0
3090.5               2.2204460492503e-12
3091.5               -0
3092.5               -0
3093.5               -0
3094.5               -2.2204460492503e-12
3095.5               -0
3096.5               -0
3097.5               -2.2204460492503e-12
3098.5               -0
3099.5               -2.2204460492503e-12
3100.5               -2.2204460492503e-12
3101.5               -2.2204460492503e-12
3102.5               -0
3103.5               -2.2204460492503e-12
3104.5               -0
3105.5               -0
3106.5               -0
3107.5               2.2204460492503e-12
3108.5               -0
3109.5               2.2204460492503e-12
3110.5               -0
3111.5               2.2204460492503e-12
3112.5               -0
3113.5               2.2204460492503e-12
3114.5               2.2204460492503e-12
3115.5               -0
3116.5               -0
3117.5               2.2204460492503e-12
3118.5               -0
3119.5               -0
3120.5               -0
3121.5               -2.2204460492503e-12
3122.5               2.2204460492503e-12
3123.5               -0
3124.5               2.2204460492503e-12
3125.5               -0
3126.5               -0
3127.5               -0
3128.5               -0
3129.5               -0
3130.5               2.2204460492503e-12
3131.5               -0
3132.5               -0
3133.5               -0
3134.5               -0
3135.5               2.2204460492503e-12
3136.5               2.2204460492503e-12
3137.5               2.2204460492503e-12
3138.5               -0
3139.5               -0
3140.5               2.2204460492503e-12
3141.5               -0
3142.5               -0
3143.5               -2.2204460492503e-12
3144.5               -0
3145.5               -0
3146.5               -2.2204460492503e-12
3147.5               -0
3148.5               -2.2204460492503e-12
3149.5               -0
3150.5               -2.2204460492503e-12
3151.5               -0
3152.5               -2.2204460492503e-12
3153.5               -2.2204460492503e-12
3154.5               -2.2204460492503e-12
3155.5               -2.2204460492503e-12
3156.5               -0
3157.5               -2.2204460492503e-12
3158.5               -0
3159.5               -0
3160.5               -0
3161.5               -0
3162.5               -2.2204460492503e-12
3163.5               -2.2204460492503e-12
3164.5               -0
3165.5               -2.2204460492503e-12
3166.5               -0
3167.5               -0
3168.5               -0
3169.5               -2.2204460492503e-12
3170.5               -0
3171.5               -2.2204460492503e-12
3172.5               -0
3173.5               -0
3174.5               -0
3175.5               -0
3176.5               2.2204460492503e-12
3177.5               -0
3178.5               2.2204460492503e-12
3179.5               2.2204460492503e-12
3180.5               2.2204460492503e-12
3181.5               2.2204460492503e-12
3182.5               -0
3183.5               -2.2204460492503e-12
3184.5               -0
3185.5               -2.2204460492503e-12
3186.5               2.2204460492503e-12
3187.5               -0
3188.5               2.2204460492503e-12
3189.5               4.4408920985006e-12
3190.5               2.2204460492503e-12
3191.5               2.2204460492503e-12
3192.5               2.2204460492503e-12
3193.5               -0
3194.5               -0
3195.5               2.2204460492503e-12
3196.5               -0
3197.5               2.2204460492503e-12
3198.5               -0
3199.5               -0
3200.5               -2.2204460492503e-12
3201.5               -0
3202.5               -0
3203.5               -0
3204.5               -2.2204460492503e-12
3205.5               -2.2204460492503e-12
3206.5               -2.2204460492503e-12
3207.5               -4.4408920985006e-12
3208.5               -2.2204460492503e-12
3209.5               -2.2204460492503e-12
3210.5               -2.2204460492503e-12
3211.5               -0
3212.5               -0
3213.5               -0
3214.5               2.2204460492503e-12
3215.5               2.2204460492503e-12
3216.5               4.4408920985006e-12
3217.5               2.2204460492503e-12
3218.5               2.2204460492503e-12
3219.5               2.2204460492503e-12
3220.5               2.2204460492503e-12
3221.5               -0
3222.5               2.2204460492503e-12
3223.5               -0
3224.5               2.2204460492503e-12
3225.5               -0
3226.5               2.2204460492503e-12
3227.5               -0
3228.5               -0
3229.5               -0
3230.5               -0
3231.5               2.2204460492503e-12
3232.5               -0
3233.5               -0
3234.5               -2.2204460492503e-12
3235.5               -0
3236.5               -2.2204460492503e-12
3237.5               -0
3238.5               -0
3239.5               -0
3240.5               -2.2204460492503e-12
3241.5               -0
3242.5               2.2204460492503e-12
3243.5               -0
3244.5               2.2204460492503e-12
3245.5               -0
3246.5               -0
3247.5               -2.2204460492503e-12
3248.5               -0
3249.5               -2.2204460492503e-12
3250.5               -2.2204460492503e-12
3251.5               -2.2204460492503e-12
3252.5               -2.2204460492503e-12
3253.5               -2.2204460492503e-12
3254.5               -0
3255.5               -0
3256.5               2.2204460492503e-12
3257.5               -0
3258.5               -0
3259.5               -0
3260.5               -0
3261.5               2.2204460492503e-12
3262.5               -0
3263.5               2.2204460492503e-12
3264.5               2.2204460492503e-12
3265.5               2.2204460492503e-12
3266.5               2.2204460492503e-12
3267.5               -0
3268.5               2.2204460492503e-12
3269.5               -0
3270.5               -2.2204460492503e-12
3271.5               -0
3272.5               -2.2204460492503e-12
3273.5               -0
3274.5               -2.2204460492503e-12
3275.5               -0
3276.5               -0
3277.5               -2.2204460492503e-12
3278.5               -2.2204460492503e-12
3279.5               -2.2204460492503e-12
3280.5               -0
3281.5               -0
3282.5               -0
3283.5               -0
3284.5               -0
3285.5               -0
3286.5               -0
3287.5               -0
3288.5               -0
3289.5               -2.2204460492503e-12
3290.5               -0
3291.5               -2.2204460492503e-12
3292.5               -2.2204460492503e-12
3293.5               -0
3294.5               -0
3295.5               -0
3296.5               -0
3297.5               2.2204460492503e-12
3298.5               2.2204460492503e-12
3299.5               2.2204460492503e-12
3300.5               2.2204460492503e-12
3301.5               2.2204460492503e-12
3302.5               2.2204460492503e-12
3303.5               2.2204460492503e-12
3304.5               2.2204460492503e-12
3305.5               2.2204460492503e-12
3306.5               -0
3307.5               -0
3308.5               -0
3309.5               -0
3310.5               -0
3311.5               2.2204460492503e-12
3312.5               -0
3313.5               -2.2204460492503e-12
3314.5               -0
3315.5               -0
3316.5               -2.2204460492503e-12
3317.5               -0
3318.5               -0
3319.5               -2.2204460492503e-12
3320.5               -0
3321.5               -0
3322.5               -0
3323.5               -0
3324.5               -0
3325.5               -0
3326.5               -0
3327.5               -0
3328.5               2.2204460492503e-12
3329.5               -0
3330.5               2.2204460492503e-12
3331.5               -0
3332.5               -0
3333.5               -0
3334.5               2.2204460492503e-12
3335.5               -2.2204460492503e-12
3336.5               -0
3337.5               -0
3338.5               -0
3339.5               -2.2204460492503e-12
3340.5               -0
3341.5               -0
3342.5               -2.2204460492503e-12
3343.5               -0
3344.5               -2.2204460492503e-12
3345.5               -2.2204460492503e-12
3346.5               -2.2204460492503e-12
3347.5               -2.2204460492503e-12
3348.5               -2.2204460492503e-12
3349.5               -2.2204460492503e-12
3350.5               -2.2204460492503e-12
3351.5               -2.2204460492503e-12
3352.5               -4.4408920985006e-12
3353.5               -2.2204460492503e-12
3354.5               -0
3355.5               -2.2204460492503e-12
3356.5               -0
3357.5               -2.2204460492503e-12
3358.5               -0
3359.5               -2.2204460492503e-12
3360.5               -2.2204460492503e-12
3361.5               -2.2204460492503e-12
3362.5               -2.2204460492503e-12
3363.5               -0
3364.5               -0
3365.5               -2.2204460492503e-12
3366.5               -0
3367.5               2.2204460492503e-12
3368.5               -0
3369.5               2.2204460492503e-12
3370.5               -0
3371.5               2.2204460492503e-12
3372.5               -0
3373.5               -0
3374.5               -0
3375.5               2.2204460492503e-12
3376.5               -0
3377.5               2.2204460492503e-12
3378.5               -0
3379.5               -0
3380.5               2.2204460492503e-12
3381.5               2.2204460492503e-12
3382.5               2.2204460492503e-12
3383.5               -0
3384.5               2.2204460492503e-12
3385.5               -0
3386.5               2.2204460492503e-12
3387.5               -0
3388.5               -0
3389.5               -2.2204460492503e-12
3390.5               -0
3391.5               -2.2204460492503e-12
3392.5               -2.2204460492503e-12
3393.5               -0
3394.5               -0
3395.5               -0
3396.5               -0
3397.5               -0
3398.5               -0
3399.5               -0
3400.5               2.2204460492503e-12
3401.5               2.2204460492503e-12
3402.5               2.2204460492503e-12
3403.5               2.2204460492503e-12
3404.5               2.2204460492503e-12
3405.5               -0
3406.5               2.2204460492503e-12
3407.5               -0
3408.5               -0
3409.5               -0
3410.5               -0
3411.5               2.2204460492503e-12
3412.5               -0
3413.5               -0
3414.5               -0
3415.5               -0
3416.5               -0
3417.5               -2.2204460492503e-12
3418.5               -2.2204460492503e-12
3419.5               -4.4408920985006e-12
3420.5               -0
3421.5               -2.2204460492503e-12
3422.5               -0
3423.5               2.2204460492503e-12
3424.5               -0
3425.5               2.2204460492503e-12
3426.5               2.2204460492503e-12
3427.5               -0
3428.5               2.2204460492503e-12
3429.5               -0
3430.5               -0
3431.5               -0
3432.5               -0
3433.5               -0
3434.5               -2.2204460492503e-12
3435.5               -0
3436.5               -0
3437.5               -2.2204460492503e-12
3438.5               -2.2204460492503e-12
3439.5               -0
3440.5               -0
3441.5               2.2204460492503e-12
3442.5               2.2204460492503e-12
3443.5               2.2204460492503e-12
3444.5               -0
3445.5               -0
3446.5               -0
3447.5               2.2204460492503e-12
3448.5               -2.2204460492503e-12
3449.5               -0
3450.5               -0
3451.5               -0
3452.5               -0
3453.5               2.2204460492503e-12
3454.5               -0
3455.5               -0
3456.5               -0
3457.5               -0
3458.5               -2.2204460492503e-12
3459.5               -2.2204460492503e-12
3460.5               -2.2204460492503e-12
3461.5               -2.2204460492503e-12
3462.5               -2.2204460492503e-12
3463.5               -0
3464.5               -2.2204460492503e-12
3465.5               -0
3466.5               2.2204460492503e-12
3467.5               -0
3468.5               2.2204460492503e-12
3469.5               2.2204460492503e-12
3470.5               2.2204460492503e-12
3471.5               2.2204460492503e-12
3472.5               2.2204460492503e-12
3473.5               2.2204460492503e-12
3474.5               -0
3475.5               2.2204460492503e-12
3476.5               2.2204460492503e-12
3477.5               -0
3478.5               -2.2204460492503e-12
3479.5               -0
3480.5               -2.2204460492503e-12
3481.5               -2.2204460492503e-12
3482.5               -0
3483.5               -2.2204460492503e-12
3484.5               -2.2204460492503e-12
3485.5               -2.2204460492503e-12
3486.5               -0
3487.5               -0
3488.5               -0
3489.5               2.2204460492503e-12
3490.5               -0
3491.5               -0
3492.5               -0
3493.5               -2.2204460492503e-12
3494.5               -0
3495.5               -4.4408920985006e-12
3496.5               -2.2204460492503e-12
3497.5               -2.2204460492503e-12
3498.5               -0
3499.5               -0
3500.5               -0
3501.5               -0
3502.5               2.2204460492503e-12
3503.5               2.2204460492503e-12
3504.5               2.2204460492503e-12
3505.5               2.2204460492503e-12
3506.5               -0
3507.5               2.2204460492503e-12
3508.5               -0
3509.5               2.2204460492503e-12
3510.5               2.2204460492503e-12
3511.5               -0
3512.5               2.2204460492503e-12
3513.5               -0
3514.5               2.2204460492503e-12
3515.5               -0
3516.5               -0
3517.5               -0
3518.5               2.2204460492503e-12
3519.5               2.2204460492503e-12
3520.5               -0
3521.5               -0
3522.5               -0
3523.5               -0
3524.5               -0
3525.5               -0
3526.5               -2.2204460492503e-12
3527.5               -2.2204460492503e-12
3528.5               -0
3529.5               -2.2204460492503e-12
3530.5               -0
3531.5               -0
3532.5               -2.2204460492503e-12
3533.5               -0
3534.5               -2.2204460492503e-12
3535.5               -2.2204460492503e-12
3536.5               -2.2204460492503e-12
3537.5               -2.2204460492503e-12
3538.5               -2.2204460492503e-12
3539.5               -0
3540.5               -2.2204460492503e-12
3541.5               -2.2204460492503e-12
3542.5               -2.2204460492503e-12
3543.5               -4.4408920985006e-12
3544.5               -2.2204460492503e-12
3545.5               -4.4408920985006e-12
3546.5               -2.2204460492503e-12
3547.5               -4.4408920985006e-12
3548.5               -6.6613381477509e-12
3549.5               -4.4408920985006e-12
3550.5               -6.6613381477509e-12
3551.5               -6.6613381477509e-12
3552.5               -8.8817841970013e-12
3553.5               -1.3322676295502e-11
3554.5               -1.1102230246252e-11
3555.5               -1.5543122344752e-11
3556.5               -1.7763568394003e-11
3557.5               -1.9984014443253e-11
3558.5               -2.2204460492503e-11
3559.5               -2.8865798640254e-11
3560.5               -3.3306690738755e-11
3561.5               -3.9968028886506e-11
3562.5               -4.8849813083507e-11
3563.5               -5.5511151231258e-11
3564.5               -6.4392935428259e-11
3565.5               -7.9936057773011e-11
3566.5               -9.1038288019263e-11
3567.5               -1.0880185641327e-10
3568.5               -1.2656542480727e-10
3569.5               -1.4876988529977e-10
3570.5               -1.7541523789077e-10
3571.5               -2.0650148258028e-10
3572.5               -2.4202861936828e-10
3573.5               -2.8643754035329e-10
3574.5               -3.352873534368e-10
3575.5               -3.9745984281581e-10
3576.5               -4.6629367034257e-10
3577.5               -5.4622972811558e-10
3578.5               -6.4392935428259e-10
3579.5               -7.5939254884361e-10
3580.5               -8.9261931179863e-10
3581.5               -1.0480505352461e-09
3582.5               -1.2345680033832e-09
3583.5               -1.4521717162097e-09
3584.5               -1.7075230118735e-09
3585.5               -2.0072832285223e-09
3586.5               -2.3625545964023e-09
3587.5               -2.7822188997106e-09
3588.5               -3.2684965844965e-09
3589.5               -3.8458125573015e-09
3590.5               -4.5230486023229e-09
3591.5               -5.3201887340038e-09
3592.5               -6.2572169667874e-09
3593.5               -7.3607786532648e-09
3594.5               -8.6552986999777e-09
3595.5               -1.0182965581862e-08
3596.5               -1.1977085989656e-08
3597.5               -1.4088730182493e-08
3598.5               -1.6573409311604e-08
3599.5               -1.9495516312418e-08
3600.5               -2.2932766796657e-08
3601.5               -2.6973978606293e-08
3602.5               -3.1727953597738e-08
3603.5               -3.7323477641849e-08
3604.5               -4.3898218393679e-08
3605.5               -5.1638693321365e-08
3606.5               -6.0742522123292e-08
3607.5               -7.1449512972777e-08
3608.5               -8.4041662518075e-08
3609.5               -9.8854258112624e-08
3610.5               -1.1628253915319e-07
3611.5               -1.3677725618777e-07
3612.5               -1.6088685939053e-07
3613.5               -1.8924639633155e-07
3614.5               -2.2260637777549e-07
3615.5               -2.6184387991179e-07
3616.5               -3.0800251238361e-07
3617.5               -3.6229685917988e-07
3618.5               -4.2615688755632e-07
3619.5               -5.0127901829455e-07
3620.5               -5.8964166882447e-07
3621.5               -6.9358074838988e-07
3622.5               -8.158385078616e-07
3623.5               -9.5965013713339e-07
3624.5               -1.1288103785034e-06
3625.5               -1.3277889898688e-06
3626.5               -1.5618417670282e-06
3627.5               -1.8371526522287e-06
3628.5               -2.1609958267277e-06
3629.5               -2.5419200078147e-06
3630.5               -2.9899926978771e-06
3631.5               -3.5170466539114e-06
3632.5               -4.1370085135384e-06
3633.5               -4.8662518459253e-06
3634.5               -5.7240434614414e-06
3635.5               -6.7330385711273e-06
3636.5               -7.9198936298042e-06
3637.5               -9.3159568947954e-06
3638.5               -1.0958112195425e-05
3639.5               -1.2889731504373e-05
3640.5               -1.5161847333189e-05
3641.5               -1.7834473897693e-05
3642.5               -2.0978216941359e-05
3643.5               -2.4676112264643e-05
3644.5               -2.9025848391484e-05
3645.5               -3.4142326743591e-05
3646.5               -4.0160701431091e-05
3647.5               -4.7239954170664e-05
3648.5               -5.5567090928577e-05
3649.5               -6.5362075751807e-05
3650.5               -7.6883650557136e-05
3651.5               -9.0436167443642e-05
3652.5               -0.00010637763114829
3653.5               -0.00012512914038254
3654.5               -0.00014718603225106
3655.5               -0.00017313095179716
3656.5               -0.00020364925523708
3657.5               -0.0002395470999339
3658.5               -0.00028177274513652
3659.5               -0.00033144160305199
3660.5               -0.000389865706385
3661.5               -0.00045858834285539
3662.5               -0.00053942484923297
3663.5               -0.00063451053078367
3664.5               -0.00074635709834681
3665.5               -0.0008779189708541
3666.5               -0.0010326713306696
3667.5               -0.0012147019168296
3668.5               -0.0014288189564837
3669.5               -0.0016806781899525
3670.5               -0.001976932200165
3671.5               -0.0023254061121136
3672.5               -0.0027353042342249
3673.5               -0.0032174530817386
3674.5               -0.0037845872413733
3675.5               -0.0044516855801646
3676.5               -0.005236366649175
3677.5               -0.0061593537536986
3678.5               -0.0072450218513431
3679.5               -0.0085220407530784
3680.5               -0.010024131511521
3681.5               -0.011790955845026
3682.5               -0.01386916200552
3683.5               -0.016313614510377
3684.5               -0.01918883987706
3685.5               -0.022570726339044
3686.5               -0.026548521721015
3687.5               -0.031227181731541
3688.5               -0.036730129571172
3689.5               -0.043202498452022
3690.5               -0.05081494082626
3691.5               -0.059768102256275
3692.5               -0.070297874552594
3693.5               -0.082681561988096
3694.5               -0.097245116521538
3695.5               -0.11437162368955
3696.5               -0.1345112502138
3697.5               -0.15819289791663
3698.5               -0.18603784689208
3699.5               -0.21877571371398
3700.5               -0.25726309889285
3701.5               -0.30250535056231
3702.5               -0.3556819294448
3703.5               -0.4181759212174
3704.5               -0.49160830610129
3705.5               -0.57787765780581
3706.5               -0.67920600163918
3707.5               -0.79819160727856
3708.5               -0.93786951667063
3709.5               -1.1017805980629
3710.5               -1.2940498553848
3711.5               -1.5194745831826
3712.5               -1.7836227082402
3713.5               -2.0929412583226
3714.5               -2.4548742923391
3715.5               -2.8779887516261
3716.5               -3.3721054743174
3717.5               -3.9484309753424
3718.5               -4.6196834579337
3719.5               -5.4002038345025
3720.5               -6.3060392895897
3721.5               -7.3549831991171
3722.5               -8.5665512577249
3723.5               -9.9618699044535
3724.5               -11.56345030781
3725.5               -13.39482035025
3726.5               -15.4799896536
3727.5               -17.842730354762
3728.5               -20.50567065023
3729.5               -23.489220062018
3730.5               -26.810374580655
3731.5               -30.481483774705
3732.5               -34.509095284831
3733.5               -38.893016779895
3734.5               -43.625741916018
3735.5               -48.692366765726
3736.5               -54.071073010724
3737.5               -59.734178362194
3738.5               -65.649666706744
3739.5               -71.783030469275
3740.5               -78.099206344056
3741.5               -84.564376873069
3742.5               -91.147446252728
3743.5               -97.821068284718
3744.5               -104.56218804978
3745.5               -111.35213579248
3746.5               -118.17636612254
3747.5               -125.02396137269
3748.5               -131.88701692635
3749.5               -138.76000639291
3750.5               -145.63919539661
3751.5               -152.52214295524
3752.5               -159.4073045611
3753.5               -166.29373362298
3754.5               -173.18086791055
3755.5               -180.06838364595
3756.5               -186.95609997188
3757.5               -193.84391886407
3758.5               -200.73178875543
3759.5               -207.6196833087
3760.5               -126.55922790122
3761.5187209763      -65.762958278122
3762.5755848552      -34.251984632143
3763.6720197814      -17.683219868696
3764.8095073722      -8.9873807308961
3765.9895847196      -4.4776194435928
3767.2138464671      -2.1807413705515
3768.483946965       -1.0362838807466
3769.8016025056      -0.4797923804288
3771.1685936425      -0.21618300160751
3772.5867675969      -0.094696364481833
3774.0580407534      -0.040287098921949
3775.5844012497      -0.016630934650752
3777.1679116635      -0.0066565651870437
3778.8107117992      -0.002583985517974
3780.5150215798      -0.00098067442530064
3782.2831440465      -0.00038823904156947
3784.117468471       -0.00022992395831343
3786.0204735836      -0.00035652834877355
3787.9947309236      -0.00097327521238974
3790                 -4758.2579429988
3792                 -0
3794                 -0
3796                 -0
3798                 -0
