x[nm]                E[kV/cm]            
-8                   -0
-6                   -0
-4                   -0
-2                   -0
0                    -293.22280207939
1.999                -0.0003758876159948
3.997                -0.0002171237052902
5.995                -0.00012541701633407
7.9929999999999      -7.2444543968425e-05
9.9909999999999      -4.1846077265091e-05
11.989               -2.4171522307905e-05
13.987               -1.3962173648361e-05
15.985               -8.064953443148e-06
17.983               -4.6585536007139e-06
19.981               -2.6909138914452e-06
21.979               -1.5543477971747e-06
23.977               -8.9783369261099e-07
25.975               -5.1862862797585e-07
27.973               -2.9957128980777e-07
29.971               -1.7304809570614e-07
31.969               -9.9966748259342e-08
33.967               -5.7736042617945e-08
35.965               -3.3340030769525e-08
37.963               -1.9257201772477e-08
39.961               -1.1131124939585e-08
41.959               -6.4279579323643e-09
43.957               -3.716302096443e-09
45.955               -2.1426526441214e-09
47.953               -1.2446944820623e-09
49.951               -7.1125398974986e-10
51.948999999999      -4.1786171897804e-10
53.946999999999      -2.311575466687e-10
55.944999999999      -1.5114147282184e-10
57.942999999999      -7.1125398974986e-11
59.940999999999      -4.4453374359366e-11
61.938999999999      -2.667202461562e-11
63.936999999999      -2.667202461562e-11
65.934999999999      -8.8906748718732e-12
67.932999999999      -8.8906748718732e-12
69.930999999999      -0
71.928999999999      -0
73.926999999999      -0
75.924999999999      -0
77.922999999999      -8.8906748718732e-12
79.920999999999      -8.8906748718732e-12
81.918999999999      -0
83.916999999999      -0
85.914999999999      -0
87.912999999999      8.8906748718732e-12
89.910999999999      -0
91.908999999999      -0
93.906999999999      -8.8906748718732e-12
95.904999999999      -8.8906748718732e-12
97.902999999999      -0
99.900999999999      -0
101.899              -0
103.897              -0
105.895              8.8906748718732e-12
107.893              -0
109.891              -0
111.889              8.8906748718732e-12
113.887              -0
115.885              -0
117.883              -0
119.881              -0
121.879              -0
123.877              -0
125.875              -8.8906748718732e-12
127.873              -0
129.871              -8.8906748718733e-12
131.869              -0
133.867              -0
135.865              -8.8906748718733e-12
137.863              8.8906748718732e-12
139.861              -0
141.859              -0
143.857              -8.8906748718733e-12
145.855              -0
147.853              -8.8906748718733e-12
149.851              -0
151.849              -0
153.847              -0
155.845              -0
157.843              -0
159.841              -0
161.839              -0
163.837              -0
165.835              1.7781349743747e-11
167.833              -8.8906748718733e-12
169.831              -0
171.829              8.8906748718733e-12
173.827              -0
175.825              -8.8906748718733e-12
177.823              -0
179.821              8.8906748718733e-12
181.819              -0
183.817              -8.8906748718732e-12
185.815              8.8906748718733e-12
187.813              -8.8906748718733e-12
189.811              -0
191.809              -0
193.807              -8.8906748718733e-12
195.805              8.8906748718732e-12
197.803              8.8906748718733e-12
199.801              -0
201.799              -0
203.797              8.8906748718733e-12
205.795              -8.8906748718733e-12
207.793              -0
209.791              -0
211.789              -0
213.787              -0
215.785              -0
217.783              -0
219.781              -0
221.779              -8.8906748718732e-12
223.777              8.8906748718733e-12
225.775              -8.8906748718733e-12
227.773              -0
229.771              -0
231.769              -0
233.767              -0
235.765              -0
237.763              -8.8906748718733e-12
239.761              -0
241.759              -0
243.757              1.7781349743747e-11
245.755              -8.8906748718733e-12
247.753              -0
249.751              8.8906748718733e-12
251.749              -0
253.747              8.8906748718732e-12
255.745              8.8906748718732e-12
257.743              8.8906748718732e-12
259.741              -0
261.739              -8.8906748718732e-12
263.737              -0
265.735              -0
267.733              -8.8906748718732e-12
269.731              8.8906748718732e-12
271.729              -0
273.727              8.8906748718732e-12
275.725              -0
277.723              8.8906748718734e-12
279.721              -0
281.719              -0
283.717              -0
285.715              -0
287.713              -0
289.711              -8.8906748718732e-12
291.709              -0
293.707              -8.8906748718734e-12
295.705              -0
297.703              -0
299.701              -0
301.699              -0
303.697              -0
305.695              -0
307.693              8.8906748718732e-12
309.691              -0
311.689              -8.8906748718734e-12
313.687              -8.8906748718732e-12
315.685              -0
317.683              -8.8906748718734e-12
319.681              8.8906748718732e-12
321.679              -8.8906748718732e-12
323.677              8.8906748718734e-12
325.675              -0
327.673              8.8906748718732e-12
329.671              -0
331.669              8.8906748718732e-12
333.667              -8.8906748718732e-12
335.665              -0
337.663              -8.8906748718732e-12
339.661              -8.8906748718732e-12
341.659              -0
343.657              -0
345.655              -0
347.653              -0
349.651              -0
351.649              -0
353.647              -0
355.645              8.8906748718732e-12
357.643              -0
359.641              -0
361.639              -0
363.637              -0
365.635              -0
367.633              -8.8906748718732e-12
369.631              -0
371.629              -0
373.627              8.8906748718732e-12
375.625              -0
377.623              -0
379.621              8.8906748718732e-12
381.619              8.8906748718734e-12
383.617              -0
385.615              -0
387.613              -8.8906748718734e-12
389.611              -0
391.609              -0
393.607              -0
395.605              -0
397.60299999999      -0
399.60099999999      -0
401.59899999999      -0
403.59699999999      8.8906748718732e-12
405.59499999999      -0
407.59299999999      -0
409.59099999999      -8.8906748718734e-12
411.58899999999      -8.8906748718732e-12
413.58699999999      -0
415.58499999999      -0
417.58299999999      -0
419.58099999999      -0
421.57899999999      -0
423.57699999999      -0
425.57499999999      -0
427.57299999999      -0
429.57099999999      8.8906748718732e-12
431.56899999999      -0
433.56699999999      -0
435.56499999999      -8.8906748718732e-12
437.56299999999      -0
439.56099999999      -0
441.55899999999      8.8906748718732e-12
443.55699999999      -0
445.55499999999      -0
447.55299999999      -0
449.55099999999      -8.8906748718732e-12
451.54899999999      -8.8906748718734e-12
453.54699999999      8.8906748718732e-12
455.54499999999      -8.8906748718732e-12
457.54299999999      -0
459.54099999999      -0
461.53899999999      -0
463.53699999999      -0
465.53499999999      -0
467.53299999999      8.8906748718732e-12
469.53099999999      -0
471.52899999999      -0
473.52699999999      -0
475.52499999999      -0
477.52299999999      -0
479.52099999999      -0
481.51899999999      -0
483.51699999999      -0
485.51499999999      -0
487.51299999999      8.8906748718732e-12
489.51099999999      -0
491.50899999999      8.8906748718734e-12
493.50699999999      -0
495.50499999999      -0
497.50299999999      -8.8906748718734e-12
499.50099999999      -0
501.49899999999      -0
503.49699999999      8.8906748718734e-12
505.49499999999      -0
507.49299999999      -0
509.49099999999      -0
511.48899999999      -0
513.48699999999      -0
515.48499999999      -0
517.48299999999      -8.8906748718734e-12
519.48099999999      -0
521.47899999999      -8.8906748718729e-12
523.47699999999      -0
525.47499999999      -0
527.47299999999      -0
529.47099999999      -8.8906748718734e-12
531.46899999999      -0
533.46699999999      -0
535.46499999999      -0
537.46299999999      -0
539.46099999999      8.8906748718729e-12
541.45899999999      -0
543.45699999999      -0
545.45499999999      -0
547.45299999999      -0
549.45099999999      -0
551.44899999999      -0
553.44699999999      -0
555.44499999999      -0
557.44299999999      8.8906748718729e-12
559.44099999999      -0
561.43899999999      8.8906748718729e-12
563.43699999999      -0
565.43499999999      -8.8906748718734e-12
567.43299999999      -0
569.43099999999      -0
571.42899999999      -0
573.42699999999      -0
575.42499999999      -0
577.42299999999      -0
579.42099999999      -0
581.41899999999      -0
583.41699999999      -0
585.41499999999      -8.8906748718729e-12
587.41299999999      -0
589.41099999999      -0
591.40899999999      -0
593.40699999999      -0
595.40499999999      -0
597.40299999999      8.8906748718729e-12
599.40099999999      -0
601.39899999999      -0
603.39699999999      8.8906748718729e-12
605.39499999999      -0
607.39299999999      -0
609.39099999999      -0
611.38899999999      -8.8906748718734e-12
613.38699999999      -8.8906748718729e-12
615.38499999999      -8.8906748718729e-12
617.38299999999      -0
619.38099999999      -0
621.37899999999      8.8906748718729e-12
623.37699999999      -0
625.37499999999      -0
627.37299999999      -0
629.37099999999      -0
631.369              -0
633.36699999999      -0
635.365              -0
637.363              8.8906748718729e-12
639.361              -8.8906748718729e-12
641.359              -0
643.357              -0
645.355              8.8906748718734e-12
647.353              -0
649.351              -0
651.349              -0
653.347              -0
655.345              -8.8906748718729e-12
657.343              -0
659.341              -0
661.339              -0
663.337              -0
665.335              8.8906748718729e-12
667.333              -0
669.331              -0
671.329              -8.8906748718729e-12
673.327              -0
675.325              -0
677.323              -0
679.321              8.8906748718729e-12
681.319              -8.8906748718734e-12
683.317              8.8906748718729e-12
685.315              -0
687.313              -0
689.311              -0
691.309              -0
693.307              -0
695.305              -0
697.303              -0
699.301              -0
701.299              -8.8906748718729e-12
703.297              8.8906748718734e-12
705.295              -0
707.293              -8.8906748718729e-12
709.291              -0
711.289              -0
713.287              -0
715.285              8.8906748718734e-12
717.283              -0
719.281              -0
721.279              -0
723.277              -8.8906748718729e-12
725.275              8.8906748718729e-12
727.273              -0
729.271              -0
731.269              -0
733.267              -0
735.265              -0
737.263              -0
739.261              -0
741.259              -0
743.257              -0
745.255              -0
747.253              -0
749.251              -0
751.249              -0
753.247              -0
755.245              -0
757.243              -8.8906748718729e-12
759.241              8.8906748718729e-12
761.239              -0
763.237              -0
765.235              8.8906748718729e-12
767.233              -0
769.231              -0
771.229              -0
773.227              -0
775.225              -8.8906748718729e-12
777.223              -0
779.221              -0
781.219              -0
783.217              -0
785.215              -0
787.213              -0
789.211              -8.8906748718729e-12
791.209              8.8906748718729e-12
793.207              -0
795.205              -0
797.203              -0
799.201              -0
801.199              -0
803.197              -0
805.195              -0
807.193              -0
809.191              -0
811.189              -0
813.187              -0
815.185              -0
817.183              -0
819.181              -0
821.179              -0
823.177              -0
825.175              -0
827.173              -0
829.171              -8.8906748718729e-12
831.169              8.8906748718734e-12
833.167              -0
835.165              -8.8906748718729e-12
837.163              -0
839.161              -0
841.159              -0
843.157              -0
845.155              -0
847.153              -0
849.151              8.8906748718729e-12
851.149              -0
853.147              -0
855.145              -0
857.143              -0
859.141              -0
861.139              -0
863.137              -0
865.135              -0
867.133              -0
869.131              -0
871.129              -0
873.127              -0
875.125              -0
877.123              -0
879.121              -0
881.119              -0
883.117              -0
885.115              8.8906748718729e-12
887.113              -0
889.111              8.8906748718734e-12
891.109              1.7781349743746e-11
893.107              3.5562699487492e-11
895.105              5.3344049231237e-11
897.103              8.8906748718729e-11
899.101              1.6003214769371e-10
901.099              2.7561092102808e-10
903.097              4.7120576820926e-10
905.095              8.1794208821231e-10
907.093              1.4047266297559e-09
909.091              2.4360449148932e-09
911.089              4.2230705641396e-09
913.087              7.30813474468e-09
915.085              1.2660321017547e-08
917.083              2.1924404234039e-08
919.081              3.7963181702897e-08
921.079              6.5710977978013e-08
923.077              1.1376507566049e-07
925.075              1.9694622976174e-07
927.073              3.4094849066145e-07
929.071              5.9026968609339e-07
931.069              1.0218674977485e-06
933.067              1.769084267355e-06
935.065              3.062641898513e-06
937.063              5.3020962106397e-06
939.061              9.1790705833667e-06
941.059              1.5890943327089e-05
943.057              2.7510619741558e-05
945.055              4.7626776285431e-05
947.053              8.2452154324454e-05
949.051              0.00014274233669161
951.049              0.00024711755275819
953.047              0.00042781338031708
955.045              0.00074063649663229
957.043              0.0012822000962921
959.041              0.0022197620362884
961.039              0.0038428806438863
963.037              0.0066528407429912
965.035              0.011517465997718
967.033              0.019939121487255
969.031              0.034518652769877
971.029              0.059758469813074
973.027              0.10345257698211
975.025              0.17909217205221
977.023              0.31002773350887
979.021              0.53666693299968
981.019              0.92891312640338
983.017              1.6076311896078
985.015              2.7816060487327
987.013              4.8109158199357
989.011              8.3148145253625
991.009              14.353007872355
993.007              24.722973868703
995.005              42.424958343473
997.003              72.316398140157
999.001              121.78383953491
1001                 129.78541091812
1003                 92.365695319172
1005                 68.712211410871
1007                 52.929897649001
1009                 41.884421059368
1011                 33.837314497163
1013                 27.778525650435
1015                 23.093396291065
1017                 19.391305051704
1019                 16.414095327351
1021                 13.985132249266
1023                 11.979821201704
1025                 10.30790099545
1027                 8.9024395801651
1029                 7.7127795853738
1031                 6.6998872070823
1033                 5.8332069185063
1035                 5.0884851819344
1037                 4.4462330485029
1039                 3.8906194167065
1041                 3.4086605051264
1043                 2.9896168615196
1045                 2.6245382601431
1047                 2.3059156364003
1049                 2.0274116144048
1051                 1.7836495156853
1053                 1.5700464256341
1055                 1.3826798374694
1057                 1.218180163729
1059                 1.0736433786818
1061                 0.94655947650679
1063                 0.83475346710493
1065                 0.7363363940982
1067                 0.64966442874237
1069                 0.57330451952886
1071                 0.50600540113521
1073                 0.44667301346557
1075                 0.39434957209039
1077                 0.34819567940936
1079                 0.30747498167116
1081                 0.27154096770232
1083                 0.23982557863178
1085                 0.211829354404
1087                 0.18711289019535
1089                 0.16528941347183
1091                 0.14601832218908
1093                 0.12899955073031
1095                 0.11396864996627
1097                 0.10069248525646
1099                 0.088965470368407
1101                 0.078606266891157
1103                 0.069454889066733
1105                 0.061370161885677
1107                 0.054227488037739
1109                 0.047916884255983
1111                 0.04234125439595
1113                 0.037414868971908
1115                 0.033062026680852
1117                 0.029215875088084
1119                 0.025817371431813
1121                 0.022814366440471
1123                 0.020160796641022
1125                 0.017815971755653
1127                 0.015743946146785
1129                 0.013912964185181
1131                 0.012294970721527
1133                 0.010865178987629
1135                 0.0096016892303652
1137                 0.0084851518700191
1139                 0.0074984701647907
1141                 0.006626537549792
1143                 0.0058560057869528
1145                 0.005175080044495
1147                 0.0045733380016344
1149                 0.004041570020874
1151                 0.0035716379276352
1153                 0.0031563503011256
1155                 0.0027893522602795
1157                 0.0024650281638117
1159                 0.0021784155013194
1161                 0.0019251289629096
1163                 0.0017012932573834
1165                 0.0015034837819172
1167                 0.0013286742017726
1169                 0.0011741901406737
1171                 0.0010376681824908
1173                 0.00091701977567027
1175                 0.00081039924992865
1177                 0.00071617549224356
1179                 0.00063290709562125
1181                 0.00055932026121752
1183                 0.00049428932058504
1185                 0.0004368194250759
1187                 0.00038603149121741
1189                 0.00034114857605516
1191                 0.00030148411767073
1193                 0.00026643136585847
1195                 0.00023545412730641
1197                 0.00020807854106408
1199                 0.00018388584877016
1201                 0.00016250598200429
1203                 0.0001436118779452
1205                 0.00012691455886227
1207                 0.00011215859352376
1209                 9.9118242502527e-05
1211                 8.7594083097997e-05
1213                 7.7409785248506e-05
1215                 6.840958910459e-05
1217                 6.0455818129412e-05
1219                 5.3426809643042e-05
1221                 4.7215049647775e-05
1223                 4.1725503052703e-05
1225                 3.6874201470027e-05
1227                 3.2586955356351e-05
1229                 2.8798181617162e-05
1231                 2.5449899965224e-05
1233                 2.2490933559993e-05
1235                 1.987597642028e-05
1237                 1.75650605172e-05
1239                 1.5522818586078e-05
1241                 1.3718040037247e-05
1243                 1.2123075876502e-05
1245                 1.0713572251575e-05
1247                 9.4679375450823e-06
1249                 8.367129211706e-06
1251                 7.3943162703927e-06
1253                 6.5345950872597e-06
1255                 5.774838385264e-06
1257                 5.1034199088917e-06
1259                 4.5100634338269e-06
1261                 3.9856828948359e-06
1263                 3.5222846861416e-06
1265                 3.1127633803862e-06
1267                 2.750857319711e-06
1269                 2.4310153889928e-06
1271                 2.1483792522758e-06
1273                 1.8985968353036e-06
1275                 1.6778489708713e-06
1277                 1.4827605809842e-06
1279                 1.3103651497204e-06
1281                 1.158007023605e-06
1283                 1.0233858205311e-06
1285                 9.0440543942805e-07
1287                 7.9923623275135e-07
1289                 7.0631500648233e-07
1291                 6.2419402979685e-07
1293                 5.5161208933896e-07
1295                 4.8748560743661e-07
1297                 4.3081094247555e-07
1299                 3.8072656138866e-07
1301                 3.364597489508e-07
1303                 2.9734437134721e-07
1305                 2.6276758546828e-07
1307                 2.322142478306e-07
1309                 2.0521362387171e-07
1311                 1.8134826973437e-07
1313                 1.6028067761908e-07
1315                 1.4163781258958e-07
1317                 1.2517098468834e-07
1319                 1.1062262217365e-07
1321                 9.7761798656393e-08
1323                 8.6401996668428e-08
1325                 7.6365580525817e-08
1327                 6.7492678113013e-08
1329                 5.9632299098666e-08
1331                 5.2704507425005e-08
1333                 4.6576076329075e-08
1335                 4.1158187968904e-08
1337                 3.6379788070917e-08
1339                 3.2143177008948e-08
1341                 2.840394586201e-08
1343                 2.5091040356529e-08
1345                 2.2177815139912e-08
1347                 1.9602097722782e-08
1349                 1.7310597399955e-08
1351                 1.5303314171433e-08
1353                 1.3526957332033e-08
1355                 1.1954881529164e-08
1357                 1.0569323194431e-08
1359                 9.3347551910483e-09
1361                 8.2511775190142e-09
1363                 7.291944825738e-09
1365                 6.4392935428259e-09
1367                 5.6932236702778e-09
1369                 5.0270898555027e-09
1371                 4.4497738826976e-09
1373                 3.9346303992716e-09
1375                 3.4816594052245e-09
1377                 3.0819791163594e-09
1379                 2.7089441800854e-09
1381                 2.3891999489933e-09
1383                 2.1138646388863e-09
1385                 1.8651746813703e-09
1387                 1.6431300764452e-09
1389                 1.4566126083082e-09
1391                 1.2789769243682e-09
1393                 1.1368683772162e-09
1395                 1.0036416142611e-09
1397                 8.7929663550312e-10
1399                 7.7271522513911e-10
1401                 6.838973831691e-10
1403                 6.1284310959309e-10
1405                 5.3290705182008e-10
1407                 4.7961634663807e-10
1409                 4.1744385725906e-10
1411                 3.6415315207705e-10
1413                 3.2862601528905e-10
1415                 2.8421709430404e-10
1417                 2.4868995751604e-10
1419                 2.3092638912203e-10
1421                 1.9539925233403e-10
1423                 1.8651746813703e-10
1425                 1.6875389974302e-10
1427                 1.4210854715202e-10
1429                 1.3322676295502e-10
1431                 1.1546319456102e-10
1433                 9.7699626167014e-11
1435                 7.9936057773011e-11
1437                 7.9936057773011e-11
1439                 7.105427357601e-11
1441                 6.2172489379009e-11
1443                 5.3290705182008e-11
1445                 5.3290705182008e-11
1447                 3.5527136788005e-11
1449                 3.5527136788005e-11
1451                 3.5527136788005e-11
1453                 3.5527136788005e-11
1455                 3.5527136788005e-11
1457                 2.6645352591004e-11
1459                 2.6645352591004e-11
1461                 2.6645352591004e-11
1463                 1.7763568394003e-11
1465                 1.7763568394003e-11
1467                 1.7763568394003e-11
1469                 1.7763568394003e-11
1471                 8.8817841970013e-12
1473                 8.8817841970013e-12
1475                 1.7763568394003e-11
1477                 1.7763568394003e-11
1479                 1.7763568394003e-11
1481                 8.8817841970013e-12
1483                 8.8817841970013e-12
1485                 1.7763568394003e-11
1487                 1.7763568394003e-11
1489                 1.7763568394003e-11
1491                 8.8817841970013e-12
1493                 1.7763568394003e-11
1495                 -0
1497                 8.8817841970013e-12
1499                 -0
1501                 -0
1503                 -0
1505                 -8.8817841970013e-12
1507                 -8.8817841970013e-12
1509                 -1.7763568394003e-11
1511                 -8.8817841970013e-12
1513                 -0
1515                 -8.8817841970013e-12
1517                 8.8817841970013e-12
1519                 8.8817841970013e-12
1521                 8.8817841970013e-12
1523                 1.7763568394003e-11
1525                 8.8817841970013e-12
1527                 8.8817841970013e-12
1529                 1.7763568394003e-11
1531                 2.6645352591004e-11
1533                 2.6645352591004e-11
1535                 1.7763568394003e-11
1537                 2.6645352591004e-11
1539                 3.5527136788005e-11
1541                 2.6645352591004e-11
1543                 3.5527136788005e-11
1545                 3.5527136788005e-11
1547                 4.4408920985006e-11
1549                 5.3290705182008e-11
1551                 5.3290705182008e-11
1553                 6.2172489379009e-11
1555                 7.105427357601e-11
1557                 7.105427357601e-11
1559                 8.8817841970013e-11
1561                 1.0658141036402e-10
1563                 1.2434497875802e-10
1565                 1.4210854715202e-10
1567                 1.5987211554602e-10
1569                 1.6875389974302e-10
1571                 1.8651746813703e-10
1573                 2.3092638912203e-10
1575                 2.5757174171304e-10
1577                 2.8421709430404e-10
1579                 3.2862601528905e-10
1581                 3.7303493627405e-10
1583                 4.1744385725906e-10
1585                 4.7073456244107e-10
1587                 5.2402526762307e-10
1589                 6.0396132539609e-10
1591                 6.838973831691e-10
1593                 7.6383344094211e-10
1595                 8.7929663550312e-10
1597                 9.7699626167014e-10
1599                 1.1102230246252e-09
1601                 1.2612133559742e-09
1603                 1.4210854715202e-09
1605                 1.6076029396572e-09
1607                 1.8118839761883e-09
1609                 2.0605739337043e-09
1611                 2.3359092438113e-09
1613                 2.6290081223124e-09
1615                 2.9842794901924e-09
1617                 3.3750779948605e-09
1619                 3.8280489889075e-09
1621                 4.3254289039396e-09
1623                 4.9027448767447e-09
1625                 5.5422333389288e-09
1627                 6.2794214272799e-09
1629                 7.114309141798e-09
1631                 8.0468964824831e-09
1633                 9.0949470177293e-09
1635                 1.0302869668521e-08
1637                 1.1661782650663e-08
1639                 1.3189449532547e-08
1641                 1.4921397450962e-08
1643                 1.6893153542696e-08
1645                 1.9122481376144e-08
1647                 2.1627144519698e-08
1649                 2.4478197246935e-08
1651                 2.769340312625e-08
1653                 3.133493464702e-08
1655                 3.5447200730232e-08
1657                 4.0119019217855e-08
1659                 4.5385917246676e-08
1661                 5.1354476227061e-08
1663                 5.8104632216782e-08
1665                 6.5760730194597e-08
1667                 7.4402706218279e-08
1669                 8.4199314187572e-08
1671                 9.5266017297035e-08
1673                 1.07798214799e-07
1675                 1.2198242416162e-07
1677                 1.380318082056e-07
1679                 1.5618617510427e-07
1681                 1.7674750552032e-07
1683                 1.9999113476388e-07
1685                 2.2630786133959e-07
1687                 2.5607960196794e-07
1689                 2.8977709121136e-07
1691                 3.2791547255329e-07
1693                 3.7104541661392e-07
1695                 4.1985082077645e-07
1697                 4.7509551848179e-07
1699                 5.3758775209189e-07
1701                 6.0833116322101e-07
1703                 6.8834715705179e-07
1705                 7.7891471050862e-07
1707                 8.8139273657362e-07
1709                 9.9735331104966e-07
1711                 1.1285727907762e-06
1713                 1.2770406954132e-06
1715                 1.4450662888521e-06
1717                 1.6351808795889e-06
1719                 1.8503065746245e-06
1721                 2.0937385158959e-06
1723                 2.3692070527659e-06
1725                 2.6809132691596e-06
1727                 3.0336089196226e-06
1729                 3.4327296560832e-06
1731                 3.8843417371481e-06
1733                 4.3953907180594e-06
1735                 4.9736659235577e-06
1737                 5.6280224924876e-06
1739                 6.3684613138548e-06
1741                 7.2063066625105e-06
1743                 8.1544015984036e-06
1745                 9.227214547991e-06
1747                 1.0441185693821e-05
1749                 1.1814860201298e-05
1751                 1.3369243490047e-05
1753                 1.51281476235e-05
1755                 1.7118457762422e-05
1757                 1.9370611781255e-05
1759                 2.1919079884469e-05
1761                 2.4802826459336e-05
1763                 2.8065958446177e-05
1765                 3.1758391472181e-05
1767                 3.5936622566624e-05
1769                 4.0664556166803e-05
1771                 4.6014516641435e-05
1773                 5.2068322986543e-05
1775                 5.8918585565948e-05
1777                 6.6670073906039e-05
1779                 7.5441386471198e-05
1781                 8.5366673729936e-05
1783                 9.6597752019534e-05
1785                 0.00010930644833707
1787                 0.00012368710500255
1789                 0.00013995972381053
1791                 0.00015837321676315
1793                 0.0001792092163555
1795                 0.00020278646317706
1797                 0.0002294655754298
1799                 0.00025965463557043
1801                 0.00029381545196827
1803                 0.00033247048669693
1805                 0.00037621103565755
1807                 0.0004257061458901
1809                 0.00048171286515242
1811                 0.00054508787705743
1813                 0.00061680053065061
1815                 0.0006979476641078
1817                 0.00078977048900697
1819                 0.00089367340194713
1821                 0.0010112456294564
1823                 0.001144285395327
1825                 0.0012948274896729
1827                 0.0014651743196481
1829                 0.0016579311967746
1831                 0.0018760460740452
1833                 0.002122854638742
1835                 0.0024021313205225
1837                 0.0027181469430815
1839                 0.0030757339875009
1841                 0.0034803604620492
1843                 0.003938213337662
1845                 0.0044562931744707
1847                 0.0050425208897309
1849                 0.0057058587987768
1851                 0.0064564473500894
1853                 0.0073057598193316
1855                 0.0082667773870782
1857                 0.009354187069377
1859                 0.010584605520947
1861                 0.011976832183791
1863                 0.013552135600392
1865                 0.015334576959347
1867                 0.017351376051522
1869                 0.019633324832569
1871                 0.022215254906754
1873                 0.025136565744432
1875                 0.028441821582348
1877                 0.032181425639877
1879                 0.036412381598794
1881                 0.041199153386628
1883                 0.04661463567146
1885                 0.052741248914856
1887                 0.059672174668179
1889                 0.067512748271881
1891                 0.076382028462163
1893                 0.086414565085846
1895                 0.097762389197342
1897                 0.11059725142815
1899                 0.1251131377078
1901                 0.14152909438181
1903                 0.16009239713455
1905                 0.18108210144696
1907                 0.20481301509001
1909                 0.23164013592591
1911                 0.26196360050967
1913                 0.2962341911239
1915                 0.33495944952833
1917                 0.37871044592741
1919                 0.42812924939462
1921                 0.48393714222605
1923                 0.54694361348417
1925                 0.61805615551691
1927                 0.69829087196993
1929                 0.788783882264
1931                 0.89080347760451
1933                 1.0057629429561
1935                 1.1352339071191
1937                 1.2809600163344
1939                 1.4448706445602
1941                 1.6290942514274
1943                 1.8359708778437
1945                 2.0680631260461
1947                 2.3281648083717
1949                 2.6193062675794
1951                 2.9447551807493
1953                 3.3080114656858
1955                 3.7127947333548
1957                 4.1630225936906
1959                 4.6627780578135
1961                 5.2162643289577
1963                 5.8277454813549
1965                 6.5014719468337
1967                 7.2415904073786
1969                 8.0520386680849
1971                 8.936427367976
1973                 9.8979119444387
1975                 10.939060010644
1977                 12.061721071861
1979                 13.266907061453
1981                 14.554693226483
1983                 15.92414912202
1985                 17.373308609203
1987                 18.899185635135
1989                 20.497839237779
1991                 22.164486939129
1993                 23.893660977841
1995                 25.679397370819
1997                 27.515444306925
1999                 29.395474468821
2001                 25.769121748151
2003                 21.676406130346
2005                 18.374642106389
2007                 15.675376001969
2009                 13.443805581144
2011                 11.581336882296
2013                 10.0143866847
2015                 8.6870273410966
2017                 7.5560479920167
2019                 6.5875686722539
2021                 5.7546734422598
2023                 5.0357256135669
2025                 4.413148152782
2027                 3.8725269346784
2029                 3.4019417600106
2031                 2.991460530577
2033                 2.6327519792169
2035                 2.3187857002682
2037                 2.0435972726851
2039                 1.8021024872095
2041                 1.5899490251936
2043                 1.4033969984162
2045                 1.2392219473067
2047                 1.0946354765196
2049                 0.9672198627797
2051                 0.85487382299299
2053                 0.75576726549897
2055                 0.6683033262167
2057                 0.59108635294791
2059                 0.52289477878276
2061                 0.46265803870682
2063                 0.40943684968653
2065                 0.36240630360673
2067                 0.32084132501886
2069                 0.28410412638458
2071                 0.25163335786615
2073                 0.22293470107293
2075                 0.19757269748233
2077                 0.17516363675973
2079                 0.15536935769944
2081                 0.13789183784141
2083                 0.12246846595509
2085                 0.10886790830611
2087                 0.096886491984804
2089                 0.086345039740365
2091                 0.077086100587209
2093                 0.068971527520389
2095                 0.061880361146294
2097                 0.055706983355108
2099                 0.050359510339604
2101                 0.045758398314888
2103                 0.041835239485977
2105                 0.038531728403512
2107                 0.035798782453966
2109                 0.033595802317876
2111                 0.031890060467887
2113                 0.03065620828302
2115                 0.029875893776676
2117                 0.029537483925424
2119                 0.029635887006663
2121                 0.030172472120782
2123                 0.031155084432299
2125                 0.032598155659258
2127                 0.034522911844803
2129                 0.036957680311644
2131                 0.039938300728792
2133                 0.043508645148904
2135                 0.047721254867739
2137                 0.052638102072677
2139                 0.058331487329255
2141                 0.06488508457636
2143                 0.072395147876492
2145                 0.080971895908277
2147                 0.090741092497737
2149                 0.10184584342987
2151                 0.11444863277532
2153                 0.12873362385868
2155                 0.14490925321908
2157                 0.16321114831186
2159                 0.18390540243551
2161                 0.20729224368132
2163                 0.23371013631035
2165                 0.26354035637333
2167                 0.29721208446354
2169                 0.33520806026921
2171                 0.37807084366293
2173                 0.42640972576891
2175                 0.48090833086434
2177                 0.54233294440209
2179                 0.61154159353372
2181                 0.68949389398831
2183                 0.7772616589552
2185                 0.876040240394
2187                 0.98716054074188
2189                 1.1121015893512
2191                 1.2525035228972
2193                 1.4101807404288
2195                 1.5871349170027
2197                 1.7855674576772
2199                 2.0078908494181
2201                 2.2567382262206
2203                 2.5349703007826
2205                 2.8456786393338
2207                 3.1921840713789
2209                 3.5780288444265
2211                 4.0069609738413
2213                 4.4829091228138
2215                 5.0099463124731
2217                 5.5922408447273
2219                 6.233993072664
2221                 6.9393571219756
2223                 7.7123474022489
2225                 8.5567307805068
2227                 9.4759066279959
2229                 10.472778552799
2231                 11.549623394744
2233                 12.707964806804
2235                 13.9484602271
2237                 15.270810946246
2239                 16.673704973753
2241                 18.154801233177
2243                 19.710761135947
2245                 21.33732988443
2247                 23.029465279594
2249                 24.781506955636
2251                 26.587374581108
2253                 28.440780410355
2255                 30.335440213332
2257                 32.26526730538
2259                 34.224536990504
2261                 36.208012717474
2263                 38.211029896678
2265                 40.229537864169
2267                 42.260104261187
2269                 44.299888715047
2271                 46.346594026803
2273                 48.39840320086
2275                 50.453909856483
2277                 52.512048182374
2279                 54.572026961246
2281                 56.633270572908
2283                 58.695368466486
2285                 60.75803347426
2287                 62.821068548056
2289                 64.884341011826
2291                 66.947763186036
2293                 69.011278187903
2295                 71.074849783148
2297                 73.138455304935
2299                 75.20208082644
2301                 77.26571794203
2303                 79.329361667586
2305                 81.393009099306
2307                 83.456658574814
2309                 85.520309158813
2311                 87.583960334188
2313                 89.647611819856
2315                 91.711263465708
2317                 93.774915192855
2319                 95.838566960627
2321                 97.902218748347
2323                 99.965870545704
2325                 102.02952234765
2327                 104.09317415173
2329                 106.1568259568
2331                 108.22047776234
2333                 110.28412956805
2335                 112.34778137386
2337                 114.41143317972
2339                 116.47508498558
2341                 118.53873679145
2343                 120.60238859733
2345                 122.6660404032
2347                 124.72969220907
2349                 126.79334401495
2351                 128.85699582081
2353                 130.92064762668
2355                 132.98429943256
2357                 135.04795123844
2359                 137.11160304432
2361                 139.17525485018
2363                 141.23890665606
2365                 143.30255846194
2367                 145.36621026781
2369                 147.42986207367
2371                 149.49351387956
2373                 151.55716568542
2375                 153.62081749128
2377                 155.68446929716
2379                 157.74812110303
2381                 159.8117729089
2383                 161.87542471478
2385                 163.93907652065
2387                 166.00272832653
2389                 168.0663801324
2391                 170.13003193827
2393                 172.19368374414
2395                 174.25733555002
2397                 176.32098735588
2399                 178.38463916175
2401                 180.44829096763
2403                 182.5119427735
2405                 184.57559457936
2407                 186.63924638523
2409                 188.70289819111
2411                 190.76654999697
2413                 192.83020180285
2415                 194.89385360872
2417                 196.95750541461
2419                 199.02115722046
2421                 201.08480902635
2423                 203.14846083222
2425                 205.21211263809
2427                 207.27576444397
2429                 209.33941624985
2431                 211.40306805571
2433                 213.46671986159
2435                 215.53037166745
2437                 217.59402347332
2439                 219.6576752792
2441                 221.72132708508
2443                 223.78497889095
2445                 225.84863069683
2447                 227.91228250271
2449                 229.97593430858
2451                 232.03958611446
2453                 234.10323792032
2455                 236.1668897262
2457                 238.23054153207
2459                 240.29419333794
2461                 242.35784514381
2463                 244.42149694969
2465                 246.48514875556
2467                 248.54880056144
2469                 250.6124523673
2471                 252.6761041732
2473                 254.73975597906
2475                 256.80340778495
2477                 258.86705959081
2479                 260.93071139669
2481                 262.99436320256
2483                 265.05801500844
2485                 267.12166681431
2487                 269.18531862019
2489                 271.24897042605
2491                 273.31262223192
2493                 275.37627403779
2495                 277.43992584367
2497                 279.50357764954
2499                 281.56722945543
2501                 283.63088126129
2503                 285.69453306717
2505                 287.75818487304
2507                 289.82183667893
2509                 291.88548848478
2511                 293.94914029067
2513                 296.01279209654
2515                 298.07644390241
2517                 300.14009570828
2519                 302.20374751415
2521                 304.26739932003
2523                 306.33105112591
2525                 308.39470293177
2527                 310.45835473765
2529                 312.52200654351
2531                 314.58565834939
2533                 316.64931015525
2535                 318.71296196112
2537                 320.77661376698
2539                 322.84026557287
2541                 324.90391737875
2543                 326.96756918462
2545                 329.03122099051
2547                 331.09487279638
2549                 333.15852460224
2551                 357.94132784866
2553                 358.08482608957
2555                 358.22832433049
2557                 358.37182257141
2559                 358.51532081232
2561                 358.65881905323
2563                 358.80231729416
2565                 358.94581553507
2567                 359.08931377599
2569                 359.2328120169
2571                 359.37631025782
2573                 359.51980849874
2575                 359.66330673966
2577                 359.80680498057
2579                 359.9503032215
2581                 360.09380146242
2583                 360.23729970333
2585                 360.38079794425
2587                 360.52429618517
2589                 360.66779442608
2591                 360.811292667
2593                 360.95479090792
2595                 361.09828914885
2597                 361.24178738976
2599                 361.38528563067
2601                 361.52878387159
2603                 361.67228211251
2605                 361.81578035342
2607                 361.95927859434
2609                 362.10277683526
2611                 362.24627507619
2613                 362.3897733171
2615                 362.53327155802
2617                 362.67676979894
2619                 362.82026803986
2621                 362.96376628078
2623                 363.10726452169
2625                 363.25076276261
2627                 363.39426100352
2629                 363.53775924444
2631                 363.68125748536
2633                 363.82475572628
2635                 363.96825396719
2637                 364.1117522081
2639                 364.25525044903
2641                 364.39874868994
2643                 364.54224693085
2645                 364.68574517178
2647                 364.82924341269
2649                 364.97274165362
2651                 365.11623989453
2653                 365.25973813545
2655                 365.40323637637
2657                 365.54673461728
2659                 365.6902328582
2661                 365.83373109912
2663                 365.97722934003
2665                 366.12072758095
2667                 366.26422582187
2669                 366.40772406278
2671                 366.55122230371
2673                 366.69472054462
2675                 366.83821878554
2677                 366.98171702646
2679                 367.12521526737
2681                 367.2687135083
2683                 367.41221174921
2685                 367.55570999013
2687                 367.69920823105
2689                 367.84270647197
2691                 367.98620471289
2693                 368.1297029538
2695                 368.27320119472
2697                 368.41669943564
2699                 368.56019767656
2701                 368.70369591747
2703                 368.84719415839
2705                 368.99069239931
2707                 369.13419064023
2709                 369.27768888115
2711                 369.42118712207
2713                 369.56468536299
2715                 369.70818360391
2717                 369.85168184482
2719                 369.99518008574
2721                 370.13867832666
2723                 370.28217656757
2725                 370.42567480849
2727                 370.56917304941
2729                 370.71267129032
2731                 370.85616953124
2733                 370.99966777216
2735                 371.14316601307
2737                 371.28666425399
2739                 371.43016249491
2740.9774419792      346.98616034352
2742.8832025866      347.11384950973
2744.6931852871      347.23512139507
2746.4122035958      347.35029851315
2748.0448291145      347.459687169
2749.5954036903      347.56357827365
2751.0680509614      347.66224811782
2752.4666873243      347.75595910665
2753.795032349       347.84496045759
2755.0566186707      347.92948886315
2756.2548013851      348.00976912037
2757.3927669703      348.08601472865
2758.4735417618      348.15842845755
2759.5               348.22720288602
2760.5               369.49293624251
2761.5               362.60502067846
2762.5               355.71710511441
2763.5               348.82918955036
2764.5               341.94127398631
2765.5               335.05335842226
2766.5               328.16544285821
2767.5               321.27752729415
2768.5               314.38961173011
2769.5               307.50169616606
2770.5               300.61378060202
2771.5               293.72586503801
2772.5               286.83794947409
2773.5               279.95003391045
2774.5               273.06211834761
2775.5               266.17420278704
2776.5               259.28628723272
2777.5               252.39837169522
2778.5               245.51045620165
2779.5               238.62254081978
2780.5               231.73462571425
2781.5               224.84671127394
2782.5               217.95879839146
2783.5               211.07088905822
2784.5               204.18298759122
2785.5               197.29510308283
2786.5               190.40725413527
2787.5               183.51947771118
2788.5               176.63184512402
2789.5               169.7444899356
2790.5               162.85765490236
2791.5               155.97176807396
2792.5               149.08756141382
2793.5               142.20624822327
2794.5               135.32977706996
2795.5               128.46117821648
2796.5               121.6050117722
2797.5               114.76791317536
2798.5               107.95921032659
2799.5               101.19155887621
2800.5               94.481511814737
2801.5               87.849913786013
2802.5               81.321998854682
2803.5               74.927082072094
2804.5               68.697775563236
2805.5               62.668727017399
2806.5               56.874961150186
2807.5               51.349984022049
2808.5               46.123864905534
2809.5               41.221524666768
2810.5               36.66142859112
2811.5               32.454813605074
2812.5               28.605493147613
2813.5               25.110198828318
2814.5               21.959353844698
2815.5               19.138137980292
2816.5               16.627698003622
2817.5               14.406374024611
2818.5               12.450842495551
2819.5               10.737111025383
2820.5               9.2413322328122
2821.5               7.9404296016339
2822.5               6.8125463728763
2823.5               5.8373393284183
2824.5               4.9961442503088
2825.5               4.2720405382668
2826.5               3.6498404880603
2827.5               3.1160253270901
2828.5               2.6586461696754
2829.5               2.2672041735561
2830.5               1.9325206786558
2831.5               1.6466051382102
2832.5               1.4025262440476
2833.5               1.1942897677719
2834.5               1.0167252205617
2835.5               0.86538239746803
2836.5               0.73643814010538
2837.5               0.62661315537671
2838.5               0.53309840858606
2839.5               0.45349042001153
2840.5               0.38573469688385
2841.5               0.32807649974487
2842.5               0.27901815190967
2843.5               0.23728213726315
2844.5               0.20177928448106
2845.5               0.17158139621554
2846.5               0.14589774534723
2847.5               0.12405492305856
2848.5               0.10547958309903
2849.5               0.089683682324981
2850.5               0.076251867970889
2851.5               0.064830707955377
2852.5               0.055119500967926
2853.5               0.046862439053719
2854.5               0.039841926768869
2855.5               0.033872888598463
2856.5               0.028797920077483
2857.5               0.024483158767019
2858.5               0.020814769117194
2859.5               0.0176959505227
2860.5               0.015044391226127
2861.5               0.012790101870941
2862.5               0.010873572404702
2863.5               0.0092442042043395
2864.5               0.0078589764562764
2865.5               0.0066813118970721
2866.5               0.0056801121384176
2867.5               0.0048289373189014
2868.5               0.0041053084864906
2869.5               0.0034901143819432
2870.5               0.0029671070334025
2871.5               0.0025224728594786
2872.5               0.0021444679854099
2873.5               0.0018231081821973
2874.5               0.0015499052596901
2875.5               0.0013176428992345
2876.5               0.0011201861060961
2877.5               0.00095231919683414
2878.5               0.00080960803838792
2879.5               0.00068828294841339
2880.5               0.00058513914158453
2881.5               0.00049745206398555
2882.5               0.00042290544621792
2883.5               0.00035953012345047
2884.5               0.00030565200814792
2885.5               0.00025984789431277
2886.5               0.00022090783868833
2887.5               0.0001878032152014
2888.5               0.00015965955446617
2889.5               0.00013573341783868
2890.5               0.00011539278199635
2891.5               9.81003345224e-05
2892.5               8.3399285255581e-05
2893.5               7.0901293725001e-05
2894.5               6.0276217350719e-05
2895.5               5.1243385090771e-05
2896.5               4.3564187812706e-05
2897.5               3.7035776667693e-05
2898.5               3.148569405198e-05
2899.5               2.6767330574273e-05
2900.5               2.2756050377382e-05
2901.5               1.9345889334943e-05
2902.5               1.6446763950739e-05
2903.5               1.3982095481424e-05
2904.5               1.1886776007941e-05
2905.5               1.0105456471621e-05
2906.5               8.5910789593413e-06
2907.5               7.3036421355255e-06
2908.5               6.209137648483e-06
2909.5               5.2786530702065e-06
2910.5               4.4876080629308e-06
2911.5               3.8151060088865e-06
2912.5               3.2433855601255e-06
2913.5               2.7573388017288e-06
2914.5               2.3441315555317e-06
2915.5               1.9928458883101e-06
2916.5               1.694202556024e-06
2917.5               1.4403123138607e-06
2918.5               1.2244738556433e-06
2919.5               1.0409761941332e-06
2920.5               8.8497875694316e-07
2921.5               7.5235817575958e-07
2922.5               6.3961280716285e-07
2923.5               5.4376281255486e-07
2924.5               4.6227466299342e-07
2925.5               3.9300118714891e-07
2926.5               3.3410829658465e-07
2927.5               2.8403723817405e-07
2928.5               2.4147350785597e-07
2929.5               2.0528467814529e-07
2930.5               1.7452261857898e-07
2931.5               1.4836798456486e-07
2932.5               1.2613465827371e-07
2933.5               1.072297806104e-07
2934.5               9.1162632998021e-08
2935.5               7.7498008010934e-08
2936.5               6.5887295619405e-08
2937.5               5.6010751592339e-08
2938.5               4.7619685972222e-08
2939.5               4.0480951923882e-08
2940.5               3.4414693317331e-08
2941.5               2.9258817590971e-08
2942.5               2.4873436643702e-08
2943.5               2.1145307727011e-08
2944.5               1.797895166078e-08
2945.5               1.5281109710941e-08
2946.5               1.2994050280213e-08
2947.5               1.104671909502e-08
2948.5               9.3902663422796e-09
2949.5               7.9825035470549e-09
2950.5               6.7879035725582e-09
2951.5               5.7709392820016e-09
2952.5               4.9071857688432e-09
2953.5               4.1699976804921e-09
2954.5               3.5460523406527e-09
2955.5               3.0131452888327e-09
2956.5               2.5601742947856e-09
2957.5               2.1782575743146e-09
2958.5               1.8518520050748e-09
2959.5               1.5765166949677e-09
2960.5               1.3389289676979e-09
2961.5               1.1368683772162e-09
2962.5               9.6811447747314e-10
2963.5               8.2378548427187e-10
2964.5               7.016609515631e-10
2965.5               5.9507954119908e-10
2966.5               5.0626169922907e-10
2967.5               4.3076653355456e-10
2968.5               3.663735981263e-10
2969.5               3.1308289294429e-10
2970.5               2.6423307986079e-10
2971.5               2.2648549702353e-10
2972.5               1.9095836023553e-10
2973.5               1.6431300764452e-10
2974.5               1.3766765505352e-10
2975.5               1.1990408665952e-10
2976.5               9.9920072216264e-11
2977.5               8.6597395920762e-11
2978.5               7.105427357601e-11
2979.5               6.2172489379009e-11
2980.5               5.1070259132757e-11
2981.5               4.4408920985006e-11
2982.5               3.7747582837255e-11
2983.5               3.3306690738755e-11
2984.5               2.8865798640254e-11
2985.5               2.2204460492503e-11
2986.5               1.9984014443253e-11
2987.5               1.7763568394003e-11
2988.5               1.3322676295502e-11
2989.5               1.1102230246252e-11
2990.5               6.6613381477509e-12
2991.5               8.8817841970013e-12
2992.5               6.6613381477509e-12
2993.5               4.4408920985006e-12
2994.5               4.4408920985006e-12
2995.5               4.4408920985006e-12
2996.5               4.4408920985006e-12
2997.5               2.2204460492503e-12
2998.5               2.2204460492503e-12
2999.5               2.2204460492503e-12
3000.5               -0
3001.5               -0
3002.5               -0
3003.5               -0
3004.5               -0
3005.5               -0
3006.5               2.2204460492503e-12
3007.5               -0
3008.5               -0
3009.5               -0
3010.5               -0
3011.5               -0
3012.5               -0
3013.5               2.2204460492503e-12
3014.5               2.2204460492503e-12
3015.5               2.2204460492503e-12
3016.5               2.2204460492503e-12
3017.5               2.2204460492503e-12
3018.5               2.2204460492503e-12
3019.5               2.2204460492503e-12
3020.5               -0
3021.5               2.2204460492503e-12
3022.5               2.2204460492503e-12
3023.5               -0
3024.5               2.2204460492503e-12
3025.5               -0
3026.5               -0
3027.5               -0
3028.5               -0
3029.5               -2.2204460492503e-12
3030.5               -0
3031.5               -0
3032.5               -0
3033.5               -0
3034.5               -0
3035.5               -0
3036.5               2.2204460492503e-12
3037.5               -0
3038.5               -0
3039.5               -0
3040.5               -0
3041.5               -0
3042.5               -0
3043.5               -0
3044.5               -2.2204460492503e-12
3045.5               -2.2204460492503e-12
3046.5               -2.2204460492503e-12
3047.5               -2.2204460492503e-12
3048.5               -0
3049.5               -2.2204460492503e-12
3050.5               -0
3051.5               -0
3052.5               -2.2204460492503e-12
3053.5               -0
3054.5               -2.2204460492503e-12
3055.5               -0
3056.5               -2.2204460492503e-12
3057.5               -2.2204460492503e-12
3058.5               -0
3059.5               -2.2204460492503e-12
3060.5               -0
3061.5               -0
3062.5               -0
3063.5               -0
3064.5               -0
3065.5               -0
3066.5               2.2204460492503e-12
3067.5               2.2204460492503e-12
3068.5               -0
3069.5               -2.2204460492503e-12
3070.5               -2.2204460492503e-12
3071.5               -2.2204460492503e-12
3072.5               -0
3073.5               -2.2204460492503e-12
3074.5               -0
3075.5               2.2204460492503e-12
3076.5               -0
3077.5               -0
3078.5               -0
3079.5               -2.2204460492503e-12
3080.5               -0
3081.5               -2.2204460492503e-12
3082.5               -0
3083.5               -0
3084.5               -2.2204460492503e-12
3085.5               -0
3086.5               -0
3087.5               -0
3088.5               -0
3089.5               -0
3090.5               -0
3091.5               -0
3092.5               2.2204460492503e-12
3093.5               -0
3094.5               2.2204460492503e-12
3095.5               2.2204460492503e-12
3096.5               2.2204460492503e-12
3097.5               2.2204460492503e-12
3098.5               -0
3099.5               -0
3100.5               2.2204460492503e-12
3101.5               2.2204460492503e-12
3102.5               2.2204460492503e-12
3103.5               -0
3104.5               -0
3105.5               -0
3106.5               -0
3107.5               -0
3108.5               -0
3109.5               -0
3110.5               -2.2204460492503e-12
3111.5               -0
3112.5               -2.2204460492503e-12
3113.5               -2.2204460492503e-12
3114.5               -0
3115.5               -2.2204460492503e-12
3116.5               -0
3117.5               -0
3118.5               -0
3119.5               -0
3120.5               -0
3121.5               -0
3122.5               2.2204460492503e-12
3123.5               -0
3124.5               -0
3125.5               -0
3126.5               -2.2204460492503e-12
3127.5               -2.2204460492503e-12
3128.5               -2.2204460492503e-12
3129.5               -0
3130.5               -2.2204460492503e-12
3131.5               -2.2204460492503e-12
3132.5               -0
3133.5               -0
3134.5               -0
3135.5               -2.2204460492503e-12
3136.5               -0
3137.5               -0
3138.5               -0
3139.5               2.2204460492503e-12
3140.5               -0
3141.5               2.2204460492503e-12
3142.5               -0
3143.5               -0
3144.5               2.2204460492503e-12
3145.5               -0
3146.5               -0
3147.5               2.2204460492503e-12
3148.5               -0
3149.5               2.2204460492503e-12
3150.5               2.2204460492503e-12
3151.5               -0
3152.5               2.2204460492503e-12
3153.5               -0
3154.5               2.2204460492503e-12
3155.5               -0
3156.5               -2.2204460492503e-12
3157.5               -0
3158.5               -0
3159.5               -0
3160.5               -0
3161.5               -0
3162.5               -0
3163.5               -0
3164.5               -0
3165.5               -0
3166.5               -2.2204460492503e-12
3167.5               -2.2204460492503e-12
3168.5               -2.2204460492503e-12
3169.5               -2.2204460492503e-12
3170.5               -2.2204460492503e-12
3171.5               -0
3172.5               -0
3173.5               -0
3174.5               -0
3175.5               2.2204460492503e-12
3176.5               -0
3177.5               2.2204460492503e-12
3178.5               -0
3179.5               -0
3180.5               2.2204460492503e-12
3181.5               -0
3182.5               -0
3183.5               -0
3184.5               2.2204460492503e-12
3185.5               -0
3186.5               -0
3187.5               -0
3188.5               -0
3189.5               -0
3190.5               -0
3191.5               2.2204460492503e-12
3192.5               -0
3193.5               2.2204460492503e-12
3194.5               2.2204460492503e-12
3195.5               2.2204460492503e-12
3196.5               -0
3197.5               -0
3198.5               -0
3199.5               -2.2204460492503e-12
3200.5               -0
3201.5               -0
3202.5               -0
3203.5               -2.2204460492503e-12
3204.5               -0
3205.5               -0
3206.5               -0
3207.5               2.2204460492503e-12
3208.5               -0
3209.5               2.2204460492503e-12
3210.5               -0
3211.5               -0
3212.5               -0
3213.5               2.2204460492503e-12
3214.5               -2.2204460492503e-12
3215.5               -0
3216.5               -0
3217.5               -0
3218.5               -0
3219.5               -2.2204460492503e-12
3220.5               -2.2204460492503e-12
3221.5               -4.4408920985006e-12
3222.5               -2.2204460492503e-12
3223.5               -2.2204460492503e-12
3224.5               -2.2204460492503e-12
3225.5               -0
3226.5               -0
3227.5               -0
3228.5               -0
3229.5               2.2204460492503e-12
3230.5               2.2204460492503e-12
3231.5               2.2204460492503e-12
3232.5               2.2204460492503e-12
3233.5               -0
3234.5               2.2204460492503e-12
3235.5               -0
3236.5               -0
3237.5               -0
3238.5               -0
3239.5               -0
3240.5               -0
3241.5               -2.2204460492503e-12
3242.5               -2.2204460492503e-12
3243.5               -2.2204460492503e-12
3244.5               -0
3245.5               -0
3246.5               -2.2204460492503e-12
3247.5               -0
3248.5               -0
3249.5               -0
3250.5               -0
3251.5               -0
3252.5               2.2204460492503e-12
3253.5               -0
3254.5               -2.2204460492503e-12
3255.5               -0
3256.5               -2.2204460492503e-12
3257.5               -0
3258.5               2.2204460492503e-12
3259.5               -0
3260.5               2.2204460492503e-12
3261.5               2.2204460492503e-12
3262.5               2.2204460492503e-12
3263.5               2.2204460492503e-12
3264.5               4.4408920985006e-12
3265.5               2.2204460492503e-12
3266.5               2.2204460492503e-12
3267.5               2.2204460492503e-12
3268.5               -0
3269.5               -0
3270.5               -2.2204460492503e-12
3271.5               -0
3272.5               -0
3273.5               2.2204460492503e-12
3274.5               2.2204460492503e-12
3275.5               2.2204460492503e-12
3276.5               -0
3277.5               -0
3278.5               -0
3279.5               -0
3280.5               -0
3281.5               -0
3282.5               -0
3283.5               -0
3284.5               -0
3285.5               -2.2204460492503e-12
3286.5               -0
3287.5               -0
3288.5               -2.2204460492503e-12
3289.5               -2.2204460492503e-12
3290.5               -2.2204460492503e-12
3291.5               -2.2204460492503e-12
3292.5               -2.2204460492503e-12
3293.5               -2.2204460492503e-12
3294.5               -2.2204460492503e-12
3295.5               -2.2204460492503e-12
3296.5               -0
3297.5               -0
3298.5               -0
3299.5               -0
3300.5               -0
3301.5               -0
3302.5               2.2204460492503e-12
3303.5               2.2204460492503e-12
3304.5               2.2204460492503e-12
3305.5               2.2204460492503e-12
3306.5               4.4408920985006e-12
3307.5               -0
3308.5               2.2204460492503e-12
3309.5               2.2204460492503e-12
3310.5               -0
3311.5               -0
3312.5               -0
3313.5               -2.2204460492503e-12
3314.5               -2.2204460492503e-12
3315.5               -0
3316.5               -2.2204460492503e-12
3317.5               -2.2204460492503e-12
3318.5               -0
3319.5               -0
3320.5               -0
3321.5               -0
3322.5               2.2204460492503e-12
3323.5               2.2204460492503e-12
3324.5               -0
3325.5               -0
3326.5               -0
3327.5               -0
3328.5               -0
3329.5               -0
3330.5               -0
3331.5               -0
3332.5               -2.2204460492503e-12
3333.5               -2.2204460492503e-12
3334.5               -2.2204460492503e-12
3335.5               -4.4408920985006e-12
3336.5               -4.4408920985006e-12
3337.5               -2.2204460492503e-12
3338.5               -2.2204460492503e-12
3339.5               -2.2204460492503e-12
3340.5               -2.2204460492503e-12
3341.5               -2.2204460492503e-12
3342.5               -0
3343.5               -0
3344.5               -0
3345.5               2.2204460492503e-12
3346.5               -0
3347.5               2.2204460492503e-12
3348.5               -2.2204460492503e-12
3349.5               -0
3350.5               -2.2204460492503e-12
3351.5               -2.2204460492503e-12
3352.5               -0
3353.5               -2.2204460492503e-12
3354.5               -0
3355.5               -2.2204460492503e-12
3356.5               -0
3357.5               -0
3358.5               -0
3359.5               -0
3360.5               2.2204460492503e-12
3361.5               -0
3362.5               -0
3363.5               2.2204460492503e-12
3364.5               -0
3365.5               2.2204460492503e-12
3366.5               2.2204460492503e-12
3367.5               -0
3368.5               2.2204460492503e-12
3369.5               -0
3370.5               -0
3371.5               2.2204460492503e-12
3372.5               -0
3373.5               -0
3374.5               2.2204460492503e-12
3375.5               -0
3376.5               -0
3377.5               -0
3378.5               -0
3379.5               -0
3380.5               -2.2204460492503e-12
3381.5               -0
3382.5               -0
3383.5               -2.2204460492503e-12
3384.5               -0
3385.5               -0
3386.5               -0
3387.5               -0
3388.5               -2.2204460492503e-12
3389.5               -0
3390.5               -2.2204460492503e-12
3391.5               -2.2204460492503e-12
3392.5               -0
3393.5               -2.2204460492503e-12
3394.5               -0
3395.5               -0
3396.5               -0
3397.5               -0
3398.5               -0
3399.5               2.2204460492503e-12
3400.5               2.2204460492503e-12
3401.5               -0
3402.5               -0
3403.5               2.2204460492503e-12
3404.5               -0
3405.5               -0
3406.5               -0
3407.5               -0
3408.5               -2.2204460492503e-12
3409.5               -0
3410.5               -2.2204460492503e-12
3411.5               -2.2204460492503e-12
3412.5               -0
3413.5               -0
3414.5               -0
3415.5               -0
3416.5               -0
3417.5               2.2204460492503e-12
3418.5               -0
3419.5               2.2204460492503e-12
3420.5               -0
3421.5               2.2204460492503e-12
3422.5               -0
3423.5               2.2204460492503e-12
3424.5               2.2204460492503e-12
3425.5               -0
3426.5               -0
3427.5               -2.2204460492503e-12
3428.5               -0
3429.5               -0
3430.5               -2.2204460492503e-12
3431.5               2.2204460492503e-12
3432.5               -0
3433.5               -0
3434.5               2.2204460492503e-12
3435.5               -0
3436.5               -0
3437.5               -0
3438.5               -0
3439.5               -0
3440.5               -2.2204460492503e-12
3441.5               -0
3442.5               -0
3443.5               -0
3444.5               -0
3445.5               -0
3446.5               2.2204460492503e-12
3447.5               -0
3448.5               2.2204460492503e-12
3449.5               -0
3450.5               2.2204460492503e-12
3451.5               -0
3452.5               -0
3453.5               -2.2204460492503e-12
3454.5               -0
3455.5               -0
3456.5               -0
3457.5               -0
3458.5               2.2204460492503e-12
3459.5               2.2204460492503e-12
3460.5               2.2204460492503e-12
3461.5               2.2204460492503e-12
3462.5               2.2204460492503e-12
3463.5               -0
3464.5               2.2204460492503e-12
3465.5               -0
3466.5               -0
3467.5               -0
3468.5               2.2204460492503e-12
3469.5               -0
3470.5               -2.2204460492503e-12
3471.5               -2.2204460492503e-12
3472.5               -0
3473.5               -2.2204460492503e-12
3474.5               -2.2204460492503e-12
3475.5               -2.2204460492503e-12
3476.5               -2.2204460492503e-12
3477.5               -2.2204460492503e-12
3478.5               -2.2204460492503e-12
3479.5               -0
3480.5               -0
3481.5               -0
3482.5               -0
3483.5               2.2204460492503e-12
3484.5               2.2204460492503e-12
3485.5               2.2204460492503e-12
3486.5               2.2204460492503e-12
3487.5               -0
3488.5               2.2204460492503e-12
3489.5               2.2204460492503e-12
3490.5               -0
3491.5               -0
3492.5               -0
3493.5               -0
3494.5               -0
3495.5               -0
3496.5               -2.2204460492503e-12
3497.5               -2.2204460492503e-12
3498.5               -0
3499.5               -0
3500.5               -2.2204460492503e-12
3501.5               -0
3502.5               -0
3503.5               2.2204460492503e-12
3504.5               2.2204460492503e-12
3505.5               -0
3506.5               2.2204460492503e-12
3507.5               2.2204460492503e-12
3508.5               -0
3509.5               2.2204460492503e-12
3510.5               -0
3511.5               -0
3512.5               -0
3513.5               -0
3514.5               -0
3515.5               -2.2204460492503e-12
3516.5               -0
3517.5               -0
3518.5               2.2204460492503e-12
3519.5               -0
3520.5               2.2204460492503e-12
3521.5               -0
3522.5               2.2204460492503e-12
3523.5               -0
3524.5               -0
3525.5               -2.2204460492503e-12
3526.5               -0
3527.5               -2.2204460492503e-12
3528.5               -2.2204460492503e-12
3529.5               -2.2204460492503e-12
3530.5               -0
3531.5               -0
3532.5               -2.2204460492503e-12
3533.5               -0
3534.5               2.2204460492503e-12
3535.5               -0
3536.5               -0
3537.5               -0
3538.5               -0
3539.5               -2.2204460492503e-12
3540.5               -2.2204460492503e-12
3541.5               -2.2204460492503e-12
3542.5               -2.2204460492503e-12
3543.5               -2.2204460492503e-12
3544.5               -2.2204460492503e-12
3545.5               -2.2204460492503e-12
3546.5               -4.4408920985006e-12
3547.5               -4.4408920985006e-12
3548.5               -4.4408920985006e-12
3549.5               -6.6613381477509e-12
3550.5               -8.8817841970013e-12
3551.5               -8.8817841970013e-12
3552.5               -1.1102230246252e-11
3553.5               -1.1102230246252e-11
3554.5               -1.3322676295502e-11
3555.5               -1.5543122344752e-11
3556.5               -1.7763568394003e-11
3557.5               -2.2204460492503e-11
3558.5               -2.6645352591004e-11
3559.5               -3.1086244689504e-11
3560.5               -3.5527136788005e-11
3561.5               -3.9968028886506e-11
3562.5               -4.8849813083507e-11
3563.5               -5.5511151231258e-11
3564.5               -6.6613381477509e-11
3565.5               -7.9936057773011e-11
3566.5               -9.1038288019263e-11
3567.5               -1.0880185641327e-10
3568.5               -1.2878587085652e-10
3569.5               -1.4876988529977e-10
3570.5               -1.7763568394003e-10
3571.5               -2.0650148258028e-10
3572.5               -2.4424906541753e-10
3573.5               -2.8421709430404e-10
3574.5               -3.3750779948605e-10
3575.5               -3.9523939676656e-10
3576.5               -4.6407322429332e-10
3577.5               -5.4845017416483e-10
3578.5               -6.4392935428259e-10
3579.5               -7.5939254884361e-10
3580.5               -8.9039886574938e-10
3581.5               -1.0480505352461e-09
3582.5               -1.2323475573339e-09
3583.5               -1.4521717162097e-09
3584.5               -1.7075230118735e-09
3585.5               -2.0072832285223e-09
3586.5               -2.3625545964023e-09
3587.5               -2.7777780076121e-09
3588.5               -3.2662761384472e-09
3589.5               -3.8458125573015e-09
3590.5               -4.5230486023229e-09
3591.5               -5.3201887340038e-09
3592.5               -6.2572169667874e-09
3593.5               -7.3607786532648e-09
3594.5               -8.657519146027e-09
3595.5               -1.0182965581862e-08
3596.5               -1.1977085989656e-08
3597.5               -1.4090950628542e-08
3598.5               -1.6573409311604e-08
3599.5               -1.9493295866368e-08
3600.5               -2.2932766796657e-08
3601.5               -2.6973978606293e-08
3602.5               -3.1727953597738e-08
3603.5               -3.7321257195799e-08
3604.5               -4.3900438839728e-08
3605.5               -5.1636472875316e-08
3606.5               -6.0740301677242e-08
3607.5               -7.1445072080678e-08
3608.5               -8.4039442072026e-08
3609.5               -9.8854258112624e-08
3610.5               -1.1627809826109e-07
3611.5               -1.3677725618777e-07
3612.5               -1.6088685939053e-07
3613.5               -1.8924639633155e-07
3614.5               -2.2260637777549e-07
3615.5               -2.6184610035784e-07
3616.5               -3.0800029193756e-07
3617.5               -3.6229463873383e-07
3618.5               -4.2615910800237e-07
3619.5               -5.0127901829455e-07
3620.5               -5.8964166882447e-07
3621.5               -6.9357852794383e-07
3622.5               -8.158385078616e-07
3623.5               -9.5965013713339e-07
3624.5               -1.1288103785034e-06
3625.5               -1.3277889898688e-06
3626.5               -1.5618417670282e-06
3627.5               -1.8371548726748e-06
3628.5               -2.1609958267277e-06
3629.5               -2.5419200078147e-06
3630.5               -2.9899926978771e-06
3631.5               -3.5170466539114e-06
3632.5               -4.1370085135384e-06
3633.5               -4.8662518459253e-06
3634.5               -5.7240412409953e-06
3635.5               -6.7330385711273e-06
3636.5               -7.9198914093581e-06
3637.5               -9.3159591152414e-06
3638.5               -1.0958112195425e-05
3639.5               -1.2889733724819e-05
3640.5               -1.5161847333189e-05
3641.5               -1.7834476118139e-05
3642.5               -2.0978216941359e-05
3643.5               -2.4676112264643e-05
3644.5               -2.9025848391484e-05
3645.5               -3.4142326743591e-05
3646.5               -4.0160701431091e-05
3647.5               -4.7239954170664e-05
3648.5               -5.5567090928577e-05
3649.5               -6.5362073531361e-05
3650.5               -7.6883650557136e-05
3651.5               -9.0436169664088e-05
3652.5               -0.00010637763114829
3653.5               -0.00012512914260299
3654.5               -0.00014718603003061
3655.5               -0.00017313095401761
3656.5               -0.00020364925523708
3657.5               -0.00023954709771346
3658.5               -0.00028177274291608
3659.5               -0.00033144160527243
3660.5               -0.000389865706385
3661.5               -0.00045858834285539
3662.5               -0.00053942484701253
3663.5               -0.00063451053522456
3664.5               -0.00074635709834681
3665.5               -0.0008779189708541
3666.5               -0.0010326713328901
3667.5               -0.0012147019168296
3668.5               -0.0014288189564837
3669.5               -0.0016806781899525
3670.5               -0.0019769321979446
3671.5               -0.0023254061121136
3672.5               -0.0027353042342249
3673.5               -0.0032174530817386
3674.5               -0.0037845872413733
3675.5               -0.0044516855757237
3676.5               -0.0052363666513955
3677.5               -0.0061593537536986
3678.5               -0.0072450218491227
3679.5               -0.0085220407552988
3680.5               -0.010024131513742
3681.5               -0.011790955845026
3682.5               -0.01386916200774
3683.5               -0.016313614505936
3684.5               -0.01918883987706
3685.5               -0.022570726336824
3686.5               -0.026548521721015
3687.5               -0.031227181733762
3688.5               -0.036730129571172
3689.5               -0.043202498454242
3690.5               -0.05081494082626
3691.5               -0.059768102256275
3692.5               -0.070297874552594
3693.5               -0.082681561990317
3694.5               -0.097245116523759
3695.5               -0.11437162369177
3696.5               -0.1345112502138
3697.5               -0.15819289791663
3698.5               -0.18603784689208
3699.5               -0.21877571371398
3700.5               -0.25726309889063
3701.5               -0.30250535056453
3702.5               -0.3556819294448
3703.5               -0.4181759212174
3704.5               -0.49160830610129
3705.5               -0.57787765780581
3706.5               -0.67920600163696
3707.5               -0.79819160727856
3708.5               -0.93786951667063
3709.5               -1.1017805980607
3710.5               -1.2940498553848
3711.5               -1.5194745831804
3712.5               -1.7836227082424
3713.5               -2.0929412583204
3714.5               -2.4548742923369
3715.5               -2.8779887516217
3716.5               -3.3721054743152
3717.5               -3.9484309753401
3718.5               -4.6196834579315
3719.5               -5.4002038345002
3720.5               -6.3060392895897
3721.5               -7.3549831991149
3722.5               -8.5665512577271
3723.5               -9.9618699044512
3724.5               -11.563450307808
3725.5               -13.394820350252
3726.5               -15.479989653597
3727.5               -17.842730354762
3728.5               -20.505670650233
3729.5               -23.489220062018
3730.5               -26.810374580652
3731.5               -30.481483774707
3732.5               -34.509095284831
3733.5               -38.893016779897
3734.5               -43.625741916018
3735.5               -48.692366765726
3736.5               -54.071073010729
3737.5               -59.734178362194
3738.5               -65.649666706746
3739.5               -71.783030469277
3740.5               -78.099206344058
3741.5               -84.564376873073
3742.5               -91.147446252728
3743.5               -97.821068284722
3744.5               -104.56218804978
3745.5               -111.35213579248
3746.5               -118.17636612255
3747.5               -125.02396137268
3748.5               -131.88701692635
3749.5               -138.7600063929
3750.5               -145.63919539661
3751.5               -152.52214295524
3752.5               -159.4073045611
3753.5               -166.29373362298
3754.5               -173.18086791055
3755.5               -180.06838364595
3756.5               -186.95609997188
3757.5               -193.84391886407
3758.5               -200.73178875542
3759.5               -207.6196833087
3760.5               -126.55922790121
3761.5187209763      -65.762958278122
3762.5755848552      -34.251984632143
3763.6720197814      -17.683219868694
3764.8095073722      -8.9873807308961
3765.9895847196      -4.4776194435928
3767.2138464671      -2.1807413705533
3768.483946965       -1.0362838807466
3769.8016025056      -0.4797923804288
3771.1685936425      -0.21618300160751
3772.5867675969      -0.094696364480295
3774.0580407534      -0.040287098921949
3775.5844012497      -0.016630934650752
3777.1679116635      -0.0066565651870437
3778.8107117992      -0.002583985517974
3780.5150215798      -0.00098067442530064
3782.2831440465      -0.00038823904156947
3784.117468471       -0.00022992395831343
3786.0204735836      -0.00035652834877355
3787.9947309236      -0.00097327521238974
3790                 -4758.2579429988
3792                 -0
3794                 -0
3796                 -0
3798                 -0
