x[nm]                E[kV/cm]            
-8                   -0
-6                   -0
-4                   -0
-2                   -0
0                    -293.22280207747
1.999                -0.00037588763377614
3.997                -0.00021712373196222
5.995                -0.00012541702522474
7.9929999999999      -7.2444543968425e-05
9.9909999999999      -4.1846086155766e-05
11.989               -2.417153119858e-05
13.987               -1.3962173648361e-05
15.985               -8.0649623338229e-06
17.983               -4.6585536007139e-06
19.981               -2.6909227821201e-06
21.979               -1.5543477971747e-06
23.977               -8.9783369261099e-07
25.975               -5.1862862797585e-07
27.973               -2.9957128980777e-07
29.971               -1.7304809570614e-07
31.969               -9.9948966909599e-08
33.967               -5.7736042617945e-08
35.965               -3.3340030769525e-08
37.963               -1.9257201772477e-08
39.961               -1.1131124939585e-08
41.959               -6.4279579323643e-09
43.957               -3.716302096443e-09
45.955               -2.1426526441214e-09
47.953               -1.2446944820623e-09
49.951               -7.1125398974986e-10
51.948999999999      -4.1786171897804e-10
53.946999999999      -2.4004822154058e-10
55.944999999999      -1.333601230781e-10
57.942999999999      -8.8906748718732e-11
59.940999999999      -4.4453374359366e-11
61.938999999999      -2.667202461562e-11
63.936999999999      -1.7781349743746e-11
65.934999999999      -8.8906748718732e-12
67.932999999999      -8.8906748718732e-12
69.930999999999      -8.8906748718732e-12
71.928999999999      -0
73.926999999999      -0
75.924999999999      -0
77.922999999999      -0
79.920999999999      -0
81.918999999999      -0
83.916999999999      -0
85.914999999999      -0
87.912999999999      -0
89.910999999999      -0
91.908999999999      -0
93.906999999999      -0
95.904999999999      -0
97.902999999999      -8.8906748718732e-12
99.900999999999      8.8906748718732e-12
101.899              -8.8906748718732e-12
103.897              8.8906748718732e-12
105.895              -0
107.893              -8.8906748718732e-12
109.891              8.8906748718732e-12
111.889              -0
113.887              -8.8906748718732e-12
115.885              -0
117.883              -0
119.881              8.8906748718732e-12
121.879              -8.8906748718732e-12
123.877              -0
125.875              -0
127.873              -0
129.871              -8.8906748718733e-12
131.869              -0
133.867              8.8906748718733e-12
135.865              -0
137.863              -0
139.861              -0
141.859              -8.8906748718733e-12
143.857              -8.8906748718733e-12
145.855              -0
147.853              8.8906748718733e-12
149.851              -8.8906748718733e-12
151.849              -0
153.847              -0
155.845              -0
157.843              -0
159.841              -0
161.839              -0
163.837              -0
165.835              -0
167.833              -0
169.831              -0
171.829              8.8906748718733e-12
173.827              -0
175.825              -8.8906748718733e-12
177.823              -0
179.821              -0
181.819              -0
183.817              -0
185.815              8.8906748718733e-12
187.813              -0
189.811              -0
191.809              -0
193.807              -8.8906748718733e-12
195.805              -0
197.803              -0
199.801              -0
201.799              -0
203.797              -0
205.795              -0
207.793              -0
209.791              -0
211.789              -0
213.787              -0
215.785              8.8906748718732e-12
217.783              -0
219.781              -0
221.779              -0
223.777              8.8906748718733e-12
225.775              -0
227.773              -0
229.771              -0
231.769              -0
233.767              -8.8906748718732e-12
235.765              -0
237.763              -0
239.761              -0
241.759              -0
243.757              -0
245.755              -0
247.753              -0
249.751              -0
251.749              -0
253.747              -0
255.745              -0
257.743              8.8906748718732e-12
259.741              -0
261.739              -0
263.737              -0
265.735              -0
267.733              -0
269.731              -0
271.729              -0
273.727              8.8906748718732e-12
275.725              -0
277.723              -0
279.721              -0
281.719              -8.8906748718732e-12
283.717              -0
285.715              -0
287.713              -0
289.711              -0
291.709              -0
293.707              -0
295.705              -0
297.703              -0
299.701              -0
301.699              -0
303.697              -0
305.695              -0
307.693              -0
309.691              -0
311.689              -0
313.687              8.8906748718732e-12
315.685              -0
317.683              -0
319.681              -0
321.679              -8.8906748718732e-12
323.677              8.8906748718734e-12
325.675              -0
327.673              -8.8906748718732e-12
329.671              8.8906748718734e-12
331.669              -0
333.667              -0
335.665              -0
337.663              -8.8906748718732e-12
339.661              -0
341.659              8.8906748718734e-12
343.657              -0
345.655              -0
347.653              -8.8906748718732e-12
349.651              -0
351.649              -0
353.647              -0
355.645              -0
357.643              -0
359.641              -0
361.639              -0
363.637              -0
365.635              -0
367.633              -0
369.631              -0
371.629              -0
373.627              -0
375.625              8.8906748718734e-12
377.623              -8.8906748718732e-12
379.621              -0
381.619              8.8906748718734e-12
383.617              -0
385.615              -0
387.613              -0
389.611              -0
391.609              -0
393.607              -0
395.605              -0
397.60299999999      -0
399.60099999999      -0
401.59899999999      -0
403.59699999999      -0
405.59499999999      -8.8906748718734e-12
407.59299999999      -0
409.59099999999      -0
411.58899999999      -0
413.58699999999      -0
415.58499999999      -0
417.58299999999      -0
419.58099999999      -0
421.57899999999      -0
423.57699999999      -0
425.57499999999      -0
427.57299999999      -0
429.57099999999      -0
431.56899999999      -0
433.56699999999      -0
435.56499999999      -0
437.56299999999      -0
439.56099999999      -0
441.55899999999      -0
443.55699999999      -0
445.55499999999      -0
447.55299999999      -0
449.55099999999      -0
451.54899999999      -0
453.54699999999      -0
455.54499999999      -0
457.54299999999      -0
459.54099999999      -0
461.53899999999      -0
463.53699999999      -0
465.53499999999      -0
467.53299999999      -0
469.53099999999      8.8906748718734e-12
471.52899999999      -8.8906748718732e-12
473.52699999999      -0
475.52499999999      -0
477.52299999999      -0
479.52099999999      -0
481.51899999999      -0
483.51699999999      -0
485.51499999999      -0
487.51299999999      -0
489.51099999999      -0
491.50899999999      8.8906748718734e-12
493.50699999999      -8.8906748718732e-12
495.50499999999      -0
497.50299999999      8.8906748718734e-12
499.50099999999      -0
501.49899999999      -0
503.49699999999      -8.8906748718734e-12
505.49499999999      -0
507.49299999999      -0
509.49099999999      -0
511.48899999999      -0
513.48699999999      -0
515.48499999999      -0
517.48299999999      -0
519.48099999999      -0
521.47899999999      8.8906748718729e-12
523.47699999999      -0
525.47499999999      8.8906748718729e-12
527.47299999999      -0
529.47099999999      -8.8906748718734e-12
531.46899999999      -0
533.46699999999      -0
535.46499999999      8.8906748718729e-12
537.46299999999      8.8906748718729e-12
539.46099999999      -0
541.45899999999      -0
543.45699999999      -0
545.45499999999      -0
547.45299999999      -0
549.45099999999      -0
551.44899999999      -0
553.44699999999      -0
555.44499999999      -0
557.44299999999      -0
559.44099999999      -0
561.43899999999      -0
563.43699999999      -0
565.43499999999      -0
567.43299999999      -0
569.43099999999      -0
571.42899999999      -0
573.42699999999      -0
575.42499999999      -8.8906748718734e-12
577.42299999999      -0
579.42099999999      -0
581.41899999999      -0
583.41699999999      -0
585.41499999999      -0
587.41299999999      -0
589.41099999999      -0
591.40899999999      -0
593.40699999999      -8.8906748718729e-12
595.40499999999      -0
597.40299999999      -0
599.40099999999      -0
601.39899999999      -0
603.39699999999      8.8906748718729e-12
605.39499999999      -0
607.39299999999      8.8906748718729e-12
609.39099999999      -0
611.38899999999      -0
613.38699999999      -8.8906748718729e-12
615.38499999999      -0
617.38299999999      -8.8906748718729e-12
619.38099999999      -0
621.37899999999      -0
623.37699999999      -0
625.37499999999      -0
627.37299999999      -8.8906748718729e-12
629.37099999999      8.8906748718729e-12
631.369              -0
633.36699999999      -0
635.365              8.8906748718729e-12
637.363              -0
639.361              -8.8906748718729e-12
641.359              -0
643.357              -0
645.355              -0
647.353              -0
649.351              -0
651.349              -8.8906748718729e-12
653.347              -0
655.345              -0
657.343              8.8906748718734e-12
659.341              -0
661.339              -8.8906748718729e-12
663.337              -0
665.335              8.8906748718729e-12
667.333              -8.8906748718729e-12
669.331              -0
671.329              -0
673.327              -0
675.325              -0
677.323              -0
679.321              -0
681.319              -0
683.317              8.8906748718729e-12
685.315              -0
687.313              8.8906748718729e-12
689.311              -8.8906748718729e-12
691.309              -0
693.307              8.8906748718729e-12
695.305              -0
697.303              -8.8906748718729e-12
699.301              -0
701.299              -0
703.297              8.8906748718734e-12
705.295              8.8906748718729e-12
707.293              -0
709.291              -0
711.289              -0
713.287              -0
715.285              -0
717.283              -0
719.281              -8.8906748718729e-12
721.279              -0
723.277              -8.8906748718729e-12
725.275              -8.8906748718729e-12
727.273              -8.8906748718734e-12
729.271              -0
731.269              -0
733.267              -0
735.265              -0
737.263              -0
739.261              -0
741.259              8.8906748718729e-12
743.257              8.8906748718729e-12
745.255              8.8906748718729e-12
747.253              -0
749.251              -0
751.249              -0
753.247              -0
755.245              -0
757.243              -8.8906748718729e-12
759.241              -0
761.239              -0
763.237              -0
765.235              -8.8906748718729e-12
767.233              -0
769.231              -8.8906748718729e-12
771.229              -0
773.227              -0
775.225              -0
777.223              -0
779.221              -0
781.219              8.8906748718729e-12
783.217              8.8906748718729e-12
785.215              -0
787.213              8.8906748718729e-12
789.211              8.8906748718729e-12
791.209              -0
793.207              -0
795.205              -0
797.203              -0
799.201              -0
801.199              -0
803.197              -0
805.195              -0
807.193              -0
809.191              -0
811.189              -8.8906748718729e-12
813.187              -8.8906748718729e-12
815.185              -0
817.183              -0
819.181              -0
821.179              -8.8906748718729e-12
823.177              -0
825.175              8.8906748718729e-12
827.173              -0
829.171              8.8906748718729e-12
831.169              -8.8906748718734e-12
833.167              -0
835.165              -0
837.163              -0
839.161              -0
841.159              -8.8906748718729e-12
843.157              -0
845.155              -0
847.153              -0
849.151              8.8906748718729e-12
851.149              -0
853.147              -0
855.145              -0
857.143              -0
859.141              -0
861.139              -0
863.137              -8.8906748718729e-12
865.135              -0
867.133              -0
869.131              -0
871.129              -0
873.127              8.8906748718729e-12
875.125              -0
877.123              -8.8906748718729e-12
879.121              8.8906748718734e-12
881.119              -0
883.117              8.8906748718729e-12
885.115              -0
887.113              8.8906748718729e-12
889.111              8.8906748718734e-12
891.109              1.7781349743746e-11
893.107              3.5562699487492e-11
895.105              5.3344049231237e-11
897.103              8.8906748718729e-11
899.101              1.5114147282184e-10
901.099              2.667202461562e-10
903.097              4.7120576820926e-10
905.095              8.0905141334044e-10
907.093              1.4136173046278e-09
909.091              2.4360449148932e-09
911.089              4.2230705641396e-09
913.087              7.3170254195518e-09
915.085              1.2669211692419e-08
917.083              2.1924404234039e-08
919.081              3.7954291028025e-08
921.079              6.5710977978013e-08
923.077              1.1376507566049e-07
925.075              1.9694622976174e-07
927.073              3.4094849066145e-07
929.071              5.9026968609339e-07
931.069              1.0218674977485e-06
933.067              1.7690753766801e-06
935.065              3.0626507891879e-06
937.063              5.3020962106397e-06
939.061              9.1790705833667e-06
941.059              1.5890952217764e-05
943.057              2.7510619741558e-05
945.055              4.7626776285431e-05
947.053              8.2452154324454e-05
949.051              0.00014274233669161
951.049              0.00024711755275819
953.047              0.00042781338031708
955.045              0.00074063648774162
957.043              0.0012822000962921
959.041              0.0022197620451791
961.039              0.0038428806349956
963.037              0.0066528407518819
965.035              0.011517465988827
967.033              0.019939121478365
969.031              0.034518652769877
971.029              0.059758469813074
973.027              0.10345257698211
975.025              0.17909217205221
977.023              0.31002773350887
979.021              0.53666693299968
981.019              0.92891312640338
983.017              1.6076311896078
985.015              2.7816060487238
987.013              4.8109158199357
989.011              8.3148145253714
991.009              14.353007872355
993.007              24.722973868703
995.005              42.424958343473
997.003              72.316398140157
999.001              121.78383953491
1001                 129.78541091812
1003                 92.365695319163
1005                 68.712211410871
1007                 52.92989764901
1009                 41.884421059351
1011                 33.837314497172
1013                 27.778525650435
1015                 23.093396291065
1017                 19.391305051704
1019                 16.414095327351
1021                 13.985132249257
1023                 11.979821201704
1025                 10.307900995459
1027                 8.9024395801651
1029                 7.7127795853738
1031                 6.6998872070823
1033                 5.8332069185152
1035                 5.0884851819344
1037                 4.4462330485029
1039                 3.8906194167154
1041                 3.4086605051264
1043                 2.9896168615196
1045                 2.6245382601431
1047                 2.3059156363825
1049                 2.0274116144048
1051                 1.7836495156764
1053                 1.5700464256341
1055                 1.3826798374694
1057                 1.2181801637201
1059                 1.0736433786551
1061                 0.94655947648903
1063                 0.83475346709605
1065                 0.73633639408044
1067                 0.64966442873349
1069                 0.57330451952886
1071                 0.50600540112633
1073                 0.44667301346557
1075                 0.39434957208151
1077                 0.34819567941824
1079                 0.30747498166228
1081                 0.27154096770232
1083                 0.23982557863178
1085                 0.21182935439512
1087                 0.18711289018647
1089                 0.16528941346294
1091                 0.1460183221802
1093                 0.12899955073031
1095                 0.11396864996627
1097                 0.10069248526534
1099                 0.088965470386171
1101                 0.07860626690892
1103                 0.069454889075615
1105                 0.06137016190344
1107                 0.054227488037739
1109                 0.047916884273747
1111                 0.042341254404832
1113                 0.03741486898079
1115                 0.033062026689734
1117                 0.029215875096966
1119                 0.025817371431813
1121                 0.022814366440471
1123                 0.020160796649904
1125                 0.017815971764534
1127                 0.015743946155666
1129                 0.013912964202945
1131                 0.012294970721527
1133                 0.010865178987629
1135                 0.0096016892214834
1137                 0.0084851518700191
1139                 0.0074984701559089
1141                 0.006626537549792
1143                 0.0058560057869528
1145                 0.0051750800356132
1147                 0.0045733380105162
1149                 0.004041570020874
1151                 0.0035716379187534
1153                 0.003156350283362
1155                 0.0027893522602795
1157                 0.0024650281638117
1159                 0.0021784155013194
1161                 0.0019251289540279
1163                 0.0017012932485017
1165                 0.0015034837819172
1167                 0.0013286742195362
1169                 0.0011741901406737
1171                 0.0010376682002544
1173                 0.00091701979343384
1175                 0.00081039925881043
1177                 0.00071617549224356
1179                 0.00063290709562125
1181                 0.00055932027898109
1183                 0.00049428931170326
1185                 0.00043681944283946
1187                 0.00038603149121741
1189                 0.00034114857605516
1191                 0.00030148410878894
1193                 0.00026643136585847
1195                 0.00023545412730641
1197                 0.00020807854106408
1199                 0.00018388583988838
1201                 0.00016250597312251
1203                 0.00014361188682699
1205                 0.00012691454998048
1207                 0.00011215858464197
1209                 9.9118242502527e-05
1211                 8.7594065334429e-05
1213                 7.7409767484937e-05
1215                 6.8409580222806e-05
1217                 6.0455818129412e-05
1219                 5.3426800761258e-05
1221                 4.7215040765991e-05
1223                 4.1725494170919e-05
1225                 3.6874210351812e-05
1227                 3.2586973119919e-05
1229                 2.8798181617162e-05
1231                 2.5449908847008e-05
1233                 2.2490933559993e-05
1235                 1.9875985302065e-05
1237                 1.75650605172e-05
1239                 1.5522827467862e-05
1241                 1.3718040037247e-05
1243                 1.2123084758286e-05
1245                 1.0713581133359e-05
1247                 9.4679464268665e-06
1249                 8.367129211706e-06
1251                 7.3943162703927e-06
1253                 6.5346128508281e-06
1255                 5.7748472670482e-06
1257                 5.1034376724601e-06
1259                 4.5100634338269e-06
1261                 3.9857006584043e-06
1263                 3.52230244971e-06
1265                 3.1127633803862e-06
1267                 2.750857319711e-06
1269                 2.4310065072086e-06
1271                 2.1483703704916e-06
1273                 1.8985968353036e-06
1275                 1.6778400890871e-06
1277                 1.4827605809842e-06
1279                 1.3103651497204e-06
1281                 1.1580159053892e-06
1283                 1.0233858205311e-06
1285                 9.0439655764385e-07
1287                 7.9925399631975e-07
1289                 7.0632388826652e-07
1291                 6.2420291158105e-07
1293                 5.5162097112316e-07
1295                 4.8749448922081e-07
1297                 4.3081094247555e-07
1299                 3.8072656138866e-07
1301                 3.364508671666e-07
1303                 2.9733548956301e-07
1305                 2.6276758546828e-07
1307                 2.3222312961479e-07
1309                 2.0520474208752e-07
1311                 1.8134826973437e-07
1313                 1.6027179583489e-07
1315                 1.4162893080538e-07
1317                 1.2516210290414e-07
1319                 1.1061374038945e-07
1321                 9.7735153303802e-08
1323                 8.6384233100034e-08
1325                 7.6330053389029e-08
1327                 6.7457150976225e-08
1329                 5.9623417314469e-08
1331                 5.2686743856611e-08
1333                 4.6567194544878e-08
1335                 4.114042440051e-08
1337                 3.6362024502523e-08
1339                 3.2143177008948e-08
1341                 2.840394586201e-08
1343                 2.5108803924923e-08
1345                 2.2195578708306e-08
1347                 1.9602097722782e-08
1349                 1.7319479184152e-08
1351                 1.5303314171433e-08
1353                 1.3526957332033e-08
1355                 1.1945999744967e-08
1357                 1.0560441410234e-08
1359                 9.3347551910483e-09
1361                 8.2511775190142e-09
1363                 7.283063041541e-09
1365                 6.4304117586289e-09
1367                 5.6843418860808e-09
1369                 5.0270898555027e-09
1371                 4.4408920985006e-09
1373                 3.9257486150746e-09
1375                 3.4727776210275e-09
1377                 3.0730973321624e-09
1379                 2.7089441800854e-09
1381                 2.3980817331903e-09
1383                 2.1227464230833e-09
1385                 1.8829382497643e-09
1387                 1.6608936448392e-09
1389                 1.4566126083082e-09
1391                 1.2967404927622e-09
1393                 1.1457501614132e-09
1395                 1.0125233984581e-09
1397                 8.9706020389713e-10
1399                 7.9936057773011e-10
1401                 7.194245199571e-10
1403                 6.3060667798709e-10
1405                 5.5067062021408e-10
1407                 4.7961634663807e-10
1409                 4.4408920985006e-10
1411                 3.8191672047105e-10
1413                 3.2862601528905e-10
1415                 2.9309887850104e-10
1417                 2.5757174171304e-10
1419                 2.2204460492503e-10
1421                 2.1316282072803e-10
1423                 1.7763568394003e-10
1425                 1.5987211554602e-10
1427                 1.5099033134902e-10
1429                 1.3322676295502e-10
1431                 1.1546319456102e-10
1433                 1.0658141036402e-10
1435                 8.8817841970013e-11
1437                 8.8817841970013e-11
1439                 7.105427357601e-11
1441                 6.2172489379009e-11
1443                 6.2172489379009e-11
1445                 3.5527136788005e-11
1447                 3.5527136788005e-11
1449                 2.6645352591004e-11
1451                 2.6645352591004e-11
1453                 1.7763568394003e-11
1455                 1.7763568394003e-11
1457                 1.7763568394003e-11
1459                 1.7763568394003e-11
1461                 1.7763568394003e-11
1463                 8.8817841970013e-12
1465                 1.7763568394003e-11
1467                 8.8817841970013e-12
1469                 8.8817841970013e-12
1471                 8.8817841970013e-12
1473                 8.8817841970013e-12
1475                 1.7763568394003e-11
1477                 8.8817841970013e-12
1479                 8.8817841970013e-12
1481                 -0
1483                 8.8817841970013e-12
1485                 8.8817841970013e-12
1487                 8.8817841970013e-12
1489                 -0
1491                 -0
1493                 -8.8817841970013e-12
1495                 -0
1497                 -0
1499                 -0
1501                 -0
1503                 8.8817841970013e-12
1505                 -0
1507                 8.8817841970013e-12
1509                 8.8817841970013e-12
1511                 8.8817841970013e-12
1513                 8.8817841970013e-12
1515                 1.7763568394003e-11
1517                 8.8817841970013e-12
1519                 8.8817841970013e-12
1521                 1.7763568394003e-11
1523                 2.6645352591004e-11
1525                 1.7763568394003e-11
1527                 8.8817841970013e-12
1529                 8.8817841970013e-12
1531                 8.8817841970013e-12
1533                 1.7763568394003e-11
1535                 1.7763568394003e-11
1537                 3.5527136788005e-11
1539                 3.5527136788005e-11
1541                 3.5527136788005e-11
1543                 3.5527136788005e-11
1545                 4.4408920985006e-11
1547                 4.4408920985006e-11
1549                 6.2172489379009e-11
1551                 6.2172489379009e-11
1553                 7.105427357601e-11
1555                 7.105427357601e-11
1557                 7.105427357601e-11
1559                 7.9936057773011e-11
1561                 1.0658141036402e-10
1563                 1.1546319456102e-10
1565                 1.3322676295502e-10
1567                 1.5099033134902e-10
1569                 1.8651746813703e-10
1571                 2.0428103653103e-10
1573                 2.3092638912203e-10
1575                 2.5757174171304e-10
1577                 2.8421709430404e-10
1579                 3.1974423109205e-10
1581                 3.6415315207705e-10
1583                 4.1744385725906e-10
1585                 4.5297099404706e-10
1587                 5.2402526762307e-10
1589                 5.9507954119908e-10
1591                 6.750155989721e-10
1593                 7.6383344094211e-10
1595                 8.7041485130612e-10
1597                 9.8587804586714e-10
1599                 1.1013412404282e-09
1601                 1.2523315717772e-09
1603                 1.4122036873232e-09
1605                 1.5898393712632e-09
1607                 1.8030021919913e-09
1609                 2.0605739337043e-09
1611                 2.3270274596143e-09
1613                 2.6467716907064e-09
1615                 2.9931612743894e-09
1617                 3.3928415632545e-09
1619                 3.8369307731045e-09
1621                 4.3343106881366e-09
1623                 4.9027448767447e-09
1625                 5.5599969073228e-09
1627                 6.2794214272799e-09
1629                 7.105427357601e-09
1631                 8.0380146982861e-09
1633                 9.1038288019263e-09
1635                 1.0311751452718e-08
1637                 1.1661782650663e-08
1639                 1.318056774835e-08
1641                 1.4921397450962e-08
1643                 1.6884271758499e-08
1645                 1.910471780775e-08
1647                 2.1618262735501e-08
1649                 2.4460433678541e-08
1651                 2.769340312625e-08
1653                 3.1326052862823e-08
1655                 3.5447200730232e-08
1657                 4.0110137433658e-08
1659                 4.5385917246676e-08
1661                 5.1354476227061e-08
1663                 5.8104632216782e-08
1665                 6.57518484104e-08
1667                 7.4411588002476e-08
1669                 8.4199314187572e-08
1671                 9.5274899081232e-08
1673                 1.078070965832e-07
1675                 1.2200018773001e-07
1677                 1.3804068998979e-07
1679                 1.5619505688846e-07
1681                 1.7673862373613e-07
1683                 1.9999113476388e-07
1685                 2.2631674312379e-07
1687                 2.5607960196794e-07
1689                 2.8977709121136e-07
1691                 3.2790659076909e-07
1693                 3.7104541661392e-07
1695                 4.1985970256064e-07
1697                 4.750866366976e-07
1699                 5.3759663387609e-07
1701                 6.0831339965262e-07
1703                 6.8834715705179e-07
1705                 7.7891471050862e-07
1707                 8.8138385478942e-07
1709                 9.9736219283386e-07
1711                 1.1285727907762e-06
1713                 1.2770584589816e-06
1715                 1.4450662888521e-06
1717                 1.6351897613731e-06
1719                 1.8503154564087e-06
1721                 2.0937562794643e-06
1723                 2.3692248163343e-06
1725                 2.6809221509438e-06
1727                 3.033626683191e-06
1729                 3.4327385378674e-06
1731                 3.8843595007165e-06
1733                 4.3953995998436e-06
1735                 4.9736659235577e-06
1737                 5.6280224924876e-06
1739                 6.3684613138548e-06
1741                 7.2063155442947e-06
1743                 8.1544104801878e-06
1745                 9.227214547991e-06
1747                 1.0441185693821e-05
1749                 1.181484243773e-05
1751                 1.3369252371831e-05
1753                 1.51281476235e-05
1755                 1.7118448880638e-05
1757                 1.9370602899471e-05
1759                 2.1919062120901e-05
1761                 2.4802808695767e-05
1763                 2.8065940682609e-05
1765                 3.1758373708612e-05
1767                 3.5936604803055e-05
1769                 4.0664538403234e-05
1771                 4.6014481114298e-05
1773                 5.2068278577622e-05
1775                 5.8918558920595e-05
1777                 6.6670047260686e-05
1779                 7.5441359825845e-05
1781                 8.53666382028e-05
1783                 9.6597734255965e-05
1785                 0.00010930642169171
1787                 0.00012368706947541
1789                 0.00013995969716518
1791                 0.00015837318123602
1793                 0.00017920918971015
1795                 0.00020278641876814
1797                 0.00022946553102088
1799                 0.00025965458227972
1801                 0.00029381537203221
1803                 0.00033247039787909
1805                 0.00037621094683971
1807                 0.00042570603042691
1809                 0.00048171275857101
1811                 0.00054508776159423
1813                 0.00061680037966028
1815                 0.00069794750423569
1817                 0.0007897703024895
1819                 0.00089367320654787
1821                 0.0010112454074118
1823                 0.0011442851377552
1825                 0.001294827196574
1827                 0.0014651739910221
1829                 0.0016579308326214
1831                 0.0018760456477196
1833                 0.0021228541591256
1835                 0.0024021307787336
1837                 0.0027181463391202
1839                 0.0030757333213671
1841                 0.0034803596804522
1843                 0.0039382124494836
1845                 0.0044562921708291
1847                 0.0050425197617443
1849                 0.0057058575286817
1851                 0.0064564459112404
1853                 0.0073057581762015
1855                 0.0082667755485488
1857                 0.0093541849821577
1859                 0.010584603140629
1861                 0.011976829501492
1863                 0.01355213255394
1865                 0.015334573504333
1867                 0.017351372152419
1869                 0.019633320427204
1871                 0.022215249924074
1873                 0.025136560095618
1875                 0.028441815196345
1877                 0.032181418418986
1879                 0.036412373409789
1881                 0.041199144140691
1883                 0.046614625190955
1885                 0.052741237057674
1887                 0.059672161265567
1889                 0.067512733119557
1891                 0.076382011302556
1893                 0.086414545688029
1895                 0.097762367268217
1897                 0.1105972266302
1899                 0.12511310965024
1901                 0.14152906264719
1903                 0.16009236125214
1905                 0.18108206088385
1907                 0.20481296922448
1909                 0.23164008408294
1911                 0.26196354192543
1913                 0.2962341249102
1915                 0.33495937473482
1917                 0.37871036142612
1919                 0.42812915395096
1921                 0.48393703446337
1923                 0.54694349183038
1925                 0.61805601823117
1927                 0.69829071711602
1929                 0.78878370763924
1931                 0.89080328078417
1933                 1.0057627212312
1935                 1.1352336574699
1937                 1.2809597354302
1939                 1.4448703287151
1941                 1.6290938965824
1943                 1.8359704795223
1945                 2.0680626794078
1947                 2.3281643081052
1949                 2.6193057079826
1951                 2.9447545556494
1953                 3.3080107685191
1955                 3.7127939571757
1957                 4.1630217311983
1959                 4.6627771014585
1961                 5.2162632710218
1963                 5.8277443140753
1965                 6.5014706625455
1967                 7.2415889986921
1969                 8.0520371281079
1971                 8.9364256905089
1973                 9.8979101242413
1975                 10.939058043675
1977                 12.061718955465
1979                 13.266904794627
1981                 14.554690809989
1983                 15.92414655847
1985                 17.373305903128
1987                 18.899182792858
1989                 20.497836267275
1991                 22.164483849787
1993                 23.893657780096
1995                 25.679394075846
1997                 27.515440926233
1999                 29.395471013851
2001                 25.769117283136
2003                 21.676399364159
2005                 18.374633052254
2007                 15.675364595609
2009                 13.443791695913
2011                 11.581320337157
2013                 10.014367247786
2015                 8.6870047303744
2017                 7.5560218737003
2019                 6.5875386576408
2021                 5.7546390831309
2023                 5.0356863963685
2025                 4.4131034915029
2027                 3.872476162643
2029                 3.4018841201444
2031                 2.9913951645089
2033                 2.6326779144981
2035                 2.3187018362325
2037                 2.0435023640886
2039                 1.8019951258541
2041                 1.5898276191351
2043                 1.4032597483915
2045                 1.2390668201068
2047                 1.0944601748886
2049                 0.967021791487
2051                 0.85465005034813
2053                 0.75551448008859
2055                 0.66801778779713
2057                 0.59076383720047
2059                 0.52253051479489
2061                 0.46224663843297
2063                 0.40897222825187
2065                 0.36188158930806
2067                 0.32024875775249
2069                 0.2834349428138
2071                 0.25087766193366
2073                 0.22208131762902
2075                 0.19660900706597
2077                 0.1740753889834
2079                 0.15414046067086
2081                 0.1365041201673
2083                 0.1209014081649
2085                 0.10709833952127
2087                 0.094888247437197
2089                 0.084088574023866
2091                 0.074538051020312
2093                 0.066094221109481
2095                 0.058631257875419
2097                 0.052038047666514
2099                 0.046216501443652
2101                 0.041080068946542
2103                 0.036552431241788
2105                 0.03256635049631
2107                 0.02906265865299
2109                 0.025989369252244
2111                 0.023300898162049
2113                 0.020957381430264
2115                 0.0189240792281
2117                 0.017170857224968
2119                 0.015671736921519
2121                 0.014404508421606
2123                 0.013350399470369
2125                 0.01249379599777
2127                 0.011822009540197
2129                 0.011325088484782
2131                 0.010995669716962
2133                 0.010828868965973
2135                 0.010822207761052
2137                 0.01097557609242
2139                 0.011291230084254
2141                 0.011773824697414
2143                 0.012430481737269
2145                 0.013270894365647
2147                 0.014307469360375
2149                 0.015555509378373
2151                 0.017033437726965
2153                 0.018763068849736
2155                 0.02076992850597
2157                 0.023083628200027
2159                 0.025738299225253
2161                 0.028773092450862
2163                 0.032232751001615
2165                 0.03616826401931
2167                 0.040637610467797
2169                 0.045706603684081
2171                 0.051449848070817
2173                 0.057951821528235
2175                 0.065308097880745
2177                 0.073626726315723
2179                 0.083029785926669
2181                 0.093655135851023
2183                 0.10565838384657
2185                 0.1192150980156
2187                 0.13452328953001
2189                 0.15180619624466
2191                 0.17131539996385
2193                 0.19333431305668
2195                 0.21818207234681
2197                 0.24621788089263
2199                 0.27784584030854
2201                 0.31352031800935
2203                 0.35375189420428
2205                 0.39911393360903
2207                 0.45024982440189
2209                 0.50788092347709
2211                 0.57281523956121
2213                 0.64595687597091
2215                 0.72831623895375
2217                 0.82102099706383
2219                 0.9253277481136
2221                 1.042634313082
2223                 1.1744925278379
2225                 1.3226213421902
2227                 1.4889199592893
2229                 1.6754806548391
2231                 1.8846008031037
2233                 2.1187935046285
2235                 2.3807960584321
2237                 2.6735753523877
2239                 3.0003290640312
2241                 3.3644813782807
2243                 3.7696717551761
2245                 4.2197351369833
2247                 4.7186719017223
2249                 5.2706058834051
2251                 5.8797289338575
2253                 6.5502308464271
2255                 7.2862140473706
2257                 8.0915933314873
2259                 8.9699820929745
2261                 9.9245679709004
2263                 10.957982522273
2265                 12.072171318085
2267                 13.268272518836
2269                 14.546513239022
2271                 15.906133535939
2273                 17.345347344095
2275                 18.86134790742
2277                 20.450362194584
2279                 22.107754621796
2281                 23.828175617435
2283                 25.605745829456
2285                 27.434262870187
2287                 29.30741511169
2289                 31.218986623491
2291                 33.163038954482
2293                 35.134058773245
2295                 37.127064769473
2297                 39.13767190955
2299                 41.162115396514
2301                 43.197239965966
2303                 45.240462169813
2305                 47.289714047762
2307                 49.343376250333
2309                 51.400207571541
2311                 53.459276313985
2313                 55.519897253538
2315                 57.581576427834
2317                 59.64396468392
2319                 61.706819953935
2321                 63.769977580401
2323                 65.833327648148
2325                 67.896798135587
2327                 69.960342710544
2329                 72.023932104957
2331                 74.087548160913
2333                 76.151179813211
2335                 78.214820437701
2337                 80.278466138299
2339                 82.342114663359
2341                 84.405764734132
2343                 86.469415636907
2345                 88.533066980174
2347                 90.596718552849
2349                 92.660370243021
2351                 94.724021992398
2353                 96.787673771113
2355                 98.851325564144
2357                 100.91497736404
2359                 102.97862916717
2361                 105.04228097182
2363                 107.10593277714
2365                 109.16958458278
2367                 111.23323638854
2369                 113.29688819437
2371                 115.36054000023
2373                 117.4241918061
2375                 119.48784361197
2377                 121.55149541785
2379                 123.61514722371
2381                 125.67879902958
2383                 127.74245083545
2385                 129.80610264132
2387                 131.8697544472
2389                 133.93340625307
2391                 135.99705805895
2393                 138.06070986481
2395                 140.12436167069
2397                 142.18801347656
2399                 144.25166528243
2401                 146.3153170883
2403                 148.37896889418
2405                 150.44262070004
2407                 152.50627250592
2409                 154.56992431179
2411                 156.63357611767
2413                 158.69722792354
2415                 160.76087972942
2417                 162.82453153529
2419                 164.88818334116
2421                 166.95183514702
2423                 169.01548695289
2425                 171.07913875877
2427                 173.14279056463
2429                 175.20644237052
2431                 177.27009417639
2433                 179.33374598226
2435                 181.39739778813
2437                 183.461049594
2439                 185.52470139987
2441                 187.58835320574
2443                 189.65200501162
2445                 191.71565681749
2447                 193.77930862335
2449                 195.84296042924
2451                 197.9066122351
2453                 199.97026404099
2455                 202.03391584685
2457                 204.09756765273
2459                 206.16121945858
2461                 208.22487126447
2463                 210.28852307035
2465                 212.35217487622
2467                 214.41582668208
2469                 216.47947848797
2471                 218.54313029384
2473                 220.60678209971
2475                 222.67043390559
2477                 224.73408571146
2479                 226.79773751734
2481                 228.86138932321
2483                 230.92504112908
2485                 232.98869293495
2487                 235.05234474082
2489                 237.1159965467
2491                 239.17964835255
2493                 241.24330015843
2495                 243.30695196429
2497                 245.37060377018
2499                 247.43425557605
2501                 249.49790738193
2503                 251.56155918779
2505                 253.62521099368
2507                 255.68886279954
2509                 257.75251460542
2511                 259.81616641128
2513                 261.87981821716
2515                 263.94347002302
2517                 266.00712182891
2519                 268.07077363478
2521                 270.13442544065
2523                 272.19807724653
2525                 274.2617290524
2527                 276.32538085826
2529                 278.38903266413
2531                 280.45268447001
2533                 282.51633627589
2535                 284.57998808176
2537                 286.64363988764
2539                 288.70729169351
2541                 290.77094349938
2543                 292.83459530526
2545                 294.89824711113
2547                 296.96189891699
2549                 299.02555072287
2551                 321.38984464607
2553                 321.533342887
2555                 321.67684112791
2557                 321.82033936883
2559                 321.96383760976
2561                 322.10733585067
2563                 322.25083409159
2565                 322.39433233251
2567                 322.53783057342
2569                 322.68132881435
2571                 322.82482705527
2573                 322.96832529618
2575                 323.1118235371
2577                 323.25532177802
2579                 323.39882001895
2581                 323.54231825986
2583                 323.68581650077
2585                 323.82931474169
2587                 323.9728129826
2589                 324.11631122352
2591                 324.25980946443
2593                 324.40330770535
2595                 324.54680594627
2597                 324.69030418719
2599                 324.8338024281
2601                 324.97730066903
2603                 325.12079890994
2605                 325.26429715086
2607                 325.40779539179
2609                 325.5512936327
2611                 325.69479187362
2613                 325.83829011454
2615                 325.98178835545
2617                 326.12528659638
2619                 326.26878483729
2621                 326.41228307821
2623                 326.55578131913
2625                 326.69927956005
2627                 326.84277780097
2629                 326.98627604189
2631                 327.1297742828
2633                 327.27327252372
2635                 327.41677076463
2637                 327.56026900555
2639                 327.70376724647
2641                 327.84726548738
2643                 327.9907637283
2645                 328.13426196921
2647                 328.27776021013
2649                 328.42125845105
2651                 328.56475669196
2653                 328.70825493287
2655                 328.85175317379
2657                 328.99525141471
2659                 329.13874965562
2661                 329.28224789654
2663                 329.42574613746
2665                 329.56924437837
2667                 329.71274261929
2669                 329.85624086021
2671                 329.99973910112
2673                 330.14323734204
2675                 330.28673558297
2677                 330.43023382388
2679                 330.5737320648
2681                 330.71723030572
2683                 330.86072854664
2685                 331.00422678755
2687                 331.14772502847
2689                 331.29122326939
2691                 331.43472151031
2693                 331.57821975122
2695                 331.72171799214
2697                 331.86521623306
2699                 332.00871447397
2701                 332.15221271489
2703                 332.29571095581
2705                 332.43920919673
2707                 332.58270743764
2709                 332.72620567856
2711                 332.86970391948
2713                 333.0132021604
2715                 333.15670040132
2717                 333.30019864224
2719                 333.44369688315
2721                 333.58719512407
2723                 333.73069336499
2725                 333.87419160591
2727                 334.01768984682
2729                 334.16118808774
2731                 334.30468632866
2733                 334.44818456958
2735                 334.59168281049
2737                 334.73518105142
2739                 334.87867929233
2740.9774419792      312.85318646415
2742.8832025866      312.98087563035
2744.6931852871      313.10214751569
2746.4122035958      313.21732463378
2748.0448291145      313.32671328963
2749.5954036903      313.43060439428
2751.0680509614      313.52927423845
2752.4666873243      313.62298522729
2753.795032349       313.71198657822
2755.0566186707      313.79651498378
2756.2548013851      313.876795241
2757.3927669703      313.95304084929
2758.4735417618      314.02545457821
2759.5               314.09422900676
2760.5               332.9414530402
2761.5               326.05353747615
2762.5               319.1656219121
2763.5               312.27770634805
2764.5               305.389790784
2765.5               298.50187521997
2766.5               291.61395965598
2767.5               284.72604409212
2768.5               277.83812852864
2769.5               270.95021296627
2770.5               264.062297407
2771.5               257.17438185622
2772.5               250.28646632809
2773.5               243.39855085861
2774.5               236.51063553701
2775.5               229.62272057824
2776.5               222.73480648552
2777.5               215.84689440394
2778.5               208.95898686578
2779.5               202.07108931238
2780.5               195.18321310279
2781.5               188.29538126992
2782.5               181.40763916994
2783.5               174.52007351951
2784.5               167.63284524777
2785.5               160.74624415751
2786.5               153.86077649034
2787.5               146.97729973841
2788.5               140.09722164471
2789.5               133.22278098893
2790.5               126.35742470809
2791.5               119.50628719332
2792.5               112.67676165377
2793.5               105.87912991094
2794.5               99.127187817167
2795.5               92.4387736596
2796.5               85.836084431865
2797.5               79.345659425007
2798.5               72.997930722782
2799.5               66.826289406721
2800.5               60.865689815572
2801.5               55.150898103005
2802.5               49.714565298093
2803.5               44.585348725923
2804.5               39.786305914873
2805.5               35.333741301526
2806.5               31.2366100976
2807.5               27.496495571242
2808.5               24.108096482318
2809.5               21.060105613546
2810.5               18.336334480074
2811.5               15.916941160496
2812.5               13.77964006877
2813.5               11.900804832627
2814.5               10.256409770599
2815.5               8.8227858623791
2816.5               7.5771905393518
2817.5               6.4982063667829
2818.5               5.5659925344664
2819.5               4.7624165274529
2820.5               4.0710930721355
2821.5               3.4773549192213
2822.5               2.9681763772116
2823.5               2.5320665439166
2824.5               2.1589453939641
2825.5               1.8400125328855
2826.5               1.5676156302558
2827.5               1.3351233038139
2828.5               1.1368054957783
2829.5               0.9677230892291
2830.5               0.82362757699572
2831.5               0.70087094267368
2832.5               0.59632547707134
2833.5               0.50731297857487
2834.5               0.43154262831191
2835.5               0.36705675628523
2836.5               0.3121836967912
2837.5               0.26549695060663
2838.5               0.22577991429351
2839.5               0.19199549252891
2840.5               0.16325997147293
2841.5               0.13882059465287
2842.5               0.11803634481167
2843.5               0.10036149364234
2844.5               0.085331535444322
2845.5               0.072551169836288
2846.5               0.061684042647059
2847.5               0.052443993330265
2848.5               0.044587591627732
2849.5               0.037907776457846
2850.5               0.032228436399606
2851.5               0.027399793764982
2852.5               0.023294474362778
2853.5               0.019804161723869
2854.5               0.016836749543447
2855.5               0.014313918532682
2856.5               0.012169074710133
2857.5               0.010345595429229
2858.5               0.0087953374028338
2859.5               0.0074773676561612
2860.5               0.0063568842079142
2861.5               0.0054042981489921
2862.5               0.0045944530691067
2863.5               0.0039059612455539
2864.5               0.0033206392191509
2865.5               0.0028230278359409
2866.5               0.0023999841669564
2867.5               0.0020403345302178
2868.5               0.0017345794645074
2869.5               0.0014746429122248
2870.5               0.0012536589411027
2871.5               0.0010657904558897
2872.5               0.00090607501723738
2873.5               0.00077029380651794
2874.5               0.00065486018163696
2875.5               0.00055672497945025
2876.5               0.00047329594021761
2877.5               0.00040236927345561
2878.5               0.00034207143118081
2879.5               0.00029080962082872
2880.5               0.0002472297366829
2881.5               0.00021018059737088
2882.5               0.00017868353019423
2883.5               0.00015190651625474
2884.5               0.00012914222802252
2885.5               0.0001097893287394
2886.5               9.3336600670568e-05
2887.5               7.9349429249476e-05
2888.5               6.7458338914861e-05
2889.5               5.7349214266367e-05
2890.5               4.8755015580326e-05
2891.5               4.1448717791326e-05
2892.5               3.5237324169657e-05
2893.5               2.9956750413618e-05
2894.5               2.5467512543287e-05
2895.5               2.165101875562e-05
2896.5               1.8406454138642e-05
2897.5               1.5648111695299e-05
2898.5               1.3303125268038e-05
2899.5               1.1309555514316e-05
2900.5               9.6147356742904e-06
2901.5               8.1738971147161e-06
2902.5               6.9489769494169e-06
2903.5               5.9076232794553e-06
2904.5               5.0223203373889e-06
2905.5               4.2696890467653e-06
2906.5               3.6298430927673e-06
2907.5               3.0858848809601e-06
2908.5               2.6234436845129e-06
2909.5               2.2303003888169e-06
2910.5               1.8960721881456e-06
2911.5               1.6119350298993e-06
2912.5               1.3703727042014e-06
2913.5               1.1650125308904e-06
2914.5               9.90425519376e-07
2915.5               8.4200424410596e-07
2916.5               7.1582295646522e-07
2917.5               6.0855320782593e-07
2918.5               5.1735504769113e-07
2919.5               4.3982817388155e-07
2920.5               3.7391423290956e-07
2921.5               3.1788127685672e-07
2922.5               2.7024382731611e-07
2923.5               2.2974733226988e-07
2924.5               1.9531487538416e-07
2925.5               1.6604717600899e-07
2926.5               1.4116485758109e-07
2927.5               1.2000844762383e-07
2928.5               1.0202505507095e-07
2929.5               8.6735063575816e-08
2930.5               7.3738792849554e-08
2931.5               6.2687632862435e-08
2932.5               5.3295146074106e-08
2933.5               4.5308201634953e-08
2934.5               3.8518077616345e-08
2935.5               3.2747138334344e-08
2936.5               2.7837732119451e-08
2937.5               2.3667734438959e-08
2938.5               2.0119461652257e-08
2939.5               1.7104095917375e-08
2940.5               1.454170117654e-08
2941.5               1.2361223156176e-08
2942.5               1.0509371151102e-08
2943.5               8.9350749021833e-09
2944.5               7.5961459344853e-09
2945.5               6.4570571112199e-09
2946.5               5.4889426337468e-09
2947.5               4.6673775955242e-09
2948.5               3.9679370900103e-09
2949.5               3.3728575488112e-09
2950.5               2.8665958495822e-09
2951.5               2.4402702081261e-09
2952.5               2.0716761639505e-09
2953.5               1.7630341631047e-09
2954.5               1.498801083244e-09
2955.5               1.2723155862204e-09
2956.5               1.0835776720342e-09
2957.5               9.1926466438963e-10
2958.5               7.8159700933611e-10
2959.5               6.6169292267659e-10
2960.5               5.6399329650958e-10
2961.5               4.7961634663807e-10
2962.5               4.0634162701281e-10
2963.5               3.4638958368305e-10
2964.5               2.9753977059954e-10
2965.5               2.5091040356529e-10
2966.5               2.1316282072803e-10
2967.5               1.8207657603853e-10
2968.5               1.5543122344752e-10
2969.5               1.3100631690577e-10
2970.5               1.1324274851177e-10
2971.5               9.5479180117763e-11
2972.5               7.9936057773011e-11
2973.5               7.105427357601e-11
2974.5               5.7731597280508e-11
2975.5               5.1070259132757e-11
2976.5               4.2188474935756e-11
2977.5               3.5527136788005e-11
2978.5               3.1086244689504e-11
2979.5               2.6645352591004e-11
2980.5               2.4424906541753e-11
2981.5               1.9984014443253e-11
2982.5               1.5543122344752e-11
2983.5               1.3322676295502e-11
2984.5               1.1102230246252e-11
2985.5               8.8817841970013e-12
2986.5               8.8817841970013e-12
2987.5               6.6613381477509e-12
2988.5               6.6613381477509e-12
2989.5               4.4408920985006e-12
2990.5               2.2204460492503e-12
2991.5               4.4408920985006e-12
2992.5               2.2204460492503e-12
2993.5               2.2204460492503e-12
2994.5               4.4408920985006e-12
2995.5               2.2204460492503e-12
2996.5               2.2204460492503e-12
2997.5               2.2204460492503e-12
2998.5               -0
2999.5               -0
3000.5               -0
3001.5               2.2204460492503e-12
3002.5               -0
3003.5               2.2204460492503e-12
3004.5               -0
3005.5               2.2204460492503e-12
3006.5               2.2204460492503e-12
3007.5               -0
3008.5               -2.2204460492503e-12
3009.5               -0
3010.5               -0
3011.5               -2.2204460492503e-12
3012.5               -2.2204460492503e-12
3013.5               -0
3014.5               -0
3015.5               -2.2204460492503e-12
3016.5               -0
3017.5               -0
3018.5               -2.2204460492503e-12
3019.5               -0
3020.5               -2.2204460492503e-12
3021.5               -0
3022.5               -0
3023.5               -0
3024.5               2.2204460492503e-12
3025.5               2.2204460492503e-12
3026.5               -0
3027.5               2.2204460492503e-12
3028.5               2.2204460492503e-12
3029.5               -0
3030.5               2.2204460492503e-12
3031.5               -0
3032.5               -0
3033.5               -2.2204460492503e-12
3034.5               -0
3035.5               -2.2204460492503e-12
3036.5               -0
3037.5               -0
3038.5               -0
3039.5               2.2204460492503e-12
3040.5               -0
3041.5               2.2204460492503e-12
3042.5               2.2204460492503e-12
3043.5               -0
3044.5               2.2204460492503e-12
3045.5               2.2204460492503e-12
3046.5               -0
3047.5               -0
3048.5               2.2204460492503e-12
3049.5               -0
3050.5               2.2204460492503e-12
3051.5               -0
3052.5               -0
3053.5               -2.2204460492503e-12
3054.5               -0
3055.5               -2.2204460492503e-12
3056.5               -2.2204460492503e-12
3057.5               -2.2204460492503e-12
3058.5               -2.2204460492503e-12
3059.5               -2.2204460492503e-12
3060.5               -0
3061.5               -0
3062.5               -0
3063.5               -0
3064.5               -0
3065.5               -2.2204460492503e-12
3066.5               -0
3067.5               -2.2204460492503e-12
3068.5               -0
3069.5               -0
3070.5               -0
3071.5               -0
3072.5               -0
3073.5               -0
3074.5               -0
3075.5               -0
3076.5               2.2204460492503e-12
3077.5               -0
3078.5               -0
3079.5               2.2204460492503e-12
3080.5               -0
3081.5               -0
3082.5               -0
3083.5               -2.2204460492503e-12
3084.5               -2.2204460492503e-12
3085.5               -2.2204460492503e-12
3086.5               -2.2204460492503e-12
3087.5               -0
3088.5               -2.2204460492503e-12
3089.5               -2.2204460492503e-12
3090.5               -0
3091.5               -0
3092.5               -0
3093.5               -0
3094.5               2.2204460492503e-12
3095.5               -0
3096.5               2.2204460492503e-12
3097.5               2.2204460492503e-12
3098.5               4.4408920985006e-12
3099.5               2.2204460492503e-12
3100.5               2.2204460492503e-12
3101.5               2.2204460492503e-12
3102.5               2.2204460492503e-12
3103.5               4.4408920985006e-12
3104.5               4.4408920985006e-12
3105.5               2.2204460492503e-12
3106.5               2.2204460492503e-12
3107.5               4.4408920985006e-12
3108.5               2.2204460492503e-12
3109.5               -0
3110.5               2.2204460492503e-12
3111.5               2.2204460492503e-12
3112.5               -0
3113.5               -0
3114.5               -0
3115.5               -0
3116.5               -0
3117.5               -0
3118.5               -0
3119.5               -2.2204460492503e-12
3120.5               -0
3121.5               -2.2204460492503e-12
3122.5               -0
3123.5               -2.2204460492503e-12
3124.5               -0
3125.5               -2.2204460492503e-12
3126.5               -2.2204460492503e-12
3127.5               -2.2204460492503e-12
3128.5               -2.2204460492503e-12
3129.5               -4.4408920985006e-12
3130.5               -2.2204460492503e-12
3131.5               -2.2204460492503e-12
3132.5               -2.2204460492503e-12
3133.5               -0
3134.5               -0
3135.5               -2.2204460492503e-12
3136.5               -0
3137.5               2.2204460492503e-12
3138.5               -0
3139.5               -0
3140.5               -0
3141.5               -2.2204460492503e-12
3142.5               -0
3143.5               -2.2204460492503e-12
3144.5               -2.2204460492503e-12
3145.5               -2.2204460492503e-12
3146.5               -2.2204460492503e-12
3147.5               -2.2204460492503e-12
3148.5               -0
3149.5               -2.2204460492503e-12
3150.5               -0
3151.5               -2.2204460492503e-12
3152.5               -0
3153.5               -2.2204460492503e-12
3154.5               -0
3155.5               -0
3156.5               2.2204460492503e-12
3157.5               -0
3158.5               2.2204460492503e-12
3159.5               2.2204460492503e-12
3160.5               -0
3161.5               2.2204460492503e-12
3162.5               2.2204460492503e-12
3163.5               -0
3164.5               -2.2204460492503e-12
3165.5               -0
3166.5               -0
3167.5               -0
3168.5               -2.2204460492503e-12
3169.5               -0
3170.5               2.2204460492503e-12
3171.5               -0
3172.5               2.2204460492503e-12
3173.5               -0
3174.5               2.2204460492503e-12
3175.5               -0
3176.5               2.2204460492503e-12
3177.5               -0
3178.5               -2.2204460492503e-12
3179.5               -0
3180.5               -0
3181.5               -2.2204460492503e-12
3182.5               -2.2204460492503e-12
3183.5               -0
3184.5               -0
3185.5               -2.2204460492503e-12
3186.5               -0
3187.5               -0
3188.5               2.2204460492503e-12
3189.5               2.2204460492503e-12
3190.5               2.2204460492503e-12
3191.5               2.2204460492503e-12
3192.5               4.4408920985006e-12
3193.5               -0
3194.5               2.2204460492503e-12
3195.5               -0
3196.5               -0
3197.5               -2.2204460492503e-12
3198.5               2.2204460492503e-12
3199.5               -0
3200.5               2.2204460492503e-12
3201.5               2.2204460492503e-12
3202.5               2.2204460492503e-12
3203.5               -0
3204.5               2.2204460492503e-12
3205.5               -0
3206.5               -0
3207.5               -0
3208.5               -2.2204460492503e-12
3209.5               -2.2204460492503e-12
3210.5               -2.2204460492503e-12
3211.5               -2.2204460492503e-12
3212.5               -0
3213.5               -0
3214.5               -2.2204460492503e-12
3215.5               -0
3216.5               -0
3217.5               -2.2204460492503e-12
3218.5               -2.2204460492503e-12
3219.5               -2.2204460492503e-12
3220.5               -0
3221.5               -2.2204460492503e-12
3222.5               -0
3223.5               -0
3224.5               -0
3225.5               -0
3226.5               -0
3227.5               -0
3228.5               -0
3229.5               2.2204460492503e-12
3230.5               -0
3231.5               2.2204460492503e-12
3232.5               -2.2204460492503e-12
3233.5               -0
3234.5               -0
3235.5               -2.2204460492503e-12
3236.5               -0
3237.5               -0
3238.5               2.2204460492503e-12
3239.5               -0
3240.5               2.2204460492503e-12
3241.5               2.2204460492503e-12
3242.5               2.2204460492503e-12
3243.5               2.2204460492503e-12
3244.5               2.2204460492503e-12
3245.5               2.2204460492503e-12
3246.5               -0
3247.5               2.2204460492503e-12
3248.5               -0
3249.5               2.2204460492503e-12
3250.5               2.2204460492503e-12
3251.5               -0
3252.5               2.2204460492503e-12
3253.5               -0
3254.5               -0
3255.5               -0
3256.5               -2.2204460492503e-12
3257.5               -0
3258.5               -2.2204460492503e-12
3259.5               -2.2204460492503e-12
3260.5               -2.2204460492503e-12
3261.5               -2.2204460492503e-12
3262.5               -2.2204460492503e-12
3263.5               -2.2204460492503e-12
3264.5               -2.2204460492503e-12
3265.5               -0
3266.5               -0
3267.5               -0
3268.5               2.2204460492503e-12
3269.5               -0
3270.5               2.2204460492503e-12
3271.5               -0
3272.5               -2.2204460492503e-12
3273.5               -0
3274.5               -0
3275.5               -0
3276.5               -0
3277.5               -0
3278.5               -2.2204460492503e-12
3279.5               -0
3280.5               -0
3281.5               -0
3282.5               2.2204460492503e-12
3283.5               -0
3284.5               2.2204460492503e-12
3285.5               2.2204460492503e-12
3286.5               -0
3287.5               -0
3288.5               -0
3289.5               -2.2204460492503e-12
3290.5               -0
3291.5               -2.2204460492503e-12
3292.5               -0
3293.5               -2.2204460492503e-12
3294.5               -2.2204460492503e-12
3295.5               -2.2204460492503e-12
3296.5               -2.2204460492503e-12
3297.5               -2.2204460492503e-12
3298.5               -2.2204460492503e-12
3299.5               -2.2204460492503e-12
3300.5               -2.2204460492503e-12
3301.5               -0
3302.5               -2.2204460492503e-12
3303.5               -0
3304.5               -0
3305.5               -0
3306.5               -0
3307.5               2.2204460492503e-12
3308.5               2.2204460492503e-12
3309.5               -0
3310.5               2.2204460492503e-12
3311.5               -0
3312.5               2.2204460492503e-12
3313.5               2.2204460492503e-12
3314.5               -0
3315.5               -0
3316.5               -0
3317.5               -2.2204460492503e-12
3318.5               -0
3319.5               -0
3320.5               -0
3321.5               -0
3322.5               -0
3323.5               -0
3324.5               -0
3325.5               -2.2204460492503e-12
3326.5               -2.2204460492503e-12
3327.5               -0
3328.5               -2.2204460492503e-12
3329.5               -2.2204460492503e-12
3330.5               -0
3331.5               -0
3332.5               -0
3333.5               -0
3334.5               -0
3335.5               -0
3336.5               -2.2204460492503e-12
3337.5               -0
3338.5               -0
3339.5               -0
3340.5               2.2204460492503e-12
3341.5               -0
3342.5               -0
3343.5               2.2204460492503e-12
3344.5               -0
3345.5               2.2204460492503e-12
3346.5               -0
3347.5               2.2204460492503e-12
3348.5               2.2204460492503e-12
3349.5               -0
3350.5               -0
3351.5               -2.2204460492503e-12
3352.5               -0
3353.5               2.2204460492503e-12
3354.5               -0
3355.5               -0
3356.5               -0
3357.5               -0
3358.5               -0
3359.5               2.2204460492503e-12
3360.5               -0
3361.5               -2.2204460492503e-12
3362.5               -0
3363.5               -0
3364.5               -0
3365.5               -0
3366.5               -0
3367.5               2.2204460492503e-12
3368.5               -0
3369.5               2.2204460492503e-12
3370.5               -0
3371.5               2.2204460492503e-12
3372.5               2.2204460492503e-12
3373.5               2.2204460492503e-12
3374.5               2.2204460492503e-12
3375.5               2.2204460492503e-12
3376.5               2.2204460492503e-12
3377.5               2.2204460492503e-12
3378.5               -0
3379.5               2.2204460492503e-12
3380.5               -0
3381.5               -0
3382.5               -0
3383.5               -0
3384.5               -2.2204460492503e-12
3385.5               -0
3386.5               -2.2204460492503e-12
3387.5               -2.2204460492503e-12
3388.5               -0
3389.5               -2.2204460492503e-12
3390.5               -2.2204460492503e-12
3391.5               -2.2204460492503e-12
3392.5               -2.2204460492503e-12
3393.5               -0
3394.5               -2.2204460492503e-12
3395.5               -0
3396.5               -0
3397.5               -0
3398.5               -2.2204460492503e-12
3399.5               -0
3400.5               -2.2204460492503e-12
3401.5               -0
3402.5               -0
3403.5               2.2204460492503e-12
3404.5               -0
3405.5               -0
3406.5               -0
3407.5               -0
3408.5               -0
3409.5               2.2204460492503e-12
3410.5               -0
3411.5               2.2204460492503e-12
3412.5               2.2204460492503e-12
3413.5               -0
3414.5               -0
3415.5               -0
3416.5               -0
3417.5               -0
3418.5               2.2204460492503e-12
3419.5               2.2204460492503e-12
3420.5               4.4408920985006e-12
3421.5               2.2204460492503e-12
3422.5               2.2204460492503e-12
3423.5               4.4408920985006e-12
3424.5               -0
3425.5               2.2204460492503e-12
3426.5               -0
3427.5               2.2204460492503e-12
3428.5               -0
3429.5               2.2204460492503e-12
3430.5               -0
3431.5               2.2204460492503e-12
3432.5               -0
3433.5               -0
3434.5               -0
3435.5               -0
3436.5               -2.2204460492503e-12
3437.5               -0
3438.5               -2.2204460492503e-12
3439.5               -2.2204460492503e-12
3440.5               -2.2204460492503e-12
3441.5               -2.2204460492503e-12
3442.5               -0
3443.5               -2.2204460492503e-12
3444.5               -2.2204460492503e-12
3445.5               -0
3446.5               -2.2204460492503e-12
3447.5               -2.2204460492503e-12
3448.5               -0
3449.5               -2.2204460492503e-12
3450.5               -2.2204460492503e-12
3451.5               -2.2204460492503e-12
3452.5               -2.2204460492503e-12
3453.5               -2.2204460492503e-12
3454.5               -2.2204460492503e-12
3455.5               -0
3456.5               -0
3457.5               -0
3458.5               -0
3459.5               -0
3460.5               2.2204460492503e-12
3461.5               -0
3462.5               -0
3463.5               2.2204460492503e-12
3464.5               -0
3465.5               2.2204460492503e-12
3466.5               -0
3467.5               -0
3468.5               -2.2204460492503e-12
3469.5               -0
3470.5               -0
3471.5               -0
3472.5               -0
3473.5               -0
3474.5               -2.2204460492503e-12
3475.5               -0
3476.5               -0
3477.5               -0
3478.5               -0
3479.5               -0
3480.5               2.2204460492503e-12
3481.5               2.2204460492503e-12
3482.5               -0
3483.5               -0
3484.5               -2.2204460492503e-12
3485.5               -0
3486.5               -0
3487.5               -0
3488.5               2.2204460492503e-12
3489.5               -0
3490.5               4.4408920985006e-12
3491.5               2.2204460492503e-12
3492.5               2.2204460492503e-12
3493.5               -0
3494.5               -0
3495.5               -0
3496.5               -2.2204460492503e-12
3497.5               -2.2204460492503e-12
3498.5               -2.2204460492503e-12
3499.5               -0
3500.5               -0
3501.5               -0
3502.5               2.2204460492503e-12
3503.5               2.2204460492503e-12
3504.5               2.2204460492503e-12
3505.5               -0
3506.5               -0
3507.5               2.2204460492503e-12
3508.5               -2.2204460492503e-12
3509.5               2.2204460492503e-12
3510.5               -0
3511.5               -0
3512.5               -0
3513.5               -0
3514.5               -0
3515.5               -0
3516.5               -0
3517.5               -2.2204460492503e-12
3518.5               -2.2204460492503e-12
3519.5               -0
3520.5               -0
3521.5               2.2204460492503e-12
3522.5               -0
3523.5               -0
3524.5               -0
3525.5               -0
3526.5               -0
3527.5               -0
3528.5               -2.2204460492503e-12
3529.5               -0
3530.5               -0
3531.5               -0
3532.5               -0
3533.5               2.2204460492503e-12
3534.5               2.2204460492503e-12
3535.5               -0
3536.5               -0
3537.5               -0
3538.5               -2.2204460492503e-12
3539.5               -2.2204460492503e-12
3540.5               -2.2204460492503e-12
3541.5               -4.4408920985006e-12
3542.5               -2.2204460492503e-12
3543.5               -4.4408920985006e-12
3544.5               -4.4408920985006e-12
3545.5               -4.4408920985006e-12
3546.5               -4.4408920985006e-12
3547.5               -4.4408920985006e-12
3548.5               -6.6613381477509e-12
3549.5               -6.6613381477509e-12
3550.5               -6.6613381477509e-12
3551.5               -8.8817841970013e-12
3552.5               -8.8817841970013e-12
3553.5               -1.3322676295502e-11
3554.5               -1.1102230246252e-11
3555.5               -1.5543122344752e-11
3556.5               -1.5543122344752e-11
3557.5               -1.9984014443253e-11
3558.5               -2.4424906541753e-11
3559.5               -2.8865798640254e-11
3560.5               -3.3306690738755e-11
3561.5               -4.2188474935756e-11
3562.5               -4.6629367034257e-11
3563.5               -5.7731597280508e-11
3564.5               -6.883382752676e-11
3565.5               -7.9936057773011e-11
3566.5               -9.1038288019263e-11
3567.5               -1.1102230246252e-10
3568.5               -1.2656542480727e-10
3569.5               -1.5099033134902e-10
3570.5               -1.7763568394003e-10
3571.5               -2.0872192862953e-10
3572.5               -2.4202861936828e-10
3573.5               -2.8643754035329e-10
3574.5               -3.3750779948605e-10
3575.5               -3.9523939676656e-10
3576.5               -4.6851411639182e-10
3577.5               -5.4622972811558e-10
3578.5               -6.4614980033184e-10
3579.5               -7.5717210279436e-10
3580.5               -8.9261931179863e-10
3581.5               -1.0480505352461e-09
3582.5               -1.2323475573339e-09
3583.5               -1.4499512701605e-09
3584.5               -1.7053025658242e-09
3585.5               -2.0072832285223e-09
3586.5               -2.3625545964023e-09
3587.5               -2.7755575615629e-09
3588.5               -3.2684965844965e-09
3589.5               -3.8435921112523e-09
3590.5               -4.5208281562736e-09
3591.5               -5.3201887340038e-09
3592.5               -6.2572169667874e-09
3593.5               -7.3607786532648e-09
3594.5               -8.657519146027e-09
3595.5               -1.0182965581862e-08
3596.5               -1.1977085989656e-08
3597.5               -1.4090950628542e-08
3598.5               -1.6573409311604e-08
3599.5               -1.9497736758467e-08
3600.5               -2.2930546350608e-08
3601.5               -2.6976199052342e-08
3602.5               -3.1730174043787e-08
3603.5               -3.7321257195799e-08
3604.5               -4.3900438839728e-08
3605.5               -5.1636472875316e-08
3606.5               -6.0740301677242e-08
3607.5               -7.1447292526727e-08
3608.5               -8.4041662518075e-08
3609.5               -9.8854258112624e-08
3610.5               -1.1627809826109e-07
3611.5               -1.3677947663382e-07
3612.5               -1.6088685939053e-07
3613.5               -1.892486167776e-07
3614.5               -2.2260637777549e-07
3615.5               -2.6184610035784e-07
3616.5               -3.0800473282966e-07
3617.5               -3.6229463873383e-07
3618.5               -4.2615910800237e-07
3619.5               -5.0127901829455e-07
3620.5               -5.8963944837842e-07
3621.5               -6.9357852794383e-07
3622.5               -8.158385078616e-07
3623.5               -9.5964791668735e-07
3624.5               -1.1288103785034e-06
3625.5               -1.3277867694228e-06
3626.5               -1.5618417670282e-06
3627.5               -1.8371548726748e-06
3628.5               -2.1609936062816e-06
3629.5               -2.5419177873687e-06
3630.5               -2.9899926978771e-06
3631.5               -3.5170488743574e-06
3632.5               -4.1370085135384e-06
3633.5               -4.8662540663713e-06
3634.5               -5.7240412409953e-06
3635.5               -6.7330385711273e-06
3636.5               -7.9198936298042e-06
3637.5               -9.3159568947954e-06
3638.5               -1.0958109974979e-05
3639.5               -1.2889731504373e-05
3640.5               -1.5161845112743e-05
3641.5               -1.7834473897693e-05
3642.5               -2.0978212500466e-05
3643.5               -2.4676110044197e-05
3644.5               -2.9025848391484e-05
3645.5               -3.4142324523145e-05
3646.5               -4.0160701431091e-05
3647.5               -4.723995639111e-05
3648.5               -5.5567090928577e-05
3649.5               -6.5362075751807e-05
3650.5               -7.6883652777582e-05
3651.5               -9.0436171884534e-05
3652.5               -0.00010637763336874
3653.5               -0.00012512914038254
3654.5               -0.0001471860344715
3655.5               -0.00017313095179716
3656.5               -0.00020364925745753
3657.5               -0.00023954709771346
3658.5               -0.00028177274291608
3659.5               -0.00033144160527243
3660.5               -0.00038986570416455
3661.5               -0.00045858834285539
3662.5               -0.00053942484701253
3663.5               -0.00063451053300412
3664.5               -0.00074635709834681
3665.5               -0.00087791896863365
3666.5               -0.0010326713306696
3667.5               -0.0012147019168296
3668.5               -0.0014288189564837
3669.5               -0.0016806781899525
3670.5               -0.0019769321979446
3671.5               -0.0023254061143341
3672.5               -0.0027353042342249
3673.5               -0.0032174530817386
3674.5               -0.0037845872413733
3675.5               -0.0044516855779442
3676.5               -0.005236366649175
3677.5               -0.0061593537536986
3678.5               -0.0072450218513431
3679.5               -0.0085220407552988
3680.5               -0.010024131513742
3681.5               -0.011790955845026
3682.5               -0.01386916200774
3683.5               -0.016313614508157
3684.5               -0.019188839879281
3685.5               -0.022570726336824
3686.5               -0.026548521723235
3687.5               -0.031227181733762
3688.5               -0.036730129568951
3689.5               -0.043202498452022
3690.5               -0.050814940828481
3691.5               -0.059768102254054
3692.5               -0.070297874550374
3693.5               -0.082681561988096
3694.5               -0.097245116521538
3695.5               -0.11437162369177
3696.5               -0.1345112502138
3697.5               -0.15819289791885
3698.5               -0.18603784689208
3699.5               -0.2187757137162
3700.5               -0.25726309889285
3701.5               -0.30250535056453
3702.5               -0.3556819294448
3703.5               -0.41817592121518
3704.5               -0.49160830610129
3705.5               -0.57787765780581
3706.5               -0.67920600163696
3707.5               -0.79819160727856
3708.5               -0.93786951667063
3709.5               -1.1017805980629
3710.5               -1.2940498553871
3711.5               -1.5194745831804
3712.5               -1.7836227082424
3713.5               -2.0929412583204
3714.5               -2.4548742923369
3715.5               -2.8779887516239
3716.5               -3.3721054743174
3717.5               -3.9484309753424
3718.5               -4.6196834579337
3719.5               -5.4002038345025
3720.5               -6.3060392895919
3721.5               -7.3549831991149
3722.5               -8.5665512577271
3723.5               -9.9618699044512
3724.5               -11.563450307812
3725.5               -13.394820350252
3726.5               -15.4799896536
3727.5               -17.842730354765
3728.5               -20.505670650233
3729.5               -23.489220062021
3730.5               -26.810374580652
3731.5               -30.481483774707
3732.5               -34.509095284831
3733.5               -38.893016779895
3734.5               -43.625741916016
3735.5               -48.692366765719
3736.5               -54.071073010724
3737.5               -59.734178362187
3738.5               -65.649666706737
3739.5               -71.78303046927
3740.5               -78.099206344051
3741.5               -84.564376873064
3742.5               -91.147446252722
3743.5               -97.821068284714
3744.5               -104.56218804977
3745.5               -111.35213579248
3746.5               -118.17636612254
3747.5               -125.02396137268
3748.5               -131.88701692635
3749.5               -138.76000639291
3750.5               -145.63919539661
3751.5               -152.52214295524
3752.5               -159.4073045611
3753.5               -166.29373362299
3754.5               -173.18086791055
3755.5               -180.06838364595
3756.5               -186.95609997188
3757.5               -193.84391886407
3758.5               -200.73178875543
3759.5               -207.6196833087
3760.5               -126.55922790122
3761.5187209763      -65.762958278119
3762.5755848552      -34.251984632145
3763.6720197814      -17.683219868694
3764.8095073722      -8.9873807308981
3765.9895847196      -4.4776194435928
3767.2138464671      -2.1807413705533
3768.483946965       -1.0362838807466
3769.8016025056      -0.4797923804288
3771.1685936425      -0.21618300160751
3772.5867675969      -0.094696364478758
3774.0580407534      -0.040287098923431
3775.5844012497      -0.016630934649324
3777.1679116635      -0.0066565651884207
3778.8107117992      -0.002583985517974
3780.5150215798      -0.00098067442530064
3782.2831440465      -0.00038823904156947
3784.117468471       -0.00022992395831343
3786.0204735836      -0.00035652834877355
3787.9947309236      -0.00097327521238974
3790                 -4758.2579429988
3792                 -0
3794                 -0
3796                 -0
3798                 -0
