x[nm]                E[kV/cm]            
-8                   -0
-6                   -0
-4                   -0
-2                   -0
0                    -293.22280207813
1.999                -0.0003758876159948
3.997                -0.00021712372307155
5.995                -0.00012541701633407
7.9929999999999      -7.2444543968425e-05
9.9909999999999      -4.1846077265091e-05
11.989               -2.4171522307905e-05
13.987               -1.3962164757686e-05
15.985               -8.0649623338229e-06
17.983               -4.6585358193641e-06
19.981               -2.6909227821201e-06
21.979               -1.5543566878496e-06
23.977               -8.9783369261099e-07
25.975               -5.1862862797585e-07
27.973               -2.9958018048264e-07
29.971               -1.7304809570614e-07
31.969               -9.9948966909599e-08
33.967               -5.7736042617945e-08
35.965               -3.3340030769525e-08
37.963               -1.9257201772477e-08
39.961               -1.1131124939585e-08
41.959               -6.4190672574925e-09
43.957               -3.716302096443e-09
45.955               -2.1337619692496e-09
47.953               -1.2446944820623e-09
49.951               -7.290353394936e-10
51.948999999999      -4.0897104410617e-10
53.946999999999      -2.311575466687e-10
55.944999999999      -1.4225079794997e-10
57.942999999999      -8.8906748718732e-11
59.940999999999      -3.5562699487493e-11
61.938999999999      -3.5562699487493e-11
63.936999999999      -3.5562699487493e-11
65.934999999999      -0
67.932999999999      -0
69.930999999999      -0
71.928999999999      -0
73.926999999999      -0
75.924999999999      -0
77.922999999999      -0
79.920999999999      -0
81.918999999999      -0
83.916999999999      -0
85.914999999999      -0
87.912999999999      -0
89.910999999999      -0
91.908999999999      -0
93.906999999999      -0
95.904999999999      -0
97.902999999999      -0
99.900999999999      -0
101.899              -0
103.897              -0
105.895              -0
107.893              -0
109.891              -0
111.889              -0
113.887              -0
115.885              -0
117.883              -0
119.881              -0
121.879              -0
123.877              -0
125.875              -0
127.873              -1.7781349743746e-11
129.871              -1.7781349743747e-11
131.869              -0
133.867              -1.7781349743747e-11
135.865              -0
137.863              -0
139.861              -0
141.859              -0
143.857              -0
145.855              -0
147.853              -0
149.851              -0
151.849              -0
153.847              -0
155.845              -0
157.843              -0
159.841              -0
161.839              -0
163.837              -0
165.835              -0
167.833              -0
169.831              -0
171.829              -0
173.827              1.7781349743747e-11
175.825              -1.7781349743747e-11
177.823              -0
179.821              -0
181.819              -0
183.817              -0
185.815              -0
187.813              -0
189.811              -0
191.809              -0
193.807              -0
195.805              -0
197.803              -0
199.801              -0
201.799              -0
203.797              -0
205.795              -0
207.793              -0
209.791              -0
211.789              -0
213.787              -0
215.785              -0
217.783              -0
219.781              -0
221.779              -0
223.777              -0
225.775              -0
227.773              -0
229.771              -0
231.769              -0
233.767              -0
235.765              1.7781349743747e-11
237.763              -0
239.761              -1.7781349743747e-11
241.759              -0
243.757              -0
245.755              -0
247.753              -0
249.751              -0
251.749              1.7781349743747e-11
253.747              -0
255.745              1.7781349743746e-11
257.743              -0
259.741              -0
261.739              -0
263.737              -0
265.735              -0
267.733              -0
269.731              -0
271.729              -0
273.727              -0
275.725              -0
277.723              -0
279.721              -0
281.719              -0
283.717              -0
285.715              -0
287.713              -0
289.711              -0
291.709              -0
293.707              -0
295.705              -0
297.703              -0
299.701              -0
301.699              -0
303.697              -0
305.695              -0
307.693              -0
309.691              -0
311.689              -0
313.687              -0
315.685              -0
317.683              -0
319.681              -0
321.679              -0
323.677              -0
325.675              -0
327.673              -0
329.671              -0
331.669              -0
333.667              -0
335.665              -0
337.663              -0
339.661              -0
341.659              -0
343.657              -0
345.655              -0
347.653              -0
349.651              -0
351.649              -0
353.647              -0
355.645              -0
357.643              -0
359.641              -0
361.639              -0
363.637              -0
365.635              -0
367.633              -0
369.631              -0
371.629              -0
373.627              -0
375.625              -0
377.623              -0
379.621              -0
381.619              -0
383.617              -0
385.615              -0
387.613              -0
389.611              -0
391.609              -0
393.607              -0
395.605              -0
397.60299999999      -0
399.60099999999      -0
401.59899999999      -0
403.59699999999      -0
405.59499999999      -0
407.59299999999      -0
409.59099999999      -0
411.58899999999      -0
413.58699999999      -0
415.58499999999      -0
417.58299999999      -0
419.58099999999      -0
421.57899999999      -0
423.57699999999      -0
425.57499999999      -0
427.57299999999      -0
429.57099999999      -0
431.56899999999      -0
433.56699999999      -0
435.56499999999      -0
437.56299999999      -0
439.56099999999      -0
441.55899999999      -0
443.55699999999      -0
445.55499999999      -0
447.55299999999      -0
449.55099999999      -0
451.54899999999      -0
453.54699999999      -0
455.54499999999      -0
457.54299999999      -0
459.54099999999      -0
461.53899999999      -0
463.53699999999      -0
465.53499999999      -0
467.53299999999      -0
469.53099999999      -0
471.52899999999      -0
473.52699999999      -0
475.52499999999      -0
477.52299999999      -0
479.52099999999      -0
481.51899999999      -0
483.51699999999      -0
485.51499999999      -0
487.51299999999      -0
489.51099999999      -0
491.50899999999      -0
493.50699999999      -0
495.50499999999      -0
497.50299999999      -0
499.50099999999      -0
501.49899999999      -0
503.49699999999      -0
505.49499999999      -0
507.49299999999      -0
509.49099999999      -0
511.48899999999      -0
513.48699999999      -1.7781349743746e-11
515.48499999999      1.7781349743746e-11
517.48299999999      -0
519.48099999999      -0
521.47899999999      -1.7781349743746e-11
523.47699999999      -0
525.47499999999      -0
527.47299999999      1.7781349743746e-11
529.47099999999      -0
531.46899999999      -0
533.46699999999      -1.7781349743746e-11
535.46499999999      -0
537.46299999999      -0
539.46099999999      -0
541.45899999999      -0
543.45699999999      -0
545.45499999999      -0
547.45299999999      -0
549.45099999999      -0
551.44899999999      -0
553.44699999999      -0
555.44499999999      -0
557.44299999999      -0
559.44099999999      -0
561.43899999999      -0
563.43699999999      -0
565.43499999999      -0
567.43299999999      -0
569.43099999999      -0
571.42899999999      -0
573.42699999999      -0
575.42499999999      -0
577.42299999999      -0
579.42099999999      -0
581.41899999999      -0
583.41699999999      -0
585.41499999999      -0
587.41299999999      -0
589.41099999999      -0
591.40899999999      1.7781349743746e-11
593.40699999999      -0
595.40499999999      -0
597.40299999999      -0
599.40099999999      -0
601.39899999999      -1.7781349743746e-11
603.39699999999      -0
605.39499999999      -0
607.39299999999      -0
609.39099999999      -0
611.38899999999      1.7781349743747e-11
613.38699999999      -0
615.38499999999      -0
617.38299999999      -0
619.38099999999      -0
621.37899999999      -0
623.37699999999      -0
625.37499999999      -1.7781349743746e-11
627.37299999999      -0
629.37099999999      -0
631.369              -0
633.36699999999      -0
635.365              -0
637.363              -0
639.361              -0
641.359              -0
643.357              -0
645.355              -0
647.353              -0
649.351              -0
651.349              -0
653.347              -0
655.345              -0
657.343              -0
659.341              -0
661.339              -0
663.337              -0
665.335              -0
667.333              -0
669.331              -0
671.329              -0
673.327              -0
675.325              -0
677.323              -0
679.321              -0
681.319              -0
683.317              -0
685.315              -0
687.313              -0
689.311              -0
691.309              -0
693.307              -0
695.305              -0
697.303              -0
699.301              -0
701.299              -0
703.297              -0
705.295              -0
707.293              -0
709.291              -0
711.289              -0
713.287              -0
715.285              -0
717.283              -0
719.281              -0
721.279              -0
723.277              -0
725.275              -0
727.273              -0
729.271              -0
731.269              -0
733.267              -0
735.265              -0
737.263              -0
739.261              -0
741.259              -0
743.257              -0
745.255              -0
747.253              -0
749.251              -0
751.249              -0
753.247              -0
755.245              -0
757.243              -0
759.241              -0
761.239              -0
763.237              -0
765.235              -0
767.233              -0
769.231              -0
771.229              1.7781349743746e-11
773.227              -0
775.225              -0
777.223              -0
779.221              -0
781.219              -0
783.217              -0
785.215              -0
787.213              -0
789.211              -0
791.209              -0
793.207              -0
795.205              -0
797.203              -0
799.201              -0
801.199              -0
803.197              -0
805.195              -0
807.193              -0
809.191              -0
811.189              -0
813.187              -0
815.185              -0
817.183              -0
819.181              -0
821.179              -0
823.177              -0
825.175              -0
827.173              -0
829.171              -0
831.169              -0
833.167              -0
835.165              -0
837.163              -0
839.161              -0
841.159              -0
843.157              -0
845.155              -0
847.153              -0
849.151              -0
851.149              -1.7781349743746e-11
853.147              -0
855.145              -0
857.143              -0
859.141              -0
861.139              1.7781349743746e-11
863.137              -0
865.135              -0
867.133              -0
869.131              -0
871.129              -0
873.127              -0
875.125              -0
877.123              -0
879.121              -0
881.119              -0
883.117              -0
885.115              1.7781349743746e-11
887.113              -0
889.111              1.7781349743747e-11
891.109              -0
893.107              3.5562699487492e-11
895.105              5.3344049231237e-11
897.103              8.8906748718729e-11
899.101              1.4225079794997e-10
901.099              2.8450159589995e-10
903.097              4.6231509333739e-10
905.095              8.1794208821231e-10
907.093              1.4225079794997e-09
909.091              2.4360449148932e-09
911.089              4.2319612390115e-09
913.087              7.30813474468e-09
915.085              1.2660321017547e-08
917.083              2.1924404234039e-08
919.081              3.7945400353154e-08
921.079              6.5719868652885e-08
923.077              1.1376507566049e-07
925.075              1.9694622976174e-07
927.073              3.4095738133633e-07
929.071              5.9025190474364e-07
931.069              1.0218763884233e-06
933.067              1.7690664860053e-06
935.065              3.0626596798628e-06
937.063              5.3020962106397e-06
939.061              9.1790705833667e-06
941.059              1.5890943327089e-05
943.057              2.7510628632233e-05
945.055              4.7626776285431e-05
947.053              8.2452154324454e-05
949.051              0.00014274232780093
951.049              0.00024711755275819
953.047              0.00042781338920776
955.045              0.00074063647885094
957.043              0.0012822000962921
959.041              0.0022197620362884
961.039              0.0038428806616676
963.037              0.0066528407429912
965.035              0.011517465997718
967.033              0.019939121478365
969.031              0.034518652760986
971.029              0.059758469813074
973.027              0.10345257698211
975.025              0.1790921720611
977.023              0.31002773350887
979.021              0.53666693299968
981.019              0.92891312640338
983.017              1.6076311896167
985.015              2.7816060487238
987.013              4.810915819918
989.011              8.3148145253625
991.009              14.353007872346
993.007              24.722973868712
995.005              42.424958343482
997.003              72.316398140166
999.001              121.78383953491
1001                 129.78541091814
1003                 92.365695319163
1005                 68.71221141088
1007                 52.929897649001
1009                 41.884421059351
1011                 33.837314497163
1013                 27.778525650426
1015                 23.093396291074
1017                 19.391305051712
1019                 16.414095327359
1021                 13.985132249275
1023                 11.979821201695
1025                 10.307900995468
1027                 8.9024395801651
1029                 7.7127795853649
1031                 6.6998872070911
1033                 5.8332069185241
1035                 5.0884851819433
1037                 4.4462330485295
1039                 3.8906194167332
1041                 3.4086605051264
1043                 2.9896168615196
1045                 2.6245382601253
1047                 2.3059156363736
1049                 2.0274116143781
1051                 1.7836495156587
1053                 1.5700464256163
1055                 1.3826798374517
1057                 1.218180163729
1059                 1.0736433786462
1061                 0.94655947648903
1063                 0.83475346709605
1065                 0.73633639408044
1067                 0.64966442872461
1069                 0.57330451951998
1071                 0.50600540113521
1073                 0.44667301345669
1075                 0.39434957209039
1077                 0.34819567941824
1079                 0.30747498167116
1081                 0.27154096770232
1083                 0.23982557861402
1085                 0.21182935439512
1087                 0.18711289019535
1089                 0.16528941346294
1091                 0.1460183221802
1093                 0.1289995507392
1095                 0.1139686499485
1097                 0.10069248526534
1099                 0.088965470386171
1101                 0.078606266900039
1103                 0.069454889057852
1105                 0.061370161912322
1107                 0.054227488028857
1109                 0.047916884273747
1111                 0.042341254413714
1113                 0.03741486898079
1115                 0.033062026680852
1117                 0.029215875088084
1119                 0.025817371422932
1121                 0.022814366449353
1123                 0.020160796641022
1125                 0.017815971755653
1127                 0.015743946146785
1129                 0.013912964167417
1131                 0.012294970694882
1133                 0.010865178960984
1135                 0.0096016892214834
1137                 0.0084851518344919
1139                 0.0074984701470271
1141                 0.0066265375409102
1143                 0.005856005778071
1145                 0.005175080044495
1147                 0.0045733379927526
1149                 0.0040415700119922
1151                 0.0035716379187534
1153                 0.0031563502922438
1155                 0.0027893522691613
1157                 0.0024650281638117
1159                 0.0021784155279647
1161                 0.0019251289629096
1163                 0.001701293275147
1165                 0.001503483790799
1167                 0.0013286742372998
1169                 0.0011741901495554
1171                 0.0010376682268998
1173                 0.00091701981119741
1175                 0.00081039926769222
1177                 0.00071617549224356
1179                 0.00063290711338482
1181                 0.00055932028786287
1183                 0.00049428930282147
1185                 0.00043681945172125
1187                 0.00038603147345384
1189                 0.00034114858493695
1191                 0.00030148409990716
1193                 0.00026643135697668
1195                 0.00023545412730641
1197                 0.00020807851441873
1199                 0.00018388584877016
1201                 0.00016250595535894
1203                 0.00014361186018164
1205                 0.00012691454998048
1207                 0.00011215858464197
1209                 9.9118242502527e-05
1211                 8.7594056452645e-05
1213                 7.7409776366721e-05
1215                 6.8409597986374e-05
1217                 6.0455818129412e-05
1219                 5.3426827406611e-05
1221                 4.7215049647775e-05
1223                 4.1725503052703e-05
1225                 3.6874201470027e-05
1227                 3.2586964238135e-05
1229                 2.8798172735378e-05
1231                 2.5449899965224e-05
1233                 2.2490933559993e-05
1235                 1.987597642028e-05
1237                 1.7565078280768e-05
1239                 1.5522836349646e-05
1241                 1.3718040037247e-05
1243                 1.2123084758286e-05
1245                 1.0713581133359e-05
1247                 9.4679641904349e-06
1249                 8.3671380934902e-06
1251                 7.3943162703927e-06
1253                 6.5346128508281e-06
1255                 5.7748472670482e-06
1257                 5.1034376724601e-06
1259                 4.5100634338269e-06
1261                 3.9857006584043e-06
1263                 3.5222846861416e-06
1265                 3.1127633803862e-06
1267                 2.7508484379268e-06
1269                 2.4310153889928e-06
1271                 2.1483792522758e-06
1273                 1.8985879535194e-06
1275                 1.6778400890871e-06
1277                 1.4827605809842e-06
1279                 1.3103829132888e-06
1281                 1.1580247871734e-06
1283                 1.0233769387469e-06
1285                 9.0439655764385e-07
1287                 7.9925399631975e-07
1289                 7.0631500648233e-07
1291                 6.2419402979685e-07
1293                 5.5161208933896e-07
1295                 4.87503371005e-07
1297                 4.3080206069135e-07
1299                 3.8072656138866e-07
1301                 3.364597489508e-07
1303                 2.9734437134721e-07
1305                 2.6275870368409e-07
1307                 2.3222312961479e-07
1309                 2.0520474208752e-07
1311                 1.8136603330277e-07
1313                 1.6026291405069e-07
1315                 1.4164669437378e-07
1317                 1.2517986647254e-07
1319                 1.1061374038945e-07
1321                 9.777068044059e-08
1323                 8.6384233100034e-08
1325                 7.6365580525817e-08
1327                 6.7466032760422e-08
1329                 5.9632299098666e-08
1331                 5.2704507425005e-08
1333                 4.6576076329075e-08
1335                 4.1158187968904e-08
1337                 3.6379788070917e-08
1339                 3.2152058793145e-08
1341                 2.840394586201e-08
1343                 2.5099922140726e-08
1345                 2.2186696924109e-08
1347                 1.9610979506979e-08
1349                 1.7319479184152e-08
1351                 1.531219595563e-08
1353                 1.3518075547836e-08
1355                 1.1972645097558e-08
1357                 1.0569323194431e-08
1359                 9.3436369752453e-09
1361                 8.2600593032112e-09
1363                 7.283063041541e-09
1365                 6.4481753270229e-09
1367                 5.6843418860808e-09
1369                 5.0270898555027e-09
1371                 4.4408920985006e-09
1373                 3.9257486150746e-09
1375                 3.4638958368305e-09
1377                 3.0730973321624e-09
1379                 2.7178259642824e-09
1381                 2.3980817331903e-09
1383                 2.1138646388863e-09
1385                 1.8651746813703e-09
1387                 1.6520118606422e-09
1389                 1.4566126083082e-09
1391                 1.2789769243682e-09
1393                 1.1368683772162e-09
1395                 9.9475983006414e-10
1397                 8.8817841970013e-10
1399                 7.9936057773011e-10
1401                 6.927791673661e-10
1403                 6.0396132539609e-10
1405                 5.5067062021408e-10
1407                 4.6185277824407e-10
1409                 4.2632564145606e-10
1411                 3.7303493627405e-10
1413                 3.1974423109205e-10
1415                 2.8421709430404e-10
1417                 2.4868995751604e-10
1419                 2.3092638912203e-10
1421                 1.9539925233403e-10
1423                 1.7763568394003e-10
1425                 1.5987211554602e-10
1427                 1.5987211554602e-10
1429                 1.2434497875802e-10
1431                 1.0658141036402e-10
1433                 1.0658141036402e-10
1435                 8.8817841970013e-11
1437                 7.105427357601e-11
1439                 7.105427357601e-11
1441                 7.105427357601e-11
1443                 5.3290705182008e-11
1445                 5.3290705182008e-11
1447                 3.5527136788005e-11
1449                 5.3290705182008e-11
1451                 3.5527136788005e-11
1453                 1.7763568394003e-11
1455                 3.5527136788005e-11
1457                 1.7763568394003e-11
1459                 1.7763568394003e-11
1461                 1.7763568394003e-11
1463                 1.7763568394003e-11
1465                 1.7763568394003e-11
1467                 1.7763568394003e-11
1469                 1.7763568394003e-11
1471                 1.7763568394003e-11
1473                 1.7763568394003e-11
1475                 1.7763568394003e-11
1477                 -0
1479                 -0
1481                 -0
1483                 -1.7763568394003e-11
1485                 -1.7763568394003e-11
1487                 -1.7763568394003e-11
1489                 -0
1491                 -1.7763568394003e-11
1493                 -0
1495                 1.7763568394003e-11
1497                 -0
1499                 1.7763568394003e-11
1501                 -0
1503                 1.7763568394003e-11
1505                 -1.7763568394003e-11
1507                 -0
1509                 -0
1511                 -0
1513                 1.7763568394003e-11
1515                 -0
1517                 1.7763568394003e-11
1519                 -0
1521                 -0
1523                 -0
1525                 -0
1527                 1.7763568394003e-11
1529                 3.5527136788005e-11
1531                 1.7763568394003e-11
1533                 3.5527136788005e-11
1535                 3.5527136788005e-11
1537                 3.5527136788005e-11
1539                 1.7763568394003e-11
1541                 3.5527136788005e-11
1543                 3.5527136788005e-11
1545                 5.3290705182008e-11
1547                 3.5527136788005e-11
1549                 7.105427357601e-11
1551                 5.3290705182008e-11
1553                 8.8817841970013e-11
1555                 7.105427357601e-11
1557                 1.0658141036402e-10
1559                 8.8817841970013e-11
1561                 1.2434497875802e-10
1563                 1.0658141036402e-10
1565                 1.4210854715202e-10
1567                 1.5987211554602e-10
1569                 1.7763568394003e-10
1571                 1.9539925233403e-10
1573                 2.3092638912203e-10
1575                 2.4868995751604e-10
1577                 2.8421709430404e-10
1579                 3.1974423109205e-10
1581                 3.7303493627405e-10
1583                 4.2632564145606e-10
1585                 4.7961634663807e-10
1587                 5.5067062021408e-10
1589                 6.2172489379009e-10
1591                 6.927791673661e-10
1593                 7.8159700933611e-10
1595                 8.8817841970013e-10
1597                 1.0125233984581e-09
1599                 1.1546319456102e-09
1601                 1.2967404927622e-09
1603                 1.4566126083082e-09
1605                 1.6520118606422e-09
1607                 1.8829382497643e-09
1609                 2.1138646388863e-09
1611                 2.3980817331903e-09
1613                 2.7000623958884e-09
1615                 3.0730973321624e-09
1617                 3.4461322684365e-09
1619                 3.9257486150746e-09
1621                 4.4408920985006e-09
1623                 5.0270898555027e-09
1625                 5.6843418860808e-09
1627                 6.4126481902349e-09
1629                 7.283063041541e-09
1631                 8.2422957348172e-09
1633                 9.3258734068513e-09
1635                 1.0533796057643e-08
1637                 1.1901590823982e-08
1639                 1.3464784842654e-08
1641                 1.5205614545266e-08
1643                 1.7195134205394e-08
1645                 1.9415580254645e-08
1647                 2.1938006966593e-08
1649                 2.4797941478027e-08
1651                 2.8013147357342e-08
1653                 3.1654678878112e-08
1655                 3.5775826745521e-08
1657                 4.0447645233144e-08
1659                 4.5741188614556e-08
1661                 5.1691984026547e-08
1663                 5.8459903584662e-08
1665                 6.6098237994083e-08
1667                 7.4766859370357e-08
1669                 8.4554585555452e-08
1671                 9.5639052233309e-08
1673                 1.0816236795108e-07
1675                 1.2235545909789e-07
1677                 1.3839596135767e-07
1679                 1.5655032825634e-07
1681                 1.771027768882e-07
1683                 2.0037305148435e-07
1685                 2.2668089627587e-07
1687                 2.5647040047261e-07
1689                 2.9015012614764e-07
1691                 3.2827074392117e-07
1693                 3.714184515502e-07
1695                 4.2021497392852e-07
1697                 4.7544190806548e-07
1699                 5.3796966881237e-07
1701                 6.0868643458889e-07
1703                 6.8872907377227e-07
1705                 7.7930550901328e-07
1707                 8.8176577150989e-07
1709                 9.9772634598594e-07
1711                 1.1289458257124e-06
1713                 1.2774314939179e-06
1715                 1.4454393237884e-06
1717                 1.6355627963094e-06
1719                 1.8506796095608e-06
1721                 2.0941115508322e-06
1723                 2.369571205918e-06
1725                 2.6812685405275e-06
1727                 3.0339819545588e-06
1729                 3.4330938092353e-06
1731                 3.8847147720844e-06
1733                 4.3957371076431e-06
1735                 4.9740300767098e-06
1737                 5.6283688820713e-06
1739                 6.3688254670069e-06
1741                 7.2066619338784e-06
1743                 8.1547746333399e-06
1745                 9.2275875829273e-06
1747                 1.0441549846973e-05
1749                 1.1815242118018e-05
1751                 1.3369660933904e-05
1753                 1.5128556185573e-05
1755                 1.7118875206279e-05
1757                 1.9371046988681e-05
1759                 2.1919515091895e-05
1761                 2.4803270548546e-05
1763                 2.8066438062524e-05
1765                 3.1758879970312e-05
1767                 3.5937137710107e-05
1769                 4.0665089073855e-05
1771                 4.6015067312055e-05
1773                 5.2068891420731e-05
1775                 5.8919180645489e-05
1777                 6.6670722276285e-05
1779                 7.5442070368581e-05
1781                 8.5367410918025e-05
1783                 9.6598533616543e-05
1785                 0.00010930726546121
1787                 0.00012368799318097
1789                 0.00013996068304323
1791                 0.00015837423816834
1793                 0.00017921035322388
1795                 0.00020278767109971
1797                 0.00022946688105208
1799                 0.00025965606553768
1801                 0.00029381700628051
1803                 0.00033247220088128
1805                 0.00037621292747758
1807                 0.00042570823310939
1809                 0.00048171518329809
1811                 0.00054509042612949
1813                 0.00061680335505798
1815                 0.00069795081714119
1817                 0.00078977400619351
1819                 0.00089367732769574
1821                 0.001011250052585
1823                 0.001144290333599
1825                 0.001294833040788
1827                 0.0014651805457788
1829                 0.001657938177857
1831                 0.0018760539077789
1833                 0.0021228634672354
1835                 0.002402141259239
1837                 0.0027181581430114
1839                 0.0030757466262799
1841                 0.0034803746906675
1843                 0.0039382294048096
1845                 0.0044563112844287
1847                 0.0050425413533617
1849                 0.0057058819002975
1851                 0.0064564734358896
1853                 0.007305789271328
1855                 0.0082668106848871
1857                 0.0093542247014966
1859                 0.010584648020284
1861                 0.011976880269771
1863                 0.013552189930266
1865                 0.015334638394648
1867                 0.017351445524838
1869                 0.019633403400832
1871                 0.022215343733478
1873                 0.02513666618853
1875                 0.02844193518925
1877                 0.032181554114885
1879                 0.036412526895901
1881                 0.041199317735163
1883                 0.046614821567204
1885                 0.052741459146688
1887                 0.05967241246907
1889                 0.067513017221188
1891                 0.07638233265439
1893                 0.086414909095112
1895                 0.097762778299426
1897                 0.11059769143174
1899                 0.12511363527423
1901                 0.14152965698955
1903                 0.16009303330122
1905                 0.1810828206672
1907                 0.20481382815518
1909                 0.23164105497742
1911                 0.26196463924322
1913                 0.29623536494938
1915                 0.33496077579187
1917                 0.37871194413341
1919                 0.42813094143668
1921                 0.48393905276001
1923                 0.54694577009684
1925                 0.61805858916131
1927                 0.6982936172939
1929                 0.78878697792106
1931                 0.89080696675126
1933                 1.005766873643
1935                 1.1352383326546
1937                 1.2809649958712
1939                 1.4448762434327
1941                 1.6291005415781
1943                 1.835977938196
1945                 2.0680710429133
1947                 2.3281736755898
1949                 2.619316186685
1951                 2.9447662608284
1953                 3.3080238231875
1955                 3.7128084915139
1957                 4.1630378816393
1959                 4.6627950093558
1961                 5.2162830809444
1963                 5.8277661714179
1965                 6.5014947108466
1967                 7.2416153762234
1969                 8.0520659640904
1971                 8.9364571008588
1973                 9.8979442071823
1975                 10.939094875102
1977                 12.061758584707
1979                 13.266947240709
1981                 14.554736058638
1983                 15.924194560419
1985                 17.373356573831
1987                 18.899236013823
1989                 20.497891889271
1991                 22.164541697247
1993                 23.893717657302
1995                 25.679455773577
1997                 27.515504229161
1999                 29.395535707568
2001                 25.769200889325
2003                 21.676526058467
2005                 18.374802587697
2007                 15.675578175092
2009                 13.444051691049
2011                 11.581630137876
2013                 10.014731195263
2015                 8.6874281057447
2017                 7.5565109267117
2019                 6.5881006665691
2021                 5.7552824403473
2023                 5.0364207178077
2025                 4.4139397489396
2027                 3.8734268390783
2029                 3.4029633901334
2031                 2.9926191005991
2033                 2.6340647231216
2035                 2.3202721257043
2037                 2.0452794487369
2039                 1.8040053703849
2041                 1.5921008283648
2043                 1.4058296080499
2045                 1.2419713949363
2047                 1.0977424715897
2049                 0.97073039469819
2051                 0.858839840987
2053                 0.76024744663172
2055                 0.6733639424894
2057                 0.5968022507119
2059                 0.52935048440617
2061                 0.46994900717579
2063                 0.4176708741177
2065                 0.37170510674756
2067                 0.33134235573939
2069                 0.29596258782405
2071                 0.2650244967306
2073                 0.23805639177255
2075                 0.21464835858964
2077                 0.19444552268766
2079                 0.17714227329435
2081                 0.16247732993691
2083                 0.15022955274446
2085                 0.14021441494094
2087                 0.13228106919172
2089                 0.12630995238183
2091                 0.12221088285358
2093                 0.11992161450536
2095                 0.119406819028
2097                 0.12065747561962
2099                 0.12369065395035
2101                 0.12854968215237
2103                 0.13530469727741
2105                 0.14405358109926
2107                 0.1549232890774
2109                 0.16807158530696
2111                 0.18368920095213
2113                 0.20200243742607
2115                 0.22327624099816
2117                 0.2478177782983
2119                 0.27598054559874
2121                 0.30816904924791
2123                 0.34484409372482
2125                 0.38652871845457
2127                 0.4338148205818
2129                 0.48737050114767
2131                 0.547948165881
2133                 0.61639340382058
2135                 0.69365465485305
2137                 0.78079365920303
2139                 0.8789966574696
2141                 0.98958627724244
2143                 1.1140339992544
2145                 1.2539730413508
2147                 1.4112114297404
2149                 1.5877449414958
2151                 1.7857694993317
2153                 2.0076924765888
2155                 2.2561422277967
2157                 2.5339749990216
2159                 2.8442781948179
2161                 3.1903687947832
2163                 3.5757855305008
2165                 4.0042732731571
2167                 4.4797579679923
2169                 5.0063104138509
2171                 5.5880972699462
2173                 6.2293179209405
2175                 6.9341262994094
2177                 7.7065374971674
2179                 8.5503200291015
2181                 9.4688759484463
2183                 10.465112613112
2185                 11.54131166615
2187                 12.699002541101
2189                 13.938849287545
2191                 15.260560417119
2193                 16.662831478857
2195                 18.143328906302
2197                 19.698721211743
2199                 21.324759908676
2201                 23.016407976293
2203                 24.768008823148
2205                 26.573484320043
2207                 28.426547302658
2209                 30.320912574933
2211                 32.250491121371
2213                 34.209554815217
2215                 36.19286288858
2217                 38.195746075367
2219                 40.214148881876
2221                 42.244634228208
2223                 44.284357331286
2225                 46.331017030266
2227                 48.382792892259
2229                 50.438275646982
2231                 52.496397123871
2233                 54.556364231235
2235                 56.617599897457
2237                 58.679692475003
2239                 60.742353986676
2241                 62.805386800395
2243                 64.868657827812
2245                 66.932079104554
2247                 68.995593555119
2249                 71.059164817306
2251                 73.122770141296
2253                 75.186395547249
2255                 77.250032596474
2257                 79.313676284549
2259                 81.377323695424
2261                 83.440973159572
2263                 85.504623737442
2265                 87.568274909593
2267                 89.631926393583
2269                 91.695578038546
2271                 93.759229765276
2273                 95.822881532843
2275                 97.88653332043
2277                 99.950185117734
2279                 102.01383691967
2281                 104.07748872375
2283                 106.14114052881
2285                 108.20479233434
2287                 110.26844414006
2289                 112.33209594586
2291                 114.39574775171
2293                 116.45939955757
2295                 118.52305136342
2297                 120.58670316931
2299                 122.65035497519
2301                 124.71400678105
2303                 126.7776585869
2305                 128.84131039279
2307                 130.90496219865
2309                 132.96861400452
2311                 135.0322658104
2313                 137.09591761627
2315                 139.15956942213
2317                 141.223221228
2319                 143.28687303387
2321                 145.35052483973
2323                 147.41417664561
2325                 149.47782845148
2327                 151.54148025735
2329                 153.60513206321
2331                 155.66878386908
2333                 157.73243567496
2335                 159.79608748083
2337                 161.85973928671
2339                 163.92339109258
2341                 165.98704289844
2343                 168.05069470433
2345                 170.11434651019
2347                 172.17799831606
2349                 174.24165012194
2351                 176.30530192783
2353                 178.36895373369
2355                 180.43260553956
2357                 182.49625734542
2359                 184.55990915129
2361                 186.62356095717
2363                 188.68721276306
2365                 190.7508645689
2367                 192.81451637479
2369                 194.87816818067
2371                 196.94181998654
2373                 199.0054717924
2375                 201.06912359829
2377                 203.13277540417
2379                 205.19642721002
2381                 207.26007901592
2383                 209.32373082175
2385                 211.38738262765
2387                 213.45103443354
2389                 215.51468623938
2391                 217.57833804527
2393                 219.64198985114
2395                 221.70564165702
2397                 223.76929346289
2399                 225.83294526877
2401                 227.89659707464
2403                 229.96024888052
2405                 232.02390068638
2407                 234.08755249227
2409                 236.15120429813
2411                 238.21485610401
2413                 240.27850790988
2415                 242.34215971575
2417                 244.40581152162
2419                 246.4694633275
2421                 248.53311513336
2423                 250.59676693924
2425                 252.66041874511
2427                 254.724070551
2429                 256.78772235686
2431                 258.85137416274
2433                 260.9150259686
2435                 262.97867777449
2437                 265.04232958037
2439                 267.10598138624
2441                 269.1696331921
2443                 271.23328499798
2445                 273.29693680384
2447                 275.36058860973
2449                 277.42424041558
2451                 279.48789222145
2453                 281.55154402732
2455                 283.6151958332
2457                 285.67884763906
2459                 287.74249944494
2461                 289.80615125082
2463                 291.8698030567
2465                 293.93345486256
2467                 295.99710666844
2469                 298.0607584743
2471                 300.12441028018
2473                 302.18806208604
2475                 304.25171389191
2477                 306.31536569779
2479                 308.37901750365
2481                 310.44266930953
2483                 312.5063211154
2485                 314.56997292127
2487                 316.63362472715
2489                 318.69727653302
2491                 320.7609283389
2493                 322.82458014477
2495                 324.88823195065
2497                 326.95188375651
2499                 329.01553556239
2501                 331.07918736826
2503                 333.14283917414
2505                 335.20649098001
2507                 337.27014278589
2509                 339.33379459176
2511                 341.39744639765
2513                 343.46109820352
2515                 345.52475000939
2517                 347.58840181526
2519                 349.65205362114
2521                 351.71570542701
2523                 353.77935723288
2525                 355.84300903876
2527                 357.90666084464
2529                 359.97031265052
2531                 362.03396445638
2533                 364.09761626225
2535                 366.16126806813
2537                 368.22491987401
2539                 370.28857167988
2541                 372.35222348576
2543                 374.41587529163
2545                 376.4795270975
2547                 378.54317890337
2549                 380.60683070924
2551                 408.75160795461
2553                 408.89510619555
2555                 409.03860443646
2557                 409.18210267738
2559                 409.32560091829
2561                 409.46909915921
2563                 409.61259740012
2565                 409.75609564105
2567                 409.89959388195
2569                 410.04309212288
2571                 410.18659036379
2573                 410.33008860471
2575                 410.47358684562
2577                 410.61708508654
2579                 410.76058332746
2581                 410.90408156839
2583                 411.04757980929
2585                 411.19107805021
2587                 411.33457629114
2589                 411.47807453205
2591                 411.62157277298
2593                 411.76507101389
2595                 411.90856925481
2597                 412.05206749573
2599                 412.19556573666
2601                 412.33906397757
2603                 412.48256221849
2605                 412.62606045941
2607                 412.76955870033
2609                 412.91305694124
2611                 413.05655518216
2613                 413.20005342307
2615                 413.343551664
2617                 413.48704990491
2619                 413.63054814584
2621                 413.77404638674
2623                 413.91754462767
2625                 414.06104286858
2627                 414.20454110949
2629                 414.34803935041
2631                 414.49153759133
2633                 414.63503583225
2635                 414.77853407317
2637                 414.92203231408
2639                 415.065530555
2641                 415.20902879592
2643                 415.35252703683
2645                 415.49602527775
2647                 415.63952351867
2649                 415.78302175959
2651                 415.92652000051
2653                 416.07001824143
2655                 416.21351648235
2657                 416.35701472326
2659                 416.50051296418
2661                 416.6440112051
2663                 416.78750944603
2665                 416.93100768694
2667                 417.07450592786
2669                 417.21800416878
2671                 417.36150240969
2673                 417.50500065061
2675                 417.64849889154
2677                 417.79199713246
2679                 417.93549537337
2681                 418.0789936143
2683                 418.22249185522
2685                 418.36599009613
2687                 418.50948833705
2689                 418.65298657797
2691                 418.79648481889
2693                 418.93998305981
2695                 419.08348130072
2697                 419.22697954164
2699                 419.37047778255
2701                 419.51397602347
2703                 419.65747426439
2705                 419.80097250531
2707                 419.94447074623
2709                 420.08796898715
2711                 420.23146722807
2713                 420.37496546898
2715                 420.5184637099
2717                 420.66196195082
2719                 420.80546019174
2721                 420.94895843265
2723                 421.09245667357
2725                 421.23595491449
2727                 421.37945315541
2729                 421.52295139632
2731                 421.66644963725
2733                 421.80994787816
2735                 421.95344611908
2737                 422.09694436
2739                 422.24044260091
2740.9774419792      394.43446645056
2742.8832025866      394.56215561677
2744.6931852871      394.68342750211
2746.4122035958      394.79860462019
2748.0448291145      394.90799327604
2749.5954036903      395.01188438069
2751.0680509614      395.11055422487
2752.4666873243      395.2042652137
2753.795032349       395.29326656463
2755.0566186707      395.3777949702
2756.2548013851      395.45807522741
2757.3927669703      395.53432083569
2758.4735417618      395.60673456459
2759.5               395.67550899307
2760.5               420.30321634853
2761.5               413.41530078447
2762.5               406.52738522043
2763.5               399.63946965637
2764.5               392.75155409232
2765.5               385.86363852827
2766.5               378.97572296421
2767.5               372.08780740016
2768.5               365.19989183611
2769.5               358.31197627206
2770.5               351.42406070801
2771.5               344.53614514396
2772.5               337.6482295799
2773.5               330.76031401585
2774.5               323.8723984518
2775.5               316.98448288775
2776.5               310.0965673237
2777.5               303.20865175966
2778.5               296.32073619563
2779.5               289.43282063167
2780.5               282.54490506789
2781.5               275.65698950464
2782.5               268.76907394294
2783.5               261.88115838552
2784.5               254.99324283972
2785.5               248.10532732461
2786.5               241.21741188834
2787.5               234.32949664916
2788.5               227.4415818893
2789.5               220.55366826368
2790.5               213.66575724912
2791.5               206.777852082
2792.5               199.88995965333
2793.5               193.0020942169
2794.5               186.11428440916
2795.5               179.22658609747
2796.5               172.33910509545
2797.5               165.45203591748
2798.5               158.56572550219
2799.5               151.68077404082
2800.5               144.79818819736
2801.5               137.91960415596
2802.5               131.04759762089
2803.5               124.18609326287
2804.5               117.34087523607
2805.5               110.52018198883
2806.5               103.73534293384
2807.5               97.001384470197
2808.5               90.337504357663
2809.5               83.76729529938
2810.5               77.318600491296
2811.5               71.02291320106
2812.5               64.914290326632
2813.5               59.027828609917
2814.5               53.397835280977
2815.5               48.055891269458
2816.5               43.029035925384
2817.5               38.338287930797
2818.5               33.99766128958
2819.5               30.013753135067
2820.5               26.385892622012
2821.5               23.106766924559
2822.5               20.163393811463
2823.5               17.538293761732
2824.5               15.210723773971
2825.5               13.157861243229
2826.5               11.355860065614
2827.5               9.7807347137735
2828.5               8.4090564256023
2829.5               7.2184666350728
2830.5               6.1880262007197
2831.5               5.2984259458677
2832.5               4.5320861227593
2833.5               3.8731712763096
2834.5               3.3075439899211
2835.5               2.8226771766082
2836.5               2.4075406273605
2837.5               2.0524738592398
2838.5               1.7490541263632
2839.5               1.4899658379752
2840.5               1.2688755554491
2841.5               1.0803151562788
2842.5               0.91957458183467
2843.5               0.78260474723146
2844.5               0.66593061428977
2845.5               0.5665740486438
2846.5               0.48198584873482
2847.5               0.40998620634225
2848.5               0.34871280401916
2849.5               0.29657575062236
2850.5               0.25221858396929
2851.5               0.21448461754225
2852.5               0.18238796639869
2853.5               0.15508865042424
2854.5               0.13187123629299
2855.5               0.11212654052573
2856.5               0.095335973220312
2857.5               0.081058154637326
2858.5               0.068917484132847
2859.5               0.058594383651744
2860.5               0.049816975351558
2861.5               0.042353986235977
2862.5               0.036008701442825
2863.5               0.030613813082336
2864.5               0.026027033408482
2865.5               0.022127359804447
2866.5               0.018811895508009
2867.5               0.015993143880344
2868.5               0.013596706036623
2869.5               0.011559322015131
2870.5               0.0098272043791425
2871.5               0.0083546207396701
2872.5               0.0071026881687253
2873.5               0.0060383478062143
2874.5               0.0051334928774516
2875.5               0.0043642271463362
2876.5               0.0037102343375395
2877.5               0.003154241958736
2878.5               0.0026815653675349
2879.5               0.0022797201237879
2880.5               0.001938092384357
2881.5               0.0016476586583991
2882.5               0.0014007475379607
2883.5               0.0011908371244651
2884.5               0.0010123828020348
2885.5               0.00086067078353125
2886.5               0.00073169365011339
2887.5               0.00062204448925129
2888.5               0.00052882691781164
2889.5               0.00044957857880945
2890.5               0.0003822061134251
2891.5               0.00032492984969323
2892.5               0.00027623682230526
2893.5               0.00023484077127378
2894.5               0.00019964820241469
2895.5               0.0001697294882419
2896.5               0.0001442943009522
2897.5               0.00012267075577554
2898.5               0.000104287654068
2899.5               8.8659390939938e-05
2900.5               7.5373136620982e-05
2901.5               6.4077918526806e-05
2902.5               5.4475375321772e-05
2903.5               4.6311841028768e-05
2904.5               3.9371670368382e-05
2905.5               3.3471538873897e-05
2906.5               2.8455580114439e-05
2907.5               2.4191304515142e-05
2908.5               2.0566057745697e-05
2909.5               1.7484083070229e-05
2910.5               1.4863965613898e-05
2911.5               1.2636491852902e-05
2912.5               1.0742819966936e-05
2913.5               9.1329277474017e-06
2914.5               7.7642936524569e-06
2915.5               6.6007554977432e-06
2916.5               5.611584530385e-06
2917.5               4.7706483208287e-06
2918.5               4.0557290859056e-06
2919.5               3.4479508137508e-06
2920.5               2.9312463567521e-06
2921.5               2.491979955721e-06
2922.5               2.11853867782e-06
2923.5               1.8010593016982e-06
2924.5               1.5311596435197e-06
2925.5               1.3017031896823e-06
2926.5               1.1066347838096e-06
2927.5               9.4079632972921e-07
2928.5               7.9981132827811e-07
2929.5               6.7995609143168e-07
2930.5               5.7805760178553e-07
2931.5               4.9142911962008e-07
2932.5               4.1778802639669e-07
2933.5               3.5517810914598e-07
2934.5               3.019517968994e-07
2935.5               2.5670132686173e-07
2936.5               2.1823431950452e-07
2937.5               1.8552714919906e-07
2938.5               1.5772716466245e-07
2939.5               1.3408829602213e-07
2940.5               1.1399547972246e-07
2941.5               9.691136781953e-08
2942.5               8.2389650657433e-08
2943.5               7.0041750177552e-08
2944.5               5.9543481256696e-08
2945.5               5.0621729030809e-08
2946.5               4.303446488052e-08
2947.5               3.6586289553497e-08
2948.5               3.1104008257898e-08
2949.5               2.6443292000522e-08
2950.5               2.247979580261e-08
2951.5               1.9113599591947e-08
2952.5               1.6247003742365e-08
2953.5               1.3813394872386e-08
2954.5               1.1741718708436e-08
2955.5               9.9831254374294e-09
2956.5               8.4887652462839e-09
2957.5               7.2164496600635e-09
2958.5               6.1350924340786e-09
2959.5               5.215827769689e-09
2960.5               4.4364512064021e-09
2961.5               3.770317391627e-09
2962.5               3.2041036490682e-09
2963.5               2.7244873024301e-09
2964.5               2.3159252293681e-09
2965.5               1.969535645685e-09
2966.5               1.6742163211347e-09
2967.5               1.4233059175695e-09
2968.5               1.2123635428907e-09
2969.5               1.0280665208029e-09
2970.5               8.7485574340462e-10
2971.5               7.4384942649885e-10
2972.5               6.3060667798709e-10
2973.5               5.3734794391858e-10
2974.5               4.5519144009631e-10
2975.5               3.8635761256955e-10
2976.5               3.2862601528905e-10
2977.5               2.7977620220554e-10
2978.5               2.3536728122053e-10
2979.5               2.0206059048178e-10
2980.5               1.7097434579227e-10
2981.5               1.4654943925052e-10
2982.5               1.2434497875802e-10
2983.5               1.0436096431476e-10
2984.5               9.1038288019263e-11
2985.5               7.7715611723761e-11
2986.5               6.6613381477509e-11
2987.5               5.5511151231258e-11
2988.5               4.8849813083507e-11
2989.5               3.9968028886506e-11
2990.5               3.3306690738755e-11
2991.5               2.6645352591004e-11
2992.5               2.6645352591004e-11
2993.5               1.9984014443253e-11
2994.5               1.7763568394003e-11
2995.5               1.5543122344752e-11
2996.5               1.3322676295502e-11
2997.5               8.8817841970013e-12
2998.5               8.8817841970013e-12
2999.5               8.8817841970013e-12
3000.5               6.6613381477509e-12
3001.5               4.4408920985006e-12
3002.5               6.6613381477509e-12
3003.5               4.4408920985006e-12
3004.5               4.4408920985006e-12
3005.5               4.4408920985006e-12
3006.5               2.2204460492503e-12
3007.5               2.2204460492503e-12
3008.5               -0
3009.5               -0
3010.5               -2.2204460492503e-12
3011.5               -0
3012.5               -0
3013.5               2.2204460492503e-12
3014.5               -0
3015.5               -0
3016.5               2.2204460492503e-12
3017.5               -0
3018.5               2.2204460492503e-12
3019.5               2.2204460492503e-12
3020.5               2.2204460492503e-12
3021.5               2.2204460492503e-12
3022.5               2.2204460492503e-12
3023.5               2.2204460492503e-12
3024.5               4.4408920985006e-12
3025.5               -0
3026.5               2.2204460492503e-12
3027.5               2.2204460492503e-12
3028.5               -0
3029.5               2.2204460492503e-12
3030.5               2.2204460492503e-12
3031.5               -0
3032.5               -0
3033.5               -0
3034.5               -0
3035.5               -2.2204460492503e-12
3036.5               -0
3037.5               -0
3038.5               -0
3039.5               -2.2204460492503e-12
3040.5               -0
3041.5               -0
3042.5               -2.2204460492503e-12
3043.5               -2.2204460492503e-12
3044.5               -2.2204460492503e-12
3045.5               -0
3046.5               -2.2204460492503e-12
3047.5               2.2204460492503e-12
3048.5               -0
3049.5               2.2204460492503e-12
3050.5               -0
3051.5               -0
3052.5               2.2204460492503e-12
3053.5               -0
3054.5               -2.2204460492503e-12
3055.5               -0
3056.5               -2.2204460492503e-12
3057.5               -2.2204460492503e-12
3058.5               -0
3059.5               -2.2204460492503e-12
3060.5               -0
3061.5               -0
3062.5               -0
3063.5               -0
3064.5               -0
3065.5               -0
3066.5               -2.2204460492503e-12
3067.5               -2.2204460492503e-12
3068.5               -4.4408920985006e-12
3069.5               -2.2204460492503e-12
3070.5               -2.2204460492503e-12
3071.5               -2.2204460492503e-12
3072.5               -2.2204460492503e-12
3073.5               -0
3074.5               -0
3075.5               -0
3076.5               -0
3077.5               2.2204460492503e-12
3078.5               -0
3079.5               2.2204460492503e-12
3080.5               -0
3081.5               2.2204460492503e-12
3082.5               -0
3083.5               2.2204460492503e-12
3084.5               -0
3085.5               -0
3086.5               -0
3087.5               2.2204460492503e-12
3088.5               -0
3089.5               4.4408920985006e-12
3090.5               2.2204460492503e-12
3091.5               2.2204460492503e-12
3092.5               2.2204460492503e-12
3093.5               2.2204460492503e-12
3094.5               2.2204460492503e-12
3095.5               2.2204460492503e-12
3096.5               -0
3097.5               -0
3098.5               -0
3099.5               -0
3100.5               -0
3101.5               -2.2204460492503e-12
3102.5               -0
3103.5               -0
3104.5               -2.2204460492503e-12
3105.5               -2.2204460492503e-12
3106.5               -2.2204460492503e-12
3107.5               -4.4408920985006e-12
3108.5               -0
3109.5               -2.2204460492503e-12
3110.5               -2.2204460492503e-12
3111.5               -0
3112.5               -0
3113.5               -0
3114.5               -0
3115.5               -0
3116.5               -0
3117.5               2.2204460492503e-12
3118.5               2.2204460492503e-12
3119.5               -0
3120.5               2.2204460492503e-12
3121.5               -0
3122.5               2.2204460492503e-12
3123.5               -2.2204460492503e-12
3124.5               -0
3125.5               2.2204460492503e-12
3126.5               -0
3127.5               2.2204460492503e-12
3128.5               -0
3129.5               2.2204460492503e-12
3130.5               -0
3131.5               -0
3132.5               -0
3133.5               -2.2204460492503e-12
3134.5               -2.2204460492503e-12
3135.5               -2.2204460492503e-12
3136.5               -4.4408920985006e-12
3137.5               -2.2204460492503e-12
3138.5               -0
3139.5               -0
3140.5               -0
3141.5               2.2204460492503e-12
3142.5               2.2204460492503e-12
3143.5               2.2204460492503e-12
3144.5               2.2204460492503e-12
3145.5               -0
3146.5               -0
3147.5               -2.2204460492503e-12
3148.5               -0
3149.5               -0
3150.5               -2.2204460492503e-12
3151.5               -0
3152.5               2.2204460492503e-12
3153.5               -0
3154.5               2.2204460492503e-12
3155.5               -0
3156.5               2.2204460492503e-12
3157.5               -0
3158.5               2.2204460492503e-12
3159.5               -0
3160.5               2.2204460492503e-12
3161.5               -0
3162.5               -0
3163.5               -0
3164.5               -2.2204460492503e-12
3165.5               -0
3166.5               -2.2204460492503e-12
3167.5               -4.4408920985006e-12
3168.5               -2.2204460492503e-12
3169.5               -2.2204460492503e-12
3170.5               -2.2204460492503e-12
3171.5               -0
3172.5               -2.2204460492503e-12
3173.5               -0
3174.5               -0
3175.5               -2.2204460492503e-12
3176.5               -0
3177.5               -0
3178.5               -0
3179.5               2.2204460492503e-12
3180.5               -0
3181.5               2.2204460492503e-12
3182.5               2.2204460492503e-12
3183.5               -0
3184.5               -0
3185.5               -2.2204460492503e-12
3186.5               -0
3187.5               -0
3188.5               -0
3189.5               -0
3190.5               -2.2204460492503e-12
3191.5               -0
3192.5               -0
3193.5               -2.2204460492503e-12
3194.5               -0
3195.5               -0
3196.5               -0
3197.5               -0
3198.5               -0
3199.5               -0
3200.5               -0
3201.5               -0
3202.5               -0
3203.5               -0
3204.5               -0
3205.5               -0
3206.5               2.2204460492503e-12
3207.5               -0
3208.5               2.2204460492503e-12
3209.5               -0
3210.5               -0
3211.5               2.2204460492503e-12
3212.5               -0
3213.5               2.2204460492503e-12
3214.5               -0
3215.5               -0
3216.5               -0
3217.5               -0
3218.5               -0
3219.5               -2.2204460492503e-12
3220.5               -0
3221.5               -2.2204460492503e-12
3222.5               -2.2204460492503e-12
3223.5               -2.2204460492503e-12
3224.5               -0
3225.5               -0
3226.5               -0
3227.5               -0
3228.5               2.2204460492503e-12
3229.5               2.2204460492503e-12
3230.5               2.2204460492503e-12
3231.5               -0
3232.5               2.2204460492503e-12
3233.5               -0
3234.5               -0
3235.5               -0
3236.5               -0
3237.5               -0
3238.5               -0
3239.5               -2.2204460492503e-12
3240.5               -2.2204460492503e-12
3241.5               -2.2204460492503e-12
3242.5               -2.2204460492503e-12
3243.5               -0
3244.5               -0
3245.5               -0
3246.5               -2.2204460492503e-12
3247.5               -0
3248.5               -0
3249.5               -2.2204460492503e-12
3250.5               -0
3251.5               -2.2204460492503e-12
3252.5               -0
3253.5               -0
3254.5               -0
3255.5               2.2204460492503e-12
3256.5               2.2204460492503e-12
3257.5               2.2204460492503e-12
3258.5               -0
3259.5               2.2204460492503e-12
3260.5               4.4408920985006e-12
3261.5               2.2204460492503e-12
3262.5               2.2204460492503e-12
3263.5               -0
3264.5               -0
3265.5               -0
3266.5               -0
3267.5               -2.2204460492503e-12
3268.5               -0
3269.5               -2.2204460492503e-12
3270.5               -0
3271.5               -0
3272.5               -0
3273.5               -0
3274.5               -0
3275.5               -2.2204460492503e-12
3276.5               -0
3277.5               -0
3278.5               -0
3279.5               -0
3280.5               -0
3281.5               -0
3282.5               2.2204460492503e-12
3283.5               -0
3284.5               -0
3285.5               -0
3286.5               -0
3287.5               -0
3288.5               -0
3289.5               -2.2204460492503e-12
3290.5               -2.2204460492503e-12
3291.5               -0
3292.5               -0
3293.5               -0
3294.5               -0
3295.5               -0
3296.5               2.2204460492503e-12
3297.5               2.2204460492503e-12
3298.5               -0
3299.5               2.2204460492503e-12
3300.5               2.2204460492503e-12
3301.5               2.2204460492503e-12
3302.5               -0
3303.5               -0
3304.5               -0
3305.5               -0
3306.5               -2.2204460492503e-12
3307.5               -2.2204460492503e-12
3308.5               -2.2204460492503e-12
3309.5               -2.2204460492503e-12
3310.5               -4.4408920985006e-12
3311.5               -4.4408920985006e-12
3312.5               -2.2204460492503e-12
3313.5               -2.2204460492503e-12
3314.5               -2.2204460492503e-12
3315.5               -2.2204460492503e-12
3316.5               -0
3317.5               -0
3318.5               -2.2204460492503e-12
3319.5               -0
3320.5               -0
3321.5               2.2204460492503e-12
3322.5               -0
3323.5               -0
3324.5               -0
3325.5               -0
3326.5               -0
3327.5               -0
3328.5               -0
3329.5               2.2204460492503e-12
3330.5               -0
3331.5               -0
3332.5               2.2204460492503e-12
3333.5               -0
3334.5               -0
3335.5               -0
3336.5               -0
3337.5               -0
3338.5               -0
3339.5               2.2204460492503e-12
3340.5               -0
3341.5               2.2204460492503e-12
3342.5               2.2204460492503e-12
3343.5               -0
3344.5               2.2204460492503e-12
3345.5               2.2204460492503e-12
3346.5               -0
3347.5               4.4408920985006e-12
3348.5               2.2204460492503e-12
3349.5               2.2204460492503e-12
3350.5               2.2204460492503e-12
3351.5               2.2204460492503e-12
3352.5               2.2204460492503e-12
3353.5               -0
3354.5               2.2204460492503e-12
3355.5               -0
3356.5               -0
3357.5               -0
3358.5               -0
3359.5               -0
3360.5               -0
3361.5               -0
3362.5               -0
3363.5               -0
3364.5               -0
3365.5               -0
3366.5               -0
3367.5               -0
3368.5               2.2204460492503e-12
3369.5               2.2204460492503e-12
3370.5               -0
3371.5               -0
3372.5               2.2204460492503e-12
3373.5               -2.2204460492503e-12
3374.5               -0
3375.5               2.2204460492503e-12
3376.5               -0
3377.5               -0
3378.5               -2.2204460492503e-12
3379.5               -0
3380.5               -2.2204460492503e-12
3381.5               -2.2204460492503e-12
3382.5               -4.4408920985006e-12
3383.5               -2.2204460492503e-12
3384.5               -2.2204460492503e-12
3385.5               -2.2204460492503e-12
3386.5               -2.2204460492503e-12
3387.5               -0
3388.5               -0
3389.5               -0
3390.5               -0
3391.5               2.2204460492503e-12
3392.5               -0
3393.5               -2.2204460492503e-12
3394.5               -0
3395.5               -0
3396.5               -0
3397.5               -0
3398.5               -0
3399.5               2.2204460492503e-12
3400.5               -0
3401.5               -0
3402.5               2.2204460492503e-12
3403.5               -0
3404.5               -0
3405.5               -0
3406.5               -0
3407.5               -0
3408.5               -2.2204460492503e-12
3409.5               -0
3410.5               -2.2204460492503e-12
3411.5               -2.2204460492503e-12
3412.5               -2.2204460492503e-12
3413.5               -0
3414.5               -0
3415.5               2.2204460492503e-12
3416.5               2.2204460492503e-12
3417.5               2.2204460492503e-12
3418.5               -0
3419.5               2.2204460492503e-12
3420.5               -0
3421.5               -0
3422.5               -0
3423.5               -0
3424.5               -2.2204460492503e-12
3425.5               -2.2204460492503e-12
3426.5               -2.2204460492503e-12
3427.5               -0
3428.5               -0
3429.5               -0
3430.5               -0
3431.5               -0
3432.5               2.2204460492503e-12
3433.5               -0
3434.5               2.2204460492503e-12
3435.5               -0
3436.5               -0
3437.5               -2.2204460492503e-12
3438.5               -0
3439.5               2.2204460492503e-12
3440.5               2.2204460492503e-12
3441.5               2.2204460492503e-12
3442.5               4.4408920985006e-12
3443.5               2.2204460492503e-12
3444.5               2.2204460492503e-12
3445.5               -0
3446.5               -0
3447.5               2.2204460492503e-12
3448.5               2.2204460492503e-12
3449.5               -0
3450.5               2.2204460492503e-12
3451.5               -0
3452.5               -0
3453.5               -0
3454.5               -0
3455.5               2.2204460492503e-12
3456.5               -0
3457.5               -0
3458.5               2.2204460492503e-12
3459.5               -0
3460.5               -2.2204460492503e-12
3461.5               -0
3462.5               -0
3463.5               -2.2204460492503e-12
3464.5               -0
3465.5               -0
3466.5               -2.2204460492503e-12
3467.5               -2.2204460492503e-12
3468.5               -0
3469.5               -2.2204460492503e-12
3470.5               -2.2204460492503e-12
3471.5               -0
3472.5               -0
3473.5               -0
3474.5               -0
3475.5               2.2204460492503e-12
3476.5               -0
3477.5               -0
3478.5               2.2204460492503e-12
3479.5               -2.2204460492503e-12
3480.5               -0
3481.5               -2.2204460492503e-12
3482.5               -2.2204460492503e-12
3483.5               -0
3484.5               -0
3485.5               -2.2204460492503e-12
3486.5               -0
3487.5               -2.2204460492503e-12
3488.5               -2.2204460492503e-12
3489.5               -2.2204460492503e-12
3490.5               -2.2204460492503e-12
3491.5               -2.2204460492503e-12
3492.5               -2.2204460492503e-12
3493.5               -2.2204460492503e-12
3494.5               -2.2204460492503e-12
3495.5               -0
3496.5               -2.2204460492503e-12
3497.5               -0
3498.5               -0
3499.5               2.2204460492503e-12
3500.5               -0
3501.5               2.2204460492503e-12
3502.5               2.2204460492503e-12
3503.5               2.2204460492503e-12
3504.5               2.2204460492503e-12
3505.5               4.4408920985006e-12
3506.5               2.2204460492503e-12
3507.5               2.2204460492503e-12
3508.5               -0
3509.5               -0
3510.5               -2.2204460492503e-12
3511.5               -0
3512.5               -0
3513.5               -0
3514.5               2.2204460492503e-12
3515.5               -0
3516.5               2.2204460492503e-12
3517.5               -0
3518.5               -0
3519.5               -0
3520.5               -0
3521.5               -2.2204460492503e-12
3522.5               -2.2204460492503e-12
3523.5               -0
3524.5               -2.2204460492503e-12
3525.5               2.2204460492503e-12
3526.5               -0
3527.5               2.2204460492503e-12
3528.5               -0
3529.5               -0
3530.5               -0
3531.5               -0
3532.5               -0
3533.5               -0
3534.5               -0
3535.5               -2.2204460492503e-12
3536.5               -0
3537.5               -2.2204460492503e-12
3538.5               -0
3539.5               -2.2204460492503e-12
3540.5               -0
3541.5               -2.2204460492503e-12
3542.5               -4.4408920985006e-12
3543.5               -2.2204460492503e-12
3544.5               -4.4408920985006e-12
3545.5               -2.2204460492503e-12
3546.5               -2.2204460492503e-12
3547.5               -6.6613381477509e-12
3548.5               -4.4408920985006e-12
3549.5               -6.6613381477509e-12
3550.5               -6.6613381477509e-12
3551.5               -6.6613381477509e-12
3552.5               -8.8817841970013e-12
3553.5               -1.1102230246252e-11
3554.5               -1.5543122344752e-11
3555.5               -1.3322676295502e-11
3556.5               -1.7763568394003e-11
3557.5               -1.9984014443253e-11
3558.5               -2.4424906541753e-11
3559.5               -3.1086244689504e-11
3560.5               -3.5527136788005e-11
3561.5               -4.2188474935756e-11
3562.5               -4.6629367034257e-11
3563.5               -5.7731597280508e-11
3564.5               -6.883382752676e-11
3565.5               -7.7715611723761e-11
3566.5               -9.3258734068513e-11
3567.5               -1.0658141036402e-10
3568.5               -1.2656542480727e-10
3569.5               -1.5099033134902e-10
3570.5               -1.7763568394003e-10
3571.5               -2.0650148258028e-10
3572.5               -2.4202861936828e-10
3573.5               -2.8643754035329e-10
3574.5               -3.352873534368e-10
3575.5               -3.9523939676656e-10
3576.5               -4.6407322429332e-10
3577.5               -5.4845017416483e-10
3578.5               -6.4614980033184e-10
3579.5               -7.5717210279436e-10
3580.5               -8.9261931179863e-10
3581.5               -1.0502709812954e-09
3582.5               -1.2367884494324e-09
3583.5               -1.4499512701605e-09
3584.5               -1.7097434579227e-09
3585.5               -2.0095036745715e-09
3586.5               -2.3625545964023e-09
3587.5               -2.7777780076121e-09
3588.5               -3.2707170305457e-09
3589.5               -3.8435921112523e-09
3590.5               -4.5230486023229e-09
3591.5               -5.3179682879545e-09
3592.5               -6.2572169667874e-09
3593.5               -7.3585582072155e-09
3594.5               -8.6552986999777e-09
3595.5               -1.0182965581862e-08
3596.5               -1.1979306435705e-08
3597.5               -1.4088730182493e-08
3598.5               -1.6573409311604e-08
3599.5               -1.9493295866368e-08
3600.5               -2.2930546350608e-08
3601.5               -2.6971758160244e-08
3602.5               -3.1727953597738e-08
3603.5               -3.731903674975e-08
3604.5               -4.3898218393679e-08
3605.5               -5.1636472875316e-08
3606.5               -6.0740301677242e-08
3607.5               -7.1445072080678e-08
3608.5               -8.4041662518075e-08
3609.5               -9.8854258112624e-08
3610.5               -1.1628031870714e-07
3611.5               -1.3677503574172e-07
3612.5               -1.6088907983658e-07
3613.5               -1.892486167776e-07
3614.5               -2.2260637777549e-07
3615.5               -2.6184610035784e-07
3616.5               -3.0800473282966e-07
3617.5               -3.6229685917988e-07
3618.5               -4.2615910800237e-07
3619.5               -5.0127901829455e-07
3620.5               -5.8964166882447e-07
3621.5               -6.9358074838988e-07
3622.5               -8.158385078616e-07
3623.5               -9.5965013713339e-07
3624.5               -1.1288103785034e-06
3625.5               -1.3277889898688e-06
3626.5               -1.5618417670282e-06
3627.5               -1.8371548726748e-06
3628.5               -2.1609936062816e-06
3629.5               -2.5419177873687e-06
3630.5               -2.9899926978771e-06
3631.5               -3.5170466539114e-06
3632.5               -4.1370085135384e-06
3633.5               -4.8662540663713e-06
3634.5               -5.7240434614414e-06
3635.5               -6.7330385711273e-06
3636.5               -7.9198914093581e-06
3637.5               -9.3159568947954e-06
3638.5               -1.0958112195425e-05
3639.5               -1.2889731504373e-05
3640.5               -1.5161847333189e-05
3641.5               -1.7834473897693e-05
3642.5               -2.0978214720913e-05
3643.5               -2.4676110044197e-05
3644.5               -2.9025846171038e-05
3645.5               -3.4142324523145e-05
3646.5               -4.0160701431091e-05
3647.5               -4.723995639111e-05
3648.5               -5.5567088708131e-05
3649.5               -6.5362075751807e-05
3650.5               -7.6883652777582e-05
3651.5               -9.0436171884534e-05
3652.5               -0.00010637763336874
3653.5               -0.00012512914260299
3654.5               -0.0001471860344715
3655.5               -0.00017313095179716
3656.5               -0.00020364925523708
3657.5               -0.00023954709771346
3658.5               -0.00028177274291608
3659.5               -0.00033144160305199
3660.5               -0.000389865706385
3661.5               -0.00045858834285539
3662.5               -0.00053942484701253
3663.5               -0.00063451053300412
3664.5               -0.00074635709834681
3665.5               -0.00087791896863365
3666.5               -0.0010326713328901
3667.5               -0.0012147019146092
3668.5               -0.0014288189564837
3669.5               -0.0016806781899525
3670.5               -0.0019769321979446
3671.5               -0.0023254061121136
3672.5               -0.0027353042342249
3673.5               -0.0032174530817386
3674.5               -0.0037845872413733
3675.5               -0.0044516855757237
3676.5               -0.005236366649175
3677.5               -0.0061593537536986
3678.5               -0.0072450218535636
3679.5               -0.0085220407552988
3680.5               -0.010024131515962
3681.5               -0.011790955847246
3682.5               -0.013869162009961
3683.5               -0.016313614510377
3684.5               -0.019188839879281
3685.5               -0.022570726339044
3686.5               -0.026548521725456
3687.5               -0.031227181735982
3688.5               -0.036730129571172
3689.5               -0.043202498452022
3690.5               -0.050814940828481
3691.5               -0.059768102254054
3692.5               -0.070297874552594
3693.5               -0.082681561985876
3694.5               -0.097245116521538
3695.5               -0.11437162368955
3696.5               -0.13451125020936
3697.5               -0.15819289791663
3698.5               -0.18603784688986
3699.5               -0.21877571371398
3700.5               -0.25726309889063
3701.5               -0.30250535056453
3702.5               -0.3556819294448
3703.5               -0.41817592121962
3704.5               -0.49160830610129
3705.5               -0.57787765780803
3706.5               -0.67920600163918
3707.5               -0.79819160727856
3708.5               -0.93786951667285
3709.5               -1.1017805980629
3710.5               -1.2940498553848
3711.5               -1.5194745831826
3712.5               -1.7836227082424
3713.5               -2.0929412583204
3714.5               -2.4548742923369
3715.5               -2.8779887516217
3716.5               -3.3721054743174
3717.5               -3.9484309753401
3718.5               -4.6196834579337
3719.5               -5.4002038345002
3720.5               -6.3060392895897
3721.5               -7.3549831991149
3722.5               -8.5665512577271
3723.5               -9.9618699044512
3724.5               -11.563450307808
3725.5               -13.394820350252
3726.5               -15.479989653597
3727.5               -17.842730354762
3728.5               -20.50567065023
3729.5               -23.489220062018
3730.5               -26.81037458065
3731.5               -30.481483774707
3732.5               -34.509095284829
3733.5               -38.893016779893
3734.5               -43.625741916018
3735.5               -48.692366765724
3736.5               -54.071073010726
3737.5               -59.734178362194
3738.5               -65.64966670674
3739.5               -71.783030469275
3740.5               -78.099206344053
3741.5               -84.564376873066
3742.5               -91.147446252726
3743.5               -97.821068284714
3744.5               -104.56218804977
3745.5               -111.35213579248
3746.5               -118.17636612254
3747.5               -125.02396137268
3748.5               -131.88701692635
3749.5               -138.76000639291
3750.5               -145.63919539661
3751.5               -152.52214295524
3752.5               -159.4073045611
3753.5               -166.29373362298
3754.5               -173.18086791055
3755.5               -180.06838364595
3756.5               -186.95609997188
3757.5               -193.84391886407
3758.5               -200.73178875543
3759.5               -207.6196833087
3760.5               -126.55922790122
3761.5187209763      -65.762958278119
3762.5755848552      -34.251984632143
3763.6720197814      -17.683219868696
3764.8095073722      -8.9873807308961
3765.9895847196      -4.4776194435928
3767.2138464671      -2.1807413705533
3768.483946965       -1.0362838807466
3769.8016025056      -0.4797923804288
3771.1685936425      -0.21618300160751
3772.5867675969      -0.094696364478758
3774.0580407534      -0.040287098923431
3775.5844012497      -0.016630934649324
3777.1679116635      -0.0066565651884207
3778.8107117992      -0.002583985517974
3780.5150215798      -0.00098067442530064
3782.2831440465      -0.00038823904156947
3784.117468471       -0.00022992395831343
3786.0204735836      -0.00035652834877355
3787.9947309236      -0.00097327521238974
3790                 -4758.2579429988
3792                 -0
3794                 -0
3796                 -0
3798                 -0
