x[nm]                E[kV/cm]            
-8                   -0
-6                   -0
-4                   -0
-2                   -0
0                    -293.22280207534
1.999                -0.00037588765155749
3.997                -0.00021712372307155
5.995                -0.00012541703411542
7.9929999999999      -7.2444543968425e-05
9.9909999999999      -4.1846077265091e-05
11.989               -2.4171522307905e-05
13.987               -1.3962182539036e-05
15.985               -8.0649623338229e-06
17.983               -4.6585536007139e-06
19.981               -2.6909050007704e-06
21.979               -1.5543566878496e-06
23.977               -8.9783369261099e-07
25.975               -5.1862862797585e-07
27.973               -2.995623991329e-07
29.971               -1.7304809570614e-07
31.969               -9.9966748259342e-08
33.967               -5.7736042617945e-08
35.965               -3.3340030769525e-08
37.963               -1.9274983122221e-08
39.961               -1.1131124939585e-08
41.959               -6.4190672574925e-09
43.957               -3.6985207466993e-09
45.955               -2.1515433189933e-09
47.953               -1.2269131323185e-09
49.951               -7.290353394936e-10
51.948999999999      -3.9118969436242e-10
53.946999999999      -2.4893889641245e-10
55.944999999999      -1.4225079794997e-10
57.942999999999      -8.8906748718732e-11
59.940999999999      -3.5562699487493e-11
61.938999999999      -3.5562699487493e-11
63.936999999999      -1.7781349743746e-11
65.934999999999      -1.7781349743746e-11
67.932999999999      -0
69.930999999999      -1.7781349743746e-11
71.928999999999      -0
73.926999999999      -0
75.924999999999      -0
77.922999999999      -0
79.920999999999      -0
81.918999999999      -0
83.916999999999      -0
85.914999999999      -0
87.912999999999      -0
89.910999999999      -0
91.908999999999      -0
93.906999999999      -0
95.904999999999      -0
97.902999999999      -0
99.900999999999      -0
101.899              -0
103.897              -0
105.895              -0
107.893              -0
109.891              -0
111.889              -0
113.887              -0
115.885              -0
117.883              -0
119.881              -0
121.879              -0
123.877              -0
125.875              -0
127.873              1.7781349743746e-11
129.871              -1.7781349743747e-11
131.869              -1.7781349743746e-11
133.867              -0
135.865              -0
137.863              -0
139.861              -0
141.859              -0
143.857              -0
145.855              -0
147.853              -0
149.851              -0
151.849              -0
153.847              -0
155.845              -0
157.843              -0
159.841              -0
161.839              -0
163.837              -0
165.835              -0
167.833              -0
169.831              -0
171.829              -0
173.827              -0
175.825              -0
177.823              -0
179.821              -0
181.819              -0
183.817              -0
185.815              -0
187.813              -0
189.811              -0
191.809              -0
193.807              -0
195.805              -0
197.803              -0
199.801              -0
201.799              -0
203.797              -0
205.795              -0
207.793              -0
209.791              -0
211.789              -0
213.787              -0
215.785              -0
217.783              -0
219.781              -0
221.779              -0
223.777              -0
225.775              -0
227.773              -0
229.771              -0
231.769              -0
233.767              -0
235.765              -0
237.763              -0
239.761              -0
241.759              -0
243.757              -0
245.755              -0
247.753              -0
249.751              -0
251.749              -0
253.747              -0
255.745              -0
257.743              -0
259.741              -0
261.739              -0
263.737              1.7781349743746e-11
265.735              -0
267.733              -0
269.731              -0
271.729              -0
273.727              -0
275.725              -0
277.723              -0
279.721              -0
281.719              -0
283.717              -0
285.715              -0
287.713              -0
289.711              -0
291.709              -0
293.707              -0
295.705              -0
297.703              -0
299.701              -1.7781349743747e-11
301.699              -0
303.697              -0
305.695              -0
307.693              -0
309.691              -0
311.689              -0
313.687              -0
315.685              -0
317.683              -0
319.681              1.7781349743746e-11
321.679              -0
323.677              -0
325.675              -0
327.673              -0
329.671              -0
331.669              -0
333.667              -0
335.665              -0
337.663              -0
339.661              -0
341.659              -0
343.657              -0
345.655              -0
347.653              -0
349.651              -0
351.649              -0
353.647              -0
355.645              -0
357.643              -0
359.641              -0
361.639              -0
363.637              -0
365.635              -0
367.633              -0
369.631              -0
371.629              -0
373.627              -0
375.625              -0
377.623              -0
379.621              -0
381.619              -0
383.617              -0
385.615              -0
387.613              -0
389.611              -0
391.609              -0
393.607              -0
395.605              -0
397.60299999999      -0
399.60099999999      -0
401.59899999999      -0
403.59699999999      -0
405.59499999999      -0
407.59299999999      -0
409.59099999999      -0
411.58899999999      -0
413.58699999999      -0
415.58499999999      -0
417.58299999999      -0
419.58099999999      -0
421.57899999999      -0
423.57699999999      -0
425.57499999999      -0
427.57299999999      -0
429.57099999999      -0
431.56899999999      -0
433.56699999999      -0
435.56499999999      -0
437.56299999999      -0
439.56099999999      -0
441.55899999999      -0
443.55699999999      -0
445.55499999999      -0
447.55299999999      -0
449.55099999999      -0
451.54899999999      -0
453.54699999999      -0
455.54499999999      -0
457.54299999999      -0
459.54099999999      -0
461.53899999999      -1.7781349743746e-11
463.53699999999      -0
465.53499999999      -0
467.53299999999      -0
469.53099999999      -0
471.52899999999      -0
473.52699999999      -0
475.52499999999      -0
477.52299999999      -0
479.52099999999      -0
481.51899999999      -0
483.51699999999      -0
485.51499999999      -0
487.51299999999      -0
489.51099999999      -0
491.50899999999      -0
493.50699999999      -0
495.50499999999      1.7781349743746e-11
497.50299999999      -0
499.50099999999      -0
501.49899999999      1.7781349743746e-11
503.49699999999      -0
505.49499999999      -1.7781349743746e-11
507.49299999999      -0
509.49099999999      -0
511.48899999999      -1.7781349743746e-11
513.48699999999      -0
515.48499999999      -0
517.48299999999      1.7781349743747e-11
519.48099999999      -0
521.47899999999      -0
523.47699999999      -0
525.47499999999      -0
527.47299999999      -0
529.47099999999      -0
531.46899999999      -0
533.46699999999      -0
535.46499999999      -1.7781349743746e-11
537.46299999999      -0
539.46099999999      -0
541.45899999999      -0
543.45699999999      -0
545.45499999999      -0
547.45299999999      -0
549.45099999999      -0
551.44899999999      -0
553.44699999999      -0
555.44499999999      -0
557.44299999999      -0
559.44099999999      -0
561.43899999999      -0
563.43699999999      -0
565.43499999999      -0
567.43299999999      -0
569.43099999999      -0
571.42899999999      -0
573.42699999999      -0
575.42499999999      -0
577.42299999999      -0
579.42099999999      -0
581.41899999999      -0
583.41699999999      -0
585.41499999999      -0
587.41299999999      -0
589.41099999999      1.7781349743746e-11
591.40899999999      -0
593.40699999999      -0
595.40499999999      -0
597.40299999999      -0
599.40099999999      -1.7781349743747e-11
601.39899999999      -0
603.39699999999      -0
605.39499999999      -0
607.39299999999      -0
609.39099999999      -0
611.38899999999      -0
613.38699999999      -0
615.38499999999      -0
617.38299999999      -0
619.38099999999      -0
621.37899999999      -0
623.37699999999      -0
625.37499999999      -0
627.37299999999      -0
629.37099999999      -0
631.369              -0
633.36699999999      -0
635.365              -0
637.363              -0
639.361              -0
641.359              -0
643.357              -0
645.355              -0
647.353              -0
649.351              -0
651.349              1.7781349743746e-11
653.347              -0
655.345              -0
657.343              -0
659.341              -0
661.339              -0
663.337              -0
665.335              -0
667.333              -0
669.331              -0
671.329              -0
673.327              -0
675.325              -0
677.323              -0
679.321              -0
681.319              -1.7781349743747e-11
683.317              -0
685.315              -0
687.313              -0
689.311              -0
691.309              1.7781349743747e-11
693.307              -0
695.305              -0
697.303              -0
699.301              -0
701.299              -0
703.297              -0
705.295              -0
707.293              -0
709.291              -0
711.289              -0
713.287              -0
715.285              -0
717.283              -0
719.281              -0
721.279              -0
723.277              -0
725.275              -0
727.273              -0
729.271              -0
731.269              -0
733.267              -0
735.265              -0
737.263              -0
739.261              -0
741.259              -0
743.257              -0
745.255              -0
747.253              -0
749.251              -0
751.249              -0
753.247              -0
755.245              -0
757.243              -0
759.241              -0
761.239              -1.7781349743747e-11
763.237              -0
765.235              -0
767.233              -0
769.231              -0
771.229              -0
773.227              -0
775.225              -0
777.223              -0
779.221              -0
781.219              -0
783.217              -0
785.215              -0
787.213              -0
789.211              -0
791.209              -0
793.207              -0
795.205              1.7781349743746e-11
797.203              -0
799.201              -0
801.199              -0
803.197              -0
805.195              -0
807.193              -0
809.191              -0
811.189              -0
813.187              -0
815.185              -0
817.183              -1.7781349743746e-11
819.181              -0
821.179              -0
823.177              -0
825.175              -0
827.173              -0
829.171              -0
831.169              1.7781349743747e-11
833.167              -0
835.165              -0
837.163              -0
839.161              -0
841.159              -0
843.157              -0
845.155              -0
847.153              -0
849.151              -0
851.149              -0
853.147              -0
855.145              -0
857.143              -0
859.141              -0
861.139              -0
863.137              -0
865.135              -0
867.133              -0
869.131              -0
871.129              -0
873.127              -0
875.125              -0
877.123              -0
879.121              -0
881.119              -0
883.117              -0
885.115              -0
887.113              1.7781349743746e-11
889.111              -0
891.109              1.7781349743746e-11
893.107              3.5562699487492e-11
895.105              5.3344049231237e-11
897.103              8.8906748718729e-11
899.101              1.6003214769371e-10
901.099              2.667202461562e-10
903.097              4.8009644308114e-10
905.095              8.0016073846856e-10
907.093              1.4225079794997e-09
909.091              2.4360449148932e-09
911.089              4.2319612390115e-09
913.087              7.30813474468e-09
915.085              1.2660321017547e-08
917.083              2.1924404234039e-08
919.081              3.7963181702897e-08
921.079              6.5702087303141e-08
923.077              1.1376507566049e-07
925.075              1.96928448412e-07
927.073              3.4095738133633e-07
929.071              5.9026968609339e-07
931.069              1.0218763884233e-06
933.067              1.7690664860053e-06
935.065              3.0626596798628e-06
937.063              5.3020962106397e-06
939.061              9.1790883647165e-06
941.059              1.5890925545739e-05
943.057              2.7510628632233e-05
945.055              4.7626776285431e-05
947.053              8.2452154324454e-05
949.051              0.00014274234558228
951.049              0.00024711753497684
953.047              0.00042781338920776
955.045              0.00074063647885094
957.043              0.0012822000962921
959.041              0.0022197620362884
961.039              0.0038428806438863
963.037              0.0066528407607725
965.035              0.011517465979936
967.033              0.019939121496146
969.031              0.034518652778767
971.029              0.059758469813074
973.027              0.10345257698211
975.025              0.1790921720611
977.023              0.31002773350887
979.021              0.53666693299968
981.019              0.92891312640338
983.017              1.6076311895989
985.015              2.7816060487238
987.013              4.8109158199357
989.011              8.3148145253625
991.009              14.353007872346
993.007              24.722973868712
995.005              42.424958343464
997.003              72.316398140166
999.001              121.78383953491
1001                 129.78541091812
1003                 92.365695319163
1005                 68.71221141088
1007                 52.929897649001
1009                 41.884421059351
1011                 33.837314497163
1013                 27.778525650444
1015                 23.093396291056
1017                 19.391305051712
1019                 16.414095327359
1021                 13.985132249257
1023                 11.979821201695
1025                 10.307900995468
1027                 8.9024395801651
1029                 7.7127795853649
1031                 6.6998872070911
1033                 5.8332069185241
1035                 5.0884851819433
1037                 4.4462330485295
1039                 3.8906194167332
1041                 3.4086605051264
1043                 2.9896168615196
1045                 2.6245382601431
1047                 2.3059156363914
1049                 2.0274116143781
1051                 1.7836495156764
1053                 1.5700464256341
1055                 1.3826798374517
1057                 1.218180163729
1059                 1.073643378664
1061                 0.94655947650679
1063                 0.83475346709605
1065                 0.7363363940982
1067                 0.64966442872461
1069                 0.57330451951998
1071                 0.50600540113521
1073                 0.44667301347445
1075                 0.39434957207263
1077                 0.34819567941824
1079                 0.30747498167116
1081                 0.27154096770232
1083                 0.23982557863178
1085                 0.21182935439512
1087                 0.18711289017759
1089                 0.16528941348071
1091                 0.1460183221802
1093                 0.12899955072143
1095                 0.1139686499485
1097                 0.10069248524758
1099                 0.088965470368407
1101                 0.078606266882275
1103                 0.069454889075615
1105                 0.061370161894558
1107                 0.054227488011094
1109                 0.047916884273747
1111                 0.04234125439595
1113                 0.037414868963026
1115                 0.033062026698616
1117                 0.029215875088084
1119                 0.025817371422932
1121                 0.022814366431589
1123                 0.020160796641022
1125                 0.017815971755653
1127                 0.015743946146785
1129                 0.013912964185181
1131                 0.012294970694882
1133                 0.010865178978747
1135                 0.0096016892214834
1137                 0.0084851518700191
1139                 0.0074984701470271
1141                 0.0066265375409102
1143                 0.005856005778071
1145                 0.005175080044495
1147                 0.0045733380105162
1149                 0.0040415700297558
1151                 0.0035716379365169
1153                 0.0031563503100074
1155                 0.0027893522869249
1157                 0.0024650281815752
1159                 0.0021784155102011
1161                 0.0019251289806732
1163                 0.001701293275147
1165                 0.001503483790799
1167                 0.0013286742195362
1169                 0.0011741901495554
1171                 0.0010376681913726
1173                 0.00091701979343384
1175                 0.00081039923216508
1177                 0.00071617549224356
1179                 0.00063290711338482
1181                 0.00055932027009931
1183                 0.00049428932058504
1185                 0.00043681943395768
1187                 0.00038603149121741
1189                 0.00034114858493695
1191                 0.00030148413543429
1193                 0.00026643135697668
1195                 0.00023545412730641
1197                 0.0002080785321823
1199                 0.00018388583100659
1201                 0.00016250597312251
1203                 0.0001436118779452
1205                 0.00012691454998048
1207                 0.00011215858464197
1209                 9.9118242502527e-05
1211                 8.7594074216213e-05
1213                 7.7409776366721e-05
1215                 6.8409580222806e-05
1217                 6.0455818129412e-05
1219                 5.3426809643042e-05
1221                 4.7215031884207e-05
1223                 4.1725503052703e-05
1225                 3.6874201470027e-05
1227                 3.2586982001703e-05
1229                 2.8798190498946e-05
1231                 2.5449917728793e-05
1233                 2.2490933559993e-05
1235                 1.987597642028e-05
1237                 1.75650605172e-05
1239                 1.5522836349646e-05
1241                 1.3718022273679e-05
1243                 1.2123102521855e-05
1245                 1.0713563369791e-05
1247                 9.4679464268665e-06
1249                 8.3671203299218e-06
1251                 7.3943162703927e-06
1253                 6.5345773236913e-06
1255                 5.7748472670482e-06
1257                 5.1034021453233e-06
1259                 4.5100456702585e-06
1261                 3.9857006584043e-06
1263                 3.5222846861416e-06
1265                 3.1127633803862e-06
1267                 2.7508484379268e-06
1269                 2.4310153889928e-06
1271                 2.1483792522758e-06
1273                 1.8985879535194e-06
1275                 1.6778400890871e-06
1277                 1.4827783445526e-06
1279                 1.3103651497204e-06
1281                 1.1580247871734e-06
1283                 1.0233769387469e-06
1285                 9.0439655764385e-07
1287                 7.9925399631975e-07
1289                 7.0631500648233e-07
1291                 6.2419402979685e-07
1293                 5.5162985290735e-07
1295                 4.8748560743661e-07
1297                 4.3081982425974e-07
1299                 3.8072656138866e-07
1301                 3.364597489508e-07
1303                 2.9734437134721e-07
1305                 2.6277646725248e-07
1307                 2.3222312961479e-07
1309                 2.0522250565591e-07
1311                 1.8136603330277e-07
1313                 1.6028067761908e-07
1315                 1.4162893080538e-07
1317                 1.2517986647254e-07
1319                 1.1063150395785e-07
1321                 9.7752916872196e-08
1323                 8.6401996668428e-08
1325                 7.6365580525817e-08
1327                 6.7466032760422e-08
1329                 5.9632299098666e-08
1331                 5.2704507425005e-08
1333                 4.6558312760681e-08
1335                 4.114042440051e-08
1337                 3.6362024502523e-08
1339                 3.2116531656357e-08
1341                 2.8386182293616e-08
1343                 2.5082158572332e-08
1345                 2.2168933355715e-08
1347                 1.9575452370191e-08
1349                 1.7319479184152e-08
1351                 1.5294432387236e-08
1353                 1.353583911623e-08
1355                 1.1954881529164e-08
1357                 1.0551559626037e-08
1359                 9.3436369752453e-09
1361                 8.2422957348172e-09
1363                 7.283063041541e-09
1365                 6.4304117586289e-09
1367                 5.7021054544748e-09
1369                 5.0270898555027e-09
1371                 4.4586556668946e-09
1373                 3.9435121834686e-09
1375                 3.4816594052245e-09
1377                 3.0730973321624e-09
1379                 2.7178259642824e-09
1381                 2.3980817331903e-09
1383                 2.1493917756743e-09
1385                 1.8829382497643e-09
1387                 1.6697754290362e-09
1389                 1.4566126083082e-09
1391                 1.2967404927622e-09
1393                 1.1546319456102e-09
1395                 1.0125233984581e-09
1397                 8.8817841970013e-10
1399                 7.9936057773011e-10
1401                 6.927791673661e-10
1403                 6.2172489379009e-10
1405                 5.5067062021408e-10
1407                 4.9737991503207e-10
1409                 4.2632564145606e-10
1411                 3.7303493627405e-10
1413                 3.3750779948605e-10
1415                 2.8421709430404e-10
1417                 2.4868995751604e-10
1419                 2.3092638912203e-10
1421                 1.9539925233403e-10
1423                 1.7763568394003e-10
1425                 1.4210854715202e-10
1427                 1.2434497875802e-10
1429                 1.2434497875802e-10
1431                 8.8817841970013e-11
1433                 8.8817841970013e-11
1435                 8.8817841970013e-11
1437                 7.105427357601e-11
1439                 7.105427357601e-11
1441                 5.3290705182008e-11
1443                 5.3290705182008e-11
1445                 5.3290705182008e-11
1447                 5.3290705182008e-11
1449                 3.5527136788005e-11
1451                 5.3290705182008e-11
1453                 3.5527136788005e-11
1455                 3.5527136788005e-11
1457                 1.7763568394003e-11
1459                 3.5527136788005e-11
1461                 1.7763568394003e-11
1463                 1.7763568394003e-11
1465                 3.5527136788005e-11
1467                 -0
1469                 1.7763568394003e-11
1471                 1.7763568394003e-11
1473                 1.7763568394003e-11
1475                 1.7763568394003e-11
1477                 1.7763568394003e-11
1479                 -0
1481                 1.7763568394003e-11
1483                 -0
1485                 -0
1487                 1.7763568394003e-11
1489                 -0
1491                 1.7763568394003e-11
1493                 -0
1495                 -1.7763568394003e-11
1497                 -0
1499                 -1.7763568394003e-11
1501                 -1.7763568394003e-11
1503                 -0
1505                 -0
1507                 1.7763568394003e-11
1509                 -0
1511                 1.7763568394003e-11
1513                 -0
1515                 -0
1517                 -0
1519                 -0
1521                 1.7763568394003e-11
1523                 -0
1525                 -0
1527                 -0
1529                 1.7763568394003e-11
1531                 1.7763568394003e-11
1533                 1.7763568394003e-11
1535                 1.7763568394003e-11
1537                 1.7763568394003e-11
1539                 3.5527136788005e-11
1541                 1.7763568394003e-11
1543                 3.5527136788005e-11
1545                 5.3290705182008e-11
1547                 3.5527136788005e-11
1549                 5.3290705182008e-11
1551                 7.105427357601e-11
1553                 7.105427357601e-11
1555                 8.8817841970013e-11
1557                 8.8817841970013e-11
1559                 1.0658141036402e-10
1561                 1.0658141036402e-10
1563                 1.2434497875802e-10
1565                 1.2434497875802e-10
1567                 1.4210854715202e-10
1569                 1.4210854715202e-10
1571                 1.7763568394003e-10
1573                 2.1316282072803e-10
1575                 2.4868995751604e-10
1577                 2.8421709430404e-10
1579                 3.1974423109205e-10
1581                 3.5527136788005e-10
1583                 4.0856207306206e-10
1585                 4.6185277824407e-10
1587                 5.3290705182008e-10
1589                 6.0396132539609e-10
1591                 6.750155989721e-10
1593                 7.8159700933611e-10
1595                 8.7041485130612e-10
1597                 9.9475983006414e-10
1599                 1.1191048088222e-09
1601                 1.2612133559742e-09
1603                 1.4210854715202e-09
1605                 1.6164847238542e-09
1607                 1.8296475445823e-09
1609                 2.0428103653103e-09
1611                 2.3447910280083e-09
1613                 2.6290081223124e-09
1615                 2.9842794901924e-09
1617                 3.3750779948605e-09
1619                 3.8191672047105e-09
1621                 4.3343106881366e-09
1623                 4.9027448767447e-09
1625                 5.5422333389288e-09
1627                 6.2705396430829e-09
1629                 7.123190925995e-09
1631                 8.0291329140891e-09
1633                 9.1127105861233e-09
1635                 1.0302869668521e-08
1637                 1.167066443486e-08
1639                 1.318056774835e-08
1641                 1.4921397450962e-08
1643                 1.6893153542696e-08
1645                 1.9113599591947e-08
1647                 2.1636026303895e-08
1649                 2.4478197246935e-08
1651                 2.769340312625e-08
1653                 3.1317171078626e-08
1655                 3.5456082514429e-08
1657                 4.0110137433658e-08
1659                 4.5385917246676e-08
1661                 5.1354476227061e-08
1663                 5.8104632216782e-08
1665                 6.5760730194597e-08
1667                 7.4393824434082e-08
1669                 8.4181550619178e-08
1671                 9.5283780865429e-08
1673                 1.0778933301481e-07
1675                 1.2198242416162e-07
1677                 1.3804068998979e-07
1679                 1.5619505688846e-07
1681                 1.7674750552032e-07
1683                 2.0000001654807e-07
1685                 2.2632562490799e-07
1687                 2.5607960196794e-07
1689                 2.8977709121136e-07
1691                 3.2789770898489e-07
1693                 3.7104541661392e-07
1695                 4.1985970256064e-07
1697                 4.7510440026599e-07
1699                 5.3759663387609e-07
1701                 6.0833116322101e-07
1703                 6.8835603883599e-07
1705                 7.7893247407701e-07
1707                 8.8139273657362e-07
1709                 9.9735331104966e-07
1711                 1.1285905543446e-06
1713                 1.2770584589816e-06
1715                 1.4450662888521e-06
1717                 1.6351897613731e-06
1719                 1.8503243381929e-06
1721                 2.0937385158959e-06
1723                 2.3692159345501e-06
1725                 2.6809132691596e-06
1727                 3.033626683191e-06
1729                 3.4327385378674e-06
1731                 3.8843417371481e-06
1733                 4.3953818362752e-06
1735                 4.9736748053419e-06
1737                 5.6280136107034e-06
1739                 6.368470195639e-06
1741                 7.2063066625105e-06
1743                 8.1544015984036e-06
1745                 9.2272323115594e-06
1747                 1.0441194575606e-05
1749                 1.1814851319514e-05
1751                 1.3369252371831e-05
1753                 1.51281476235e-05
1755                 1.7118448880638e-05
1757                 1.9370602899471e-05
1759                 2.1919071002685e-05
1761                 2.4802808695767e-05
1763                 2.8065940682609e-05
1765                 3.1758400353965e-05
1767                 3.5936640330192e-05
1769                 4.0664556166803e-05
1771                 4.6014498877867e-05
1773                 5.2068340750111e-05
1775                 5.8918594447732e-05
1777                 6.6670100551391e-05
1779                 7.5441430880119e-05
1781                 8.5366718138857e-05
1783                 9.6597823073807e-05
1785                 0.00010930650162777
1787                 0.00012368714052968
1789                 0.00013995979486481
1791                 0.00015837327893564
1793                 0.00017920928740978
1795                 0.0002027865519949
1797                 0.00022946567312943
1799                 0.00025965475103362
1801                 0.00029381556743147
1803                 0.0003324706199237
1805                 0.00037621118664788
1807                 0.000425706314644
1809                 0.00048171306943345
1811                 0.0005450881168656
1813                 0.00061680077934056
1815                 0.00069794793944311
1817                 0.0007897708087512
1819                 0.00089367377498206
1821                 0.0010112460557821
1823                 0.0011442858927069
1825                 0.0012948280314617
1827                 0.0014651749324912
1829                 0.0016579318717902
1831                 0.0018760468556422
1833                 0.0021228555269204
1835                 0.0024021323241641
1837                 0.0027181480888316
1839                 0.0030757352931232
1841                 0.0034803619186619
1843                 0.0039382149807921
1845                 0.0044562950485272
1847                 0.0050425230035955
1849                 0.0057058611879768
1851                 0.0064564500590336
1853                 0.0073057628569018
1855                 0.0082667808420922
1857                 0.0093541909862438
1859                 0.010584609935194
1861                 0.011976837193117
1863                 0.013552141258089
1865                 0.01533458334535
1867                 0.017351383299058
1869                 0.019633333021574
1871                 0.022215264188219
1873                 0.025136576216056
1875                 0.028441833421766
1877                 0.032181439042489
1879                 0.036412396777763
1881                 0.041199170546236
1883                 0.046614655087041
1885                 0.05274127088839
1887                 0.059672199519412
1889                 0.067512776400491
1891                 0.076382060267832
1893                 0.086414601057072
1895                 0.097762429902559
1897                 0.11059729745355
1899                 0.12511318974617
1901                 0.14152915323251
1903                 0.16009246369464
1905                 0.18108217670232
1907                 0.20481310016862
1909                 0.23164023209787
1911                 0.26196370923159
1913                 0.29623431396786
1915                 0.33495958836838
1917                 0.37871060275307
1919                 0.42812942650627
1921                 0.48393734223495
1923                 0.54694383923248
1925                 0.61805641029977
1927                 0.6982911593667
1929                 0.7887842063603
1931                 0.89080384288565
1933                 1.0057633544669
1935                 1.1352343704374
1937                 1.2809605376596
1939                 1.4448712307313
1941                 1.6290949099762
1943                 1.8359716170124
1945                 2.0680639548942
1947                 2.3281657367136
1949                 2.6193073060554
1951                 2.9447563407814
1953                 3.3080127594332
1955                 3.712796173776
1957                 4.1630241942592
1959                 4.6627798325716
1961                 5.2162662922051
1963                 5.8277476474977
1965                 6.5014743301361
1967                 7.2415930215186
1969                 8.0520415258611
1971                 8.9364304808903
1973                 9.8979153222345
1975                 10.939063660818
1977                 12.061724999324
1979                 13.266911268097
1981                 14.554697710878
1983                 15.92415387929
1985                 17.373313630937
1987                 18.899190909636
1989                 20.497844750231
1991                 22.164492672125
1993                 23.893666911992
1995                 25.679403485412
1997                 27.515450580591
1999                 29.395480880332
2001                 25.769130034039
2003                 21.676418686578
2005                 18.374658908495
2007                 15.675397169161
2009                 13.443831348461
2011                 11.581367585745
2013                 10.014422754487
2015                 8.6870693006347
2017                 7.5560964607035
2019                 6.5876243714769
2021                 5.7547372037448
2023                 5.0357983903737
2025                 4.4132310323164
2027                 3.8726211541551
2029                 3.4020487242792
2031                 2.9915818326565
2033                 2.6328894235661
2035                 2.3189413294844
2037                 2.0437733975776
2039                 1.8023017209323
2041                 1.590174321926
2043                 1.4036516970783
2045                 1.2395098208984
2047                 1.0949607879596
2049                 0.96758742802905
2051                 0.85528908224219
2053                 0.75623636364597
2055                 0.6688332038074
2057                 0.59168484876082
2059                 0.52357074579845
2061                 0.46342147500766
2063                 0.41029904624068
2065                 0.3633800112901
2067                 0.32194094305993
2069                 0.28534591519858
2071                 0.25303567950274
2073                 0.22451829046588
2075                 0.19936096895989
2077                 0.17718303000791
2079                 0.15764972848942
2081                 0.14046689894798
2083                 0.12537628522935
2085                 0.11215147099009
2087                 0.10059433529719
2089                 0.090531969547669
2091                 0.081814000427727
2093                 0.074310271767075
2095                 0.067908845888809
2097                 0.062514290082305
2099                 0.058046219244545
2101                 0.05443807076233
2103                 0.051636090816487
2105                 0.049598515925453
2107                 0.048294935783844
2109                 0.047705826737854
2111                 0.047822248721019
2113                 0.048645699202154
2115                 0.050188122138195
2117                 0.052472070795062
2119                 0.055531026106337
2121                 0.059409874353378
2123                 0.064165550366369
2125                 0.06986785432872
2127                 0.07660045300284
2129                 0.084462078042691
2131                 0.093567937309302
2133                 0.10405135665081
2135                 0.11606567332123
2137                 0.12978640416605
2139                 0.14541371481158
2141                 0.16317521945197
2143                 0.18332914283548
2145                 0.20616787974603
2147                 0.23202198994099
2149                 0.26126466817544
2151                 0.2943167323366
2153                 0.33165217287134
2155                 0.37380430812917
2157                 0.42137258862596
2159                 0.47503009104943
2161                 0.53553173771093
2163                 0.60372326888825
2165                 0.68055098282116
2167                 0.76707224163641
2169                 0.86446671659246
2171                 0.97404831407744
2173                 1.0972776830087
2175                 1.2357751489489
2177                 1.3913338544569
2179                 1.5659328005491
2181                 1.7617493830357
2183                 1.981170897416
2185                 2.2268043439411
2187                 2.5014837064852
2189                 2.8082737018487
2191                 3.1504688133666
2193                 3.5315862384167
2195                 3.9553512168311
2197                 4.425673085251
2199                 4.9466103556739
2201                 5.5223231842838
2203                 6.1570118256427
2205                 6.8548401094404
2207                 7.6198436788744
2209                 8.455823728557
2211                 9.3662282839801
2213                 10.354024640051
2215                 11.421568328842
2217                 12.570475747822
2219                 13.801509105633
2221                 15.114483326464
2223                 16.50820467237
2225                 17.980449814026
2227                 19.527991751289
2229                 21.146675413632
2231                 22.83154126923
2233                 24.576990415373
2235                 26.376980144374
2237                 28.22523564916
2239                 30.115461949265
2241                 32.041540576007
2243                 33.99769794882
2245                 35.97863623467
2247                 37.979622094504
2249                 39.996533309683
2251                 42.025867174758
2253                 44.064717307251
2255                 46.110726992961
2257                 48.162027439176
2259                 50.217168604583
2261                 52.27504894405
2263                 54.334848786919
2265                 56.39597043654
2267                 58.457986630334
2269                 60.520597845031
2271                 62.583598102854
2273                 64.646848414753
2275                 66.710256732456
2277                 68.773763212491
2279                 70.837329654463
2281                 72.900932112052
2283                 74.964555841897
2285                 77.028191927271
2287                 79.091835070253
2289                 81.155482177975
2291                 83.219131476246
2293                 85.282781964926
2295                 87.346433089843
2297                 89.410084549275
2299                 91.473736181671
2301                 93.537387902058
2303                 95.601039666464
2305                 97.66469145255
2307                 99.728343249126
2309                 101.7919950507
2311                 103.8556468546
2313                 105.91929865961
2315                 107.98295046509
2317                 110.04660227079
2319                 112.11025407659
2321                 114.17390588244
2323                 116.23755768829
2325                 118.30120949416
2327                 120.36486130005
2329                 122.42851310591
2331                 124.49216491179
2333                 126.55581671766
2335                 128.61946852353
2337                 130.6831203294
2339                 132.74677213528
2341                 134.81042394115
2343                 136.87407574701
2345                 138.93772755289
2347                 141.00137935875
2349                 143.06503116463
2351                 145.12868297051
2353                 147.19233477638
2355                 149.25598658224
2357                 151.31963838812
2359                 153.38329019398
2361                 155.44694199987
2363                 157.51059380574
2365                 159.57424561161
2367                 161.63789741749
2369                 163.70154922337
2371                 165.76520102924
2373                 167.82885283511
2375                 169.89250464099
2377                 171.95615644686
2379                 174.01980825273
2381                 176.0834600586
2383                 178.14711186447
2385                 180.21076367035
2387                 182.27441547622
2389                 184.33806728209
2391                 186.40171908796
2393                 188.46537089384
2395                 190.5290226997
2397                 192.59267450557
2399                 194.65632631145
2401                 196.71997811732
2403                 198.7836299232
2405                 200.84728172907
2407                 202.91093353495
2409                 204.97458534082
2411                 207.0382371467
2413                 209.10188895257
2415                 211.16554075844
2417                 213.22919256432
2419                 215.29284437018
2421                 217.35649617606
2423                 219.42014798193
2425                 221.48379978782
2427                 223.54745159369
2429                 225.61110339957
2431                 227.67475520544
2433                 229.73840701131
2435                 231.80205881719
2437                 233.86571062306
2439                 235.92936242893
2441                 237.99301423479
2443                 240.05666604066
2445                 242.12031784653
2447                 244.1839696524
2449                 246.24762145828
2451                 248.31127326414
2453                 250.37492507002
2455                 252.43857687588
2457                 254.50222868175
2459                 256.56588048762
2461                 258.6295322935
2463                 260.69318409937
2465                 262.75683590526
2467                 264.82048771113
2469                 266.88413951701
2471                 268.94779132289
2473                 271.01144312875
2475                 273.07509493463
2477                 275.1387467405
2479                 277.20239854637
2481                 279.26605035224
2483                 281.32970215812
2485                 283.39335396399
2487                 285.45700576987
2489                 287.52065757575
2491                 289.58430938163
2493                 291.6479611875
2495                 293.71161299338
2497                 295.77526479924
2499                 297.83891660512
2501                 299.902568411
2503                 301.96622021688
2505                 304.02987202275
2507                 306.09352382862
2509                 308.1571756345
2511                 310.22082744038
2513                 312.28447924625
2515                 314.34813105212
2517                 316.411782858
2519                 318.47543466387
2521                 320.53908646975
2523                 322.60273827561
2525                 324.6663900815
2527                 326.73004188736
2529                 328.79369369324
2531                 330.85734549911
2533                 332.920997305
2535                 334.98464911086
2537                 337.04830091674
2539                 339.11195272261
2541                 341.17560452847
2543                 343.23925633434
2545                 345.30290814023
2547                 347.36655994609
2549                 349.43021175198
2551                 375.36595371434
2553                 375.50945195526
2555                 375.65295019617
2557                 375.79644843709
2559                 375.93994667801
2561                 376.08344491892
2563                 376.22694315985
2565                 376.37044140076
2567                 376.51393964167
2569                 376.65743788259
2571                 376.80093612351
2573                 376.94443436442
2575                 377.08793260535
2577                 377.23143084627
2579                 377.37492908718
2581                 377.5184273281
2583                 377.66192556901
2585                 377.80542380993
2587                 377.94892205086
2589                 378.09242029176
2591                 378.23591853268
2593                 378.37941677361
2595                 378.52291501452
2597                 378.66641325544
2599                 378.80991149636
2601                 378.95340973727
2603                 379.09690797819
2605                 379.24040621911
2607                 379.38390446002
2609                 379.52740270095
2611                 379.67090094188
2613                 379.81439918278
2615                 379.9578974237
2617                 380.10139566461
2619                 380.24489390553
2621                 380.38839214646
2623                 380.53189038737
2625                 380.67538862829
2627                 380.81888686921
2629                 380.96238511013
2631                 381.10588335104
2633                 381.24938159196
2635                 381.39287983288
2637                 381.5363780738
2639                 381.67987631471
2641                 381.82337455563
2643                 381.96687279656
2645                 382.11037103747
2647                 382.25386927839
2649                 382.3973675193
2651                 382.54086576022
2653                 382.68436400113
2655                 382.82786224205
2657                 382.97136048297
2659                 383.11485872389
2661                 383.2583569648
2663                 383.40185520572
2665                 383.54535344664
2667                 383.68885168756
2669                 383.83234992847
2671                 383.9758481694
2673                 384.11934641031
2675                 384.26284465123
2677                 384.40634289215
2679                 384.54984113307
2681                 384.69333937398
2683                 384.83683761491
2685                 384.98033585582
2687                 385.12383409674
2689                 385.26733233766
2691                 385.41083057857
2693                 385.5543288195
2695                 385.69782706041
2697                 385.84132530133
2699                 385.98482354224
2701                 386.12832178317
2703                 386.27182002408
2705                 386.415318265
2707                 386.55881650592
2709                 386.70231474684
2711                 386.84581298775
2713                 386.98931122867
2715                 387.13280946959
2717                 387.2763077105
2719                 387.41980595142
2721                 387.56330419234
2723                 387.70680243326
2725                 387.85030067418
2727                 387.99379891509
2729                 388.13729715601
2731                 388.28079539692
2733                 388.42429363785
2735                 388.56779187876
2737                 388.71129011968
2739                 388.8547883606
2740.9774419792      363.25784749327
2742.8832025866      363.38553665947
2744.6931852871      363.50680854481
2746.4122035958      363.62198566289
2748.0448291145      363.73137431875
2749.5954036903      363.8352654234
2751.0680509614      363.93393526757
2752.4666873243      364.0276462564
2753.795032349       364.11664760734
2755.0566186707      364.2011760129
2756.2548013851      364.28145627012
2757.3927669703      364.3577018784
2758.4735417618      364.4301156073
2759.5               364.49889003577
2760.5               386.91756210821
2761.5               380.02964654416
2762.5               373.1417309801
2763.5               366.25381541605
2764.5               359.365899852
2765.5               352.47798428795
2766.5               345.5900687239
2767.5               338.70215315984
2768.5               331.8142375958
2769.5               324.92632203175
2770.5               318.03840646769
2771.5               311.15049090364
2772.5               304.2625753396
2773.5               297.37465977557
2774.5               290.48674421159
2775.5               283.59882864776
2776.5               276.71091308439
2777.5               269.82299752234
2778.5               262.93508196395
2779.5               256.04716641556
2780.5               249.15925089366
2781.5               242.27133544014
2782.5               235.38342015822
2783.5               228.49550529543
2784.5               221.60759142858
2785.5               214.71967986416
2786.5               207.83177347779
2787.5               200.94387841946
2788.5               194.05600746681
2789.5               187.16818640577
2790.5               180.28046576975
2791.5               173.39294170594
2792.5               166.50579177225
2793.5               159.61933413659
2794.5               152.73412180998
2795.5               145.85108675407
2796.5               138.97175108694
2797.5               132.09852279068
2798.5               125.23508948265
2799.5               118.38691400654
2800.5               111.56181838403
2801.5               104.77061801043
2802.5               98.027738271909
2803.5               91.351716515753
2804.5               84.765471940609
2805.5               78.296224228978
2806.5               71.974966583863
2807.5               65.835452609144
2808.5               59.91273288706
2809.5               54.241360860334
2810.5               48.853457913551
2811.5               43.776864708744
2812.5               39.033598571283
2813.5               34.63878653954
2814.5               30.600164274497
2815.5               26.918142984032
2816.5               23.586370067366
2817.5               20.592658108314
2818.5               17.920135864349
2819.5               15.548480654297
2820.5               13.455115790806
2821.5               11.616289897747
2822.5               10.007988962824
2823.5               8.6066613752256
2824.5               7.3897583707083
2825.5               6.3361068404677
2826.5               5.4261393102917
2827.5               4.6420086292009
2828.5               3.9676141680034
2829.5               3.3885635432807
2830.5               2.8920901367591
2831.5               2.4669427158552
2832.5               2.1032597308746
2833.5               1.7924376027945
2834.5               1.5269996100531
2835.5               1.3004698299013
2836.5               1.1072549360236
2837.5               0.94253542481493
2838.5               0.80216695849566
2839.5               0.68259189998532
2840.5               0.58076070821311
2841.5               0.49406260947515
2842.5               0.42026481865021
2843.5               0.35745952024824
2844.5               0.30401780853895
2845.5               0.25854981011042
2846.5               0.21987025744075
2847.5               0.18696883949065
2848.5               0.15898471749543
2849.5               0.13518465791007
2850.5               0.11494429571268
2851.5               0.097732099162418
2852.5               0.083095660499133
2853.5               0.070649985173254
2854.5               0.060067495535332
2855.5               0.051069503268497
2856.5               0.04341893846016
2857.5               0.036914152969914
2858.5               0.031383641261318
2859.5               0.026681544313956
2860.5               0.02268382151227
2861.5               0.019284991961133
2862.5               0.016395361150945
2863.5               0.013938660952117
2864.5               0.011850041770067
2865.5               0.010074364358292
2866.5               0.0085647468339722
2867.5               0.0072813288309881
2868.5               0.0061902203851716
2869.5               0.0052626080648821
2870.5               0.0044739947968608
2871.5               0.0038035534544179
2872.5               0.0032335772104375
2873.5               0.0027490121445872
2874.5               0.0023370598678518
2875.5               0.0019868396039513
2876.5               0.0016891009391173
2877.5               0.0014359795219576
2878.5               0.0012207894362071
2879.5               0.0010378466086536
2880.5               0.00088231870476463
2881.5               0.00075009750633015
2882.5               0.00063769041824813
2883.5               0.00054212820899124
2884.5               0.00046088658889332
2885.5               0.00039181954347711
2886.5               0.00033310264768716
2887.5               0.00028318486888779
2888.5               0.00024074760629489
2889.5               0.00020466985883871
2890.5               0.00017399861107492
2891.5               0.00014792366664906
2892.5               0.00012575623653532
2893.5               0.00010691075136293
2894.5               9.0889400450322e-05
2895.5               7.726896011917e-05
2896.5               6.5689642614331e-05
2897.5               5.5845568169843e-05
2898.5               4.7476702569327e-05
2899.5               4.0361971542779e-05
2900.5               3.4313434316147e-05
2901.5               2.9171312032616e-05
2902.5               2.479977778691e-05
2903.5               2.1083348400452e-05
2904.5               1.792385573296e-05
2905.5               1.5237830996995e-05
2906.5               1.2954330941284e-05
2907.5               1.1013028267115e-05
2908.5               9.3626462138729e-06
2909.5               7.9595818824885e-06
2910.5               6.7667804692917e-06
2911.5               5.7527271835056e-06
2912.5               4.8906412253302e-06
2913.5               4.1577408183002e-06
2914.5               3.5346747750964e-06
2915.5               3.0049762678175e-06
2916.5               2.5546609272453e-06
2917.5               2.1718227216638e-06
2918.5               1.846360841995e-06
2919.5               1.5696710597979e-06
2920.5               1.3344436666785e-06
2921.5               1.1344658545909e-06
2922.5               9.6446184372212e-07
2923.5               8.1992634903827e-07
2924.5               6.9705574645695e-07
2925.5               5.9259708251602e-07
2926.5               5.0379256322231e-07
2927.5               4.2829517710175e-07
2928.5               3.6411318404816e-07
2929.5               3.0954794283389e-07
2930.5               2.6315838397295e-07
2931.5               2.2372326213826e-07
2932.5               1.9019674724063e-07
2933.5               1.6169510175246e-07
2934.5               1.3746337401699e-07
2935.5               1.1686429601809e-07
2936.5               9.9347197135558e-08
2937.5               8.4461326821383e-08
2938.5               7.1804784340657e-08
2939.5               6.104450278599e-08
2940.5               5.1896265063078e-08
2941.5               4.4118042552554e-08
2942.5               3.7509995109986e-08
2943.5               3.1885605267234e-08
2944.5               2.7107205369248e-08
2945.5               2.3046009545169e-08
2946.5               1.9593215938585e-08
2947.5               1.6655565815427e-08
2948.5               1.4159784456069e-08
2949.5               1.2037038032986e-08
2950.5               1.0234035840995e-08
2951.5               8.6997076209627e-09
2952.5               7.3963057900528e-09
2953.5               6.2883032114769e-09
2954.5               5.3468340865948e-09
2955.5               4.5452530628154e-09
2956.5               3.8657965717448e-09
2957.5               3.2840397068412e-09
2958.5               2.7933211299569e-09
2959.5               2.3758772726978e-09
2960.5               2.0183854587685e-09
2961.5               1.7164047960705e-09
2962.5               1.4588330543575e-09
2963.5               1.2390088954817e-09
2964.5               1.0547118733939e-09
2965.5               8.9706020389713e-10
2966.5               7.6161299489286e-10
2967.5               6.4837024638109e-10
2968.5               5.5067062021408e-10
2969.5               4.6851411639182e-10
2970.5               3.9745984281581e-10
2971.5               3.397282455353e-10
2972.5               2.8643754035329e-10
2973.5               2.4646951146678e-10
2974.5               2.0872192862953e-10
2975.5               1.7541523789077e-10
2976.5               1.5099033134902e-10
2977.5               1.2878587085652e-10
2978.5               1.0880185641327e-10
2979.5               9.1038288019263e-11
2980.5               7.9936057773011e-11
2981.5               6.6613381477509e-11
2982.5               5.5511151231258e-11
2983.5               4.8849813083507e-11
2984.5               3.9968028886506e-11
2985.5               3.5527136788005e-11
2986.5               2.8865798640254e-11
2987.5               2.4424906541753e-11
2988.5               2.2204460492503e-11
2989.5               1.7763568394003e-11
2990.5               1.5543122344752e-11
2991.5               1.3322676295502e-11
2992.5               8.8817841970013e-12
2993.5               8.8817841970013e-12
2994.5               8.8817841970013e-12
2995.5               6.6613381477509e-12
2996.5               4.4408920985006e-12
2997.5               4.4408920985006e-12
2998.5               4.4408920985006e-12
2999.5               4.4408920985006e-12
3000.5               4.4408920985006e-12
3001.5               2.2204460492503e-12
3002.5               2.2204460492503e-12
3003.5               -0
3004.5               -0
3005.5               -0
3006.5               -0
3007.5               -0
3008.5               -0
3009.5               -0
3010.5               -0
3011.5               -0
3012.5               -2.2204460492503e-12
3013.5               -0
3014.5               -2.2204460492503e-12
3015.5               -0
3016.5               -0
3017.5               -0
3018.5               -2.2204460492503e-12
3019.5               -0
3020.5               -2.2204460492503e-12
3021.5               -2.2204460492503e-12
3022.5               -0
3023.5               -0
3024.5               -0
3025.5               -0
3026.5               -0
3027.5               2.2204460492503e-12
3028.5               2.2204460492503e-12
3029.5               -0
3030.5               -0
3031.5               2.2204460492503e-12
3032.5               -0
3033.5               2.2204460492503e-12
3034.5               2.2204460492503e-12
3035.5               2.2204460492503e-12
3036.5               -0
3037.5               -0
3038.5               -2.2204460492503e-12
3039.5               -2.2204460492503e-12
3040.5               -0
3041.5               -0
3042.5               -0
3043.5               -0
3044.5               -0
3045.5               -0
3046.5               -0
3047.5               2.2204460492503e-12
3048.5               2.2204460492503e-12
3049.5               -0
3050.5               2.2204460492503e-12
3051.5               -0
3052.5               -0
3053.5               -2.2204460492503e-12
3054.5               -0
3055.5               -2.2204460492503e-12
3056.5               -0
3057.5               -2.2204460492503e-12
3058.5               -0
3059.5               -0
3060.5               -0
3061.5               -0
3062.5               -0
3063.5               -0
3064.5               2.2204460492503e-12
3065.5               2.2204460492503e-12
3066.5               2.2204460492503e-12
3067.5               2.2204460492503e-12
3068.5               4.4408920985006e-12
3069.5               2.2204460492503e-12
3070.5               2.2204460492503e-12
3071.5               2.2204460492503e-12
3072.5               -0
3073.5               2.2204460492503e-12
3074.5               2.2204460492503e-12
3075.5               -0
3076.5               -0
3077.5               -0
3078.5               -0
3079.5               -0
3080.5               -2.2204460492503e-12
3081.5               -2.2204460492503e-12
3082.5               -0
3083.5               -4.4408920985006e-12
3084.5               -2.2204460492503e-12
3085.5               -2.2204460492503e-12
3086.5               -2.2204460492503e-12
3087.5               -0
3088.5               -2.2204460492503e-12
3089.5               -0
3090.5               2.2204460492503e-12
3091.5               -0
3092.5               2.2204460492503e-12
3093.5               -0
3094.5               -0
3095.5               -0
3096.5               -2.2204460492503e-12
3097.5               2.2204460492503e-12
3098.5               -0
3099.5               2.2204460492503e-12
3100.5               2.2204460492503e-12
3101.5               4.4408920985006e-12
3102.5               2.2204460492503e-12
3103.5               -0
3104.5               2.2204460492503e-12
3105.5               -0
3106.5               -2.2204460492503e-12
3107.5               -0
3108.5               -2.2204460492503e-12
3109.5               -0
3110.5               -2.2204460492503e-12
3111.5               -0
3112.5               -2.2204460492503e-12
3113.5               -2.2204460492503e-12
3114.5               -2.2204460492503e-12
3115.5               -0
3116.5               -0
3117.5               -0
3118.5               -0
3119.5               -2.2204460492503e-12
3120.5               -0
3121.5               -2.2204460492503e-12
3122.5               -0
3123.5               -0
3124.5               -0
3125.5               -0
3126.5               -0
3127.5               2.2204460492503e-12
3128.5               -0
3129.5               2.2204460492503e-12
3130.5               2.2204460492503e-12
3131.5               2.2204460492503e-12
3132.5               -0
3133.5               2.2204460492503e-12
3134.5               -0
3135.5               -0
3136.5               -2.2204460492503e-12
3137.5               -0
3138.5               -2.2204460492503e-12
3139.5               -2.2204460492503e-12
3140.5               -2.2204460492503e-12
3141.5               -0
3142.5               -2.2204460492503e-12
3143.5               -0
3144.5               -0
3145.5               -0
3146.5               -0
3147.5               2.2204460492503e-12
3148.5               -0
3149.5               -0
3150.5               2.2204460492503e-12
3151.5               -0
3152.5               -2.2204460492503e-12
3153.5               -0
3154.5               -0
3155.5               -2.2204460492503e-12
3156.5               -2.2204460492503e-12
3157.5               -2.2204460492503e-12
3158.5               -2.2204460492503e-12
3159.5               -0
3160.5               -0
3161.5               -0
3162.5               -0
3163.5               2.2204460492503e-12
3164.5               -0
3165.5               2.2204460492503e-12
3166.5               2.2204460492503e-12
3167.5               2.2204460492503e-12
3168.5               2.2204460492503e-12
3169.5               2.2204460492503e-12
3170.5               2.2204460492503e-12
3171.5               2.2204460492503e-12
3172.5               2.2204460492503e-12
3173.5               -0
3174.5               2.2204460492503e-12
3175.5               -0
3176.5               -0
3177.5               -0
3178.5               -0
3179.5               -0
3180.5               -0
3181.5               -0
3182.5               -0
3183.5               -2.2204460492503e-12
3184.5               -0
3185.5               -0
3186.5               -0
3187.5               -0
3188.5               -2.2204460492503e-12
3189.5               -0
3190.5               -2.2204460492503e-12
3191.5               -0
3192.5               -0
3193.5               2.2204460492503e-12
3194.5               -0
3195.5               -0
3196.5               -0
3197.5               -0
3198.5               -0
3199.5               -0
3200.5               -0
3201.5               -2.2204460492503e-12
3202.5               -0
3203.5               -0
3204.5               2.2204460492503e-12
3205.5               -0
3206.5               -0
3207.5               -0
3208.5               -0
3209.5               -0
3210.5               -0
3211.5               -0
3212.5               -0
3213.5               -0
3214.5               -0
3215.5               -2.2204460492503e-12
3216.5               -2.2204460492503e-12
3217.5               -2.2204460492503e-12
3218.5               -0
3219.5               -2.2204460492503e-12
3220.5               -2.2204460492503e-12
3221.5               -0
3222.5               -0
3223.5               -0
3224.5               2.2204460492503e-12
3225.5               -0
3226.5               -0
3227.5               -0
3228.5               -0
3229.5               -2.2204460492503e-12
3230.5               -2.2204460492503e-12
3231.5               -2.2204460492503e-12
3232.5               -2.2204460492503e-12
3233.5               -0
3234.5               -2.2204460492503e-12
3235.5               -0
3236.5               -2.2204460492503e-12
3237.5               -0
3238.5               -0
3239.5               2.2204460492503e-12
3240.5               -0
3241.5               2.2204460492503e-12
3242.5               2.2204460492503e-12
3243.5               -0
3244.5               2.2204460492503e-12
3245.5               4.4408920985006e-12
3246.5               2.2204460492503e-12
3247.5               -0
3248.5               2.2204460492503e-12
3249.5               -0
3250.5               -0
3251.5               -0
3252.5               -2.2204460492503e-12
3253.5               -2.2204460492503e-12
3254.5               -0
3255.5               -0
3256.5               -0
3257.5               -0
3258.5               2.2204460492503e-12
3259.5               -0
3260.5               -0
3261.5               2.2204460492503e-12
3262.5               -0
3263.5               -0
3264.5               -0
3265.5               -0
3266.5               -0
3267.5               -2.2204460492503e-12
3268.5               -2.2204460492503e-12
3269.5               -0
3270.5               -0
3271.5               -0
3272.5               -0
3273.5               -2.2204460492503e-12
3274.5               -0
3275.5               -0
3276.5               -0
3277.5               -0
3278.5               -0
3279.5               -0
3280.5               2.2204460492503e-12
3281.5               -0
3282.5               2.2204460492503e-12
3283.5               -0
3284.5               2.2204460492503e-12
3285.5               -0
3286.5               -0
3287.5               -0
3288.5               2.2204460492503e-12
3289.5               -0
3290.5               2.2204460492503e-12
3291.5               -0
3292.5               -2.2204460492503e-12
3293.5               -0
3294.5               -2.2204460492503e-12
3295.5               -0
3296.5               -0
3297.5               2.2204460492503e-12
3298.5               -0
3299.5               2.2204460492503e-12
3300.5               2.2204460492503e-12
3301.5               2.2204460492503e-12
3302.5               -0
3303.5               -0
3304.5               2.2204460492503e-12
3305.5               -2.2204460492503e-12
3306.5               -0
3307.5               -2.2204460492503e-12
3308.5               -2.2204460492503e-12
3309.5               -2.2204460492503e-12
3310.5               -2.2204460492503e-12
3311.5               -2.2204460492503e-12
3312.5               -2.2204460492503e-12
3313.5               -0
3314.5               -2.2204460492503e-12
3315.5               -0
3316.5               -0
3317.5               2.2204460492503e-12
3318.5               -0
3319.5               2.2204460492503e-12
3320.5               -0
3321.5               2.2204460492503e-12
3322.5               -0
3323.5               -2.2204460492503e-12
3324.5               -0
3325.5               -2.2204460492503e-12
3326.5               -2.2204460492503e-12
3327.5               -2.2204460492503e-12
3328.5               -0
3329.5               -0
3330.5               -0
3331.5               2.2204460492503e-12
3332.5               2.2204460492503e-12
3333.5               -0
3334.5               -2.2204460492503e-12
3335.5               -0
3336.5               -2.2204460492503e-12
3337.5               -2.2204460492503e-12
3338.5               -0
3339.5               -2.2204460492503e-12
3340.5               -0
3341.5               -0
3342.5               -0
3343.5               -0
3344.5               -0
3345.5               -0
3346.5               -0
3347.5               -0
3348.5               -0
3349.5               2.2204460492503e-12
3350.5               -0
3351.5               -0
3352.5               -0
3353.5               -0
3354.5               -2.2204460492503e-12
3355.5               -2.2204460492503e-12
3356.5               -0
3357.5               -0
3358.5               -0
3359.5               -0
3360.5               -0
3361.5               2.2204460492503e-12
3362.5               -0
3363.5               -0
3364.5               -2.2204460492503e-12
3365.5               -0
3366.5               -2.2204460492503e-12
3367.5               -2.2204460492503e-12
3368.5               -2.2204460492503e-12
3369.5               -0
3370.5               -2.2204460492503e-12
3371.5               -2.2204460492503e-12
3372.5               -0
3373.5               -0
3374.5               -0
3375.5               -0
3376.5               -0
3377.5               2.2204460492503e-12
3378.5               2.2204460492503e-12
3379.5               -0
3380.5               2.2204460492503e-12
3381.5               -0
3382.5               2.2204460492503e-12
3383.5               -0
3384.5               -0
3385.5               -0
3386.5               -0
3387.5               -0
3388.5               -0
3389.5               -0
3390.5               2.2204460492503e-12
3391.5               -0
3392.5               -0
3393.5               2.2204460492503e-12
3394.5               2.2204460492503e-12
3395.5               2.2204460492503e-12
3396.5               2.2204460492503e-12
3397.5               2.2204460492503e-12
3398.5               2.2204460492503e-12
3399.5               2.2204460492503e-12
3400.5               2.2204460492503e-12
3401.5               2.2204460492503e-12
3402.5               2.2204460492503e-12
3403.5               2.2204460492503e-12
3404.5               2.2204460492503e-12
3405.5               2.2204460492503e-12
3406.5               -0
3407.5               -0
3408.5               -0
3409.5               -0
3410.5               -2.2204460492503e-12
3411.5               -2.2204460492503e-12
3412.5               -2.2204460492503e-12
3413.5               -4.4408920985006e-12
3414.5               -2.2204460492503e-12
3415.5               -2.2204460492503e-12
3416.5               -2.2204460492503e-12
3417.5               -2.2204460492503e-12
3418.5               -0
3419.5               -2.2204460492503e-12
3420.5               -0
3421.5               -0
3422.5               2.2204460492503e-12
3423.5               -0
3424.5               -0
3425.5               2.2204460492503e-12
3426.5               -0
3427.5               -0
3428.5               2.2204460492503e-12
3429.5               -0
3430.5               -0
3431.5               2.2204460492503e-12
3432.5               -0
3433.5               -0
3434.5               -0
3435.5               -2.2204460492503e-12
3436.5               -0
3437.5               -0
3438.5               -0
3439.5               -0
3440.5               -0
3441.5               2.2204460492503e-12
3442.5               -2.2204460492503e-12
3443.5               -0
3444.5               -2.2204460492503e-12
3445.5               -0
3446.5               -2.2204460492503e-12
3447.5               -0
3448.5               -2.2204460492503e-12
3449.5               -0
3450.5               -0
3451.5               2.2204460492503e-12
3452.5               2.2204460492503e-12
3453.5               2.2204460492503e-12
3454.5               2.2204460492503e-12
3455.5               2.2204460492503e-12
3456.5               -0
3457.5               2.2204460492503e-12
3458.5               -2.2204460492503e-12
3459.5               -0
3460.5               -0
3461.5               -2.2204460492503e-12
3462.5               -2.2204460492503e-12
3463.5               -0
3464.5               -0
3465.5               -0
3466.5               2.2204460492503e-12
3467.5               -0
3468.5               2.2204460492503e-12
3469.5               -0
3470.5               2.2204460492503e-12
3471.5               -0
3472.5               -2.2204460492503e-12
3473.5               -0
3474.5               -2.2204460492503e-12
3475.5               -2.2204460492503e-12
3476.5               -2.2204460492503e-12
3477.5               -0
3478.5               -2.2204460492503e-12
3479.5               -0
3480.5               -2.2204460492503e-12
3481.5               -0
3482.5               -4.4408920985006e-12
3483.5               -2.2204460492503e-12
3484.5               -2.2204460492503e-12
3485.5               -0
3486.5               -2.2204460492503e-12
3487.5               -0
3488.5               -0
3489.5               -0
3490.5               -0
3491.5               -0
3492.5               2.2204460492503e-12
3493.5               2.2204460492503e-12
3494.5               -0
3495.5               2.2204460492503e-12
3496.5               -0
3497.5               2.2204460492503e-12
3498.5               -0
3499.5               2.2204460492503e-12
3500.5               2.2204460492503e-12
3501.5               2.2204460492503e-12
3502.5               -0
3503.5               2.2204460492503e-12
3504.5               -0
3505.5               2.2204460492503e-12
3506.5               -0
3507.5               -2.2204460492503e-12
3508.5               -2.2204460492503e-12
3509.5               -0
3510.5               -2.2204460492503e-12
3511.5               -2.2204460492503e-12
3512.5               -2.2204460492503e-12
3513.5               -0
3514.5               -0
3515.5               -0
3516.5               -0
3517.5               -0
3518.5               -0
3519.5               -0
3520.5               -0
3521.5               -2.2204460492503e-12
3522.5               -2.2204460492503e-12
3523.5               -0
3524.5               -0
3525.5               -2.2204460492503e-12
3526.5               -0
3527.5               -0
3528.5               -0
3529.5               -0
3530.5               2.2204460492503e-12
3531.5               -0
3532.5               2.2204460492503e-12
3533.5               -0
3534.5               -0
3535.5               -2.2204460492503e-12
3536.5               -2.2204460492503e-12
3537.5               -0
3538.5               -0
3539.5               -0
3540.5               -0
3541.5               -0
3542.5               -0
3543.5               -2.2204460492503e-12
3544.5               -0
3545.5               -4.4408920985006e-12
3546.5               -2.2204460492503e-12
3547.5               -4.4408920985006e-12
3548.5               -4.4408920985006e-12
3549.5               -4.4408920985006e-12
3550.5               -6.6613381477509e-12
3551.5               -8.8817841970013e-12
3552.5               -8.8817841970013e-12
3553.5               -1.1102230246252e-11
3554.5               -1.3322676295502e-11
3555.5               -1.5543122344752e-11
3556.5               -1.7763568394003e-11
3557.5               -2.2204460492503e-11
3558.5               -2.4424906541753e-11
3559.5               -2.8865798640254e-11
3560.5               -3.5527136788005e-11
3561.5               -3.9968028886506e-11
3562.5               -4.6629367034257e-11
3563.5               -5.5511151231258e-11
3564.5               -6.6613381477509e-11
3565.5               -7.7715611723761e-11
3566.5               -9.3258734068513e-11
3567.5               -1.0880185641327e-10
3568.5               -1.2656542480727e-10
3569.5               -1.5099033134902e-10
3570.5               -1.7541523789077e-10
3571.5               -2.0650148258028e-10
3572.5               -2.4424906541753e-10
3573.5               -2.8643754035329e-10
3574.5               -3.3750779948605e-10
3575.5               -3.9523939676656e-10
3576.5               -4.6629367034257e-10
3577.5               -5.4845017416483e-10
3578.5               -6.4392935428259e-10
3579.5               -7.5717210279436e-10
3580.5               -8.9261931179863e-10
3581.5               -1.0480505352461e-09
3582.5               -1.2323475573339e-09
3583.5               -1.4521717162097e-09
3584.5               -1.7075230118735e-09
3585.5               -2.0095036745715e-09
3586.5               -2.3625545964023e-09
3587.5               -2.7799984536614e-09
3588.5               -3.2684965844965e-09
3589.5               -3.8458125573015e-09
3590.5               -4.5230486023229e-09
3591.5               -5.3201887340038e-09
3592.5               -6.2572169667874e-09
3593.5               -7.3607786532648e-09
3594.5               -8.657519146027e-09
3595.5               -1.0182965581862e-08
3596.5               -1.1979306435705e-08
3597.5               -1.4088730182493e-08
3598.5               -1.6573409311604e-08
3599.5               -1.9493295866368e-08
3600.5               -2.2930546350608e-08
3601.5               -2.6973978606293e-08
3602.5               -3.1725733151688e-08
3603.5               -3.7321257195799e-08
3604.5               -4.3900438839728e-08
3605.5               -5.1636472875316e-08
3606.5               -6.0738081231193e-08
3607.5               -7.1447292526727e-08
3608.5               -8.4039442072026e-08
3609.5               -9.8856478558673e-08
3610.5               -1.1628031870714e-07
3611.5               -1.3677725618777e-07
3612.5               -1.6088685939053e-07
3613.5               -1.8924639633155e-07
3614.5               -2.2260859822154e-07
3615.5               -2.6184610035784e-07
3616.5               -3.0800251238361e-07
3617.5               -3.6229685917988e-07
3618.5               -4.2615910800237e-07
3619.5               -5.0127901829455e-07
3620.5               -5.8963944837842e-07
3621.5               -6.9358074838988e-07
3622.5               -8.158385078616e-07
3623.5               -9.5964791668735e-07
3624.5               -1.1288103785034e-06
3625.5               -1.3277889898688e-06
3626.5               -1.5618417670282e-06
3627.5               -1.8371526522287e-06
3628.5               -2.1609958267277e-06
3629.5               -2.5419200078147e-06
3630.5               -2.9899926978771e-06
3631.5               -3.5170466539114e-06
3632.5               -4.1370107339844e-06
3633.5               -4.8662540663713e-06
3634.5               -5.7240434614414e-06
3635.5               -6.7330385711273e-06
3636.5               -7.9198936298042e-06
3637.5               -9.3159591152414e-06
3638.5               -1.0958112195425e-05
3639.5               -1.2889731504373e-05
3640.5               -1.5161847333189e-05
3641.5               -1.7834476118139e-05
3642.5               -2.0978214720913e-05
3643.5               -2.4676110044197e-05
3644.5               -2.9025848391484e-05
3645.5               -3.4142326743591e-05
3646.5               -4.0160701431091e-05
3647.5               -4.7239954170664e-05
3648.5               -5.5567090928577e-05
3649.5               -6.5362073531361e-05
3650.5               -7.6883652777582e-05
3651.5               -9.0436169664088e-05
3652.5               -0.00010637763114829
3653.5               -0.00012512914038254
3654.5               -0.00014718603225106
3655.5               -0.00017313095179716
3656.5               -0.00020364925523708
3657.5               -0.00023954709771346
3658.5               -0.00028177274291608
3659.5               -0.00033144160527243
3660.5               -0.00038986570416455
3661.5               -0.00045858834285539
3662.5               -0.00053942484701253
3663.5               -0.00063451053522456
3664.5               -0.00074635709834681
3665.5               -0.00087791897307454
3666.5               -0.0010326713328901
3667.5               -0.0012147019168296
3668.5               -0.0014288189587042
3669.5               -0.0016806781899525
3670.5               -0.001976932200165
3671.5               -0.0023254061121136
3672.5               -0.0027353042364453
3673.5               -0.0032174530817386
3674.5               -0.0037845872413733
3675.5               -0.0044516855779442
3676.5               -0.0052363666513955
3677.5               -0.0061593537536986
3678.5               -0.0072450218491227
3679.5               -0.0085220407552988
3680.5               -0.010024131511521
3681.5               -0.011790955845026
3682.5               -0.01386916200552
3683.5               -0.016313614508157
3684.5               -0.01918883987706
3685.5               -0.022570726339044
3686.5               -0.026548521723235
3687.5               -0.031227181733762
3688.5               -0.036730129571172
3689.5               -0.043202498454242
3690.5               -0.05081494082626
3691.5               -0.059768102254054
3692.5               -0.070297874550374
3693.5               -0.082681561990317
3694.5               -0.097245116521538
3695.5               -0.11437162369177
3696.5               -0.13451125021158
3697.5               -0.15819289791885
3698.5               -0.18603784688986
3699.5               -0.21877571371398
3700.5               -0.25726309889285
3701.5               -0.30250535056453
3702.5               -0.35568192944258
3703.5               -0.41817592121962
3704.5               -0.49160830610129
3705.5               -0.57787765780581
3706.5               -0.67920600163696
3707.5               -0.79819160727856
3708.5               -0.93786951667285
3709.5               -1.1017805980607
3710.5               -1.2940498553871
3711.5               -1.5194745831826
3712.5               -1.7836227082402
3713.5               -2.0929412583204
3714.5               -2.4548742923347
3715.5               -2.8779887516239
3716.5               -3.3721054743152
3717.5               -3.9484309753424
3718.5               -4.6196834579337
3719.5               -5.4002038345002
3720.5               -6.3060392895897
3721.5               -7.3549831991149
3722.5               -8.5665512577249
3723.5               -9.9618699044512
3724.5               -11.56345030781
3725.5               -13.394820350252
3726.5               -15.4799896536
3727.5               -17.842730354765
3728.5               -20.505670650233
3729.5               -23.489220062021
3730.5               -26.810374580652
3731.5               -30.481483774707
3732.5               -34.509095284834
3733.5               -38.893016779895
3734.5               -43.62574191602
3735.5               -48.692366765724
3736.5               -54.071073010726
3737.5               -59.734178362192
3738.5               -65.64966670674
3739.5               -71.783030469272
3740.5               -78.099206344053
3741.5               -84.564376873066
3742.5               -91.147446252726
3743.5               -97.821068284718
3744.5               -104.56218804977
3745.5               -111.35213579248
3746.5               -118.17636612254
3747.5               -125.02396137269
3748.5               -131.88701692635
3749.5               -138.76000639291
3750.5               -145.63919539661
3751.5               -152.52214295524
3752.5               -159.4073045611
3753.5               -166.29373362298
3754.5               -173.18086791055
3755.5               -180.06838364595
3756.5               -186.95609997188
3757.5               -193.84391886407
3758.5               -200.73178875542
3759.5               -207.6196833087
3760.5               -126.55922790121
3761.5187209763      -65.762958278119
3762.5755848552      -34.251984632141
3763.6720197814      -17.683219868694
3764.8095073722      -8.9873807308981
3765.9895847196      -4.477619443591
3767.2138464671      -2.1807413705551
3768.483946965       -1.0362838807449
3769.8016025056      -0.47979238043045
3771.1685936425      -0.21618300160591
3772.5867675969      -0.094696364480295
3774.0580407534      -0.040287098923431
3775.5844012497      -0.016630934649324
3777.1679116635      -0.0066565651884207
3778.8107117992      -0.002583985517974
3780.5150215798      -0.00098067442530064
3782.2831440465      -0.00038823904156947
3784.117468471       -0.00022992395831343
3786.0204735836      -0.00035652834877355
3787.9947309236      -0.00097327521238974
3790                 -4758.2579429988
3792                 -0
3794                 -0
3796                 -0
3798                 -0
