x[nm]                E[kV/cm]            
-8                   -0
-6                   -0
-4                   -0
-2                   -0
0                    -293.22280207532
1.999                -0.00037588765155749
3.997                -0.0002171237408529
5.995                -0.00012541703411542
7.9929999999999      -7.2444561749775e-05
9.9909999999999      -4.1846077265091e-05
11.989               -2.4171522307905e-05
13.987               -1.3962182539036e-05
15.985               -8.0649623338229e-06
17.983               -4.6585358193641e-06
19.981               -2.6909227821201e-06
21.979               -1.5543389064999e-06
23.977               -8.9785147396073e-07
25.975               -5.1861084662611e-07
27.973               -2.9958018048264e-07
29.971               -1.7304809570614e-07
31.969               -9.9966748259342e-08
33.967               -5.7718261268201e-08
35.965               -3.3357812119268e-08
37.963               -1.9257201772477e-08
39.961               -1.1131124939585e-08
41.959               -6.4368486072362e-09
43.957               -3.6985207466993e-09
45.955               -2.1515433189933e-09
47.953               -1.2446944820623e-09
49.951               -7.1125398974986e-10
51.948999999999      -4.0897104410617e-10
53.946999999999      -2.311575466687e-10
55.944999999999      -1.4225079794997e-10
57.942999999999      -8.8906748718732e-11
59.940999999999      -3.5562699487493e-11
61.938999999999      -3.5562699487493e-11
63.936999999999      -1.7781349743746e-11
65.934999999999      -1.7781349743746e-11
67.932999999999      -0
69.930999999999      -1.7781349743746e-11
71.928999999999      -0
73.926999999999      -0
75.924999999999      -0
77.922999999999      -0
79.920999999999      -0
81.918999999999      -0
83.916999999999      -1.7781349743746e-11
85.914999999999      -0
87.912999999999      -0
89.910999999999      1.7781349743746e-11
91.908999999999      -0
93.906999999999      -0
95.904999999999      -0
97.902999999999      -0
99.900999999999      -0
101.899              -0
103.897              -0
105.895              -0
107.893              -0
109.891              -0
111.889              -0
113.887              -0
115.885              -0
117.883              -0
119.881              -0
121.879              -0
123.877              -0
125.875              -0
127.873              -0
129.871              -1.7781349743747e-11
131.869              -0
133.867              -0
135.865              -0
137.863              -1.7781349743746e-11
139.861              1.7781349743747e-11
141.859              -0
143.857              -0
145.855              -1.7781349743746e-11
147.853              -0
149.851              -0
151.849              -0
153.847              1.7781349743747e-11
155.845              -0
157.843              -0
159.841              -0
161.839              -0
163.837              -1.7781349743746e-11
165.835              -0
167.833              -0
169.831              -0
171.829              1.7781349743747e-11
173.827              -0
175.825              -0
177.823              -0
179.821              -0
181.819              -0
183.817              -0
185.815              -0
187.813              -0
189.811              -0
191.809              -0
193.807              -1.7781349743747e-11
195.805              -0
197.803              -0
199.801              -0
201.799              1.7781349743746e-11
203.797              -0
205.795              -0
207.793              -1.7781349743747e-11
209.791              -0
211.789              -0
213.787              -0
215.785              -0
217.783              -0
219.781              -0
221.779              -0
223.777              -0
225.775              -0
227.773              -0
229.771              -0
231.769              -0
233.767              -0
235.765              1.7781349743747e-11
237.763              -0
239.761              -1.7781349743747e-11
241.759              -0
243.757              -0
245.755              -0
247.753              1.7781349743746e-11
249.751              -0
251.749              -0
253.747              -0
255.745              -0
257.743              1.7781349743746e-11
259.741              -0
261.739              -0
263.737              -0
265.735              -0
267.733              -0
269.731              -0
271.729              -0
273.727              -0
275.725              -0
277.723              -0
279.721              -0
281.719              -0
283.717              -0
285.715              -0
287.713              1.7781349743747e-11
289.711              -0
291.709              -0
293.707              -0
295.705              -0
297.703              -0
299.701              -0
301.699              -0
303.697              -0
305.695              -0
307.693              -0
309.691              -0
311.689              -1.7781349743747e-11
313.687              1.7781349743746e-11
315.685              -0
317.683              -0
319.681              -0
321.679              -0
323.677              -0
325.675              -0
327.673              -0
329.671              -0
331.669              -0
333.667              -1.7781349743746e-11
335.665              -0
337.663              -1.7781349743746e-11
339.661              -0
341.659              -0
343.657              -0
345.655              -0
347.653              -0
349.651              -0
351.649              -0
353.647              -0
355.645              -0
357.643              1.7781349743747e-11
359.641              -0
361.639              -0
363.637              -0
365.635              -1.7781349743746e-11
367.633              -0
369.631              -0
371.629              -0
373.627              1.7781349743746e-11
375.625              -1.7781349743747e-11
377.623              -0
379.621              -0
381.619              -0
383.617              1.7781349743746e-11
385.615              -0
387.613              -0
389.611              -0
391.609              -0
393.607              -0
395.605              -0
397.60299999999      -0
399.60099999999      -0
401.59899999999      -0
403.59699999999      -0
405.59499999999      -0
407.59299999999      -0
409.59099999999      -0
411.58899999999      -0
413.58699999999      -0
415.58499999999      -0
417.58299999999      -0
419.58099999999      -0
421.57899999999      -0
423.57699999999      -0
425.57499999999      -0
427.57299999999      -0
429.57099999999      -0
431.56899999999      -0
433.56699999999      -0
435.56499999999      -0
437.56299999999      -0
439.56099999999      -0
441.55899999999      -0
443.55699999999      -0
445.55499999999      -0
447.55299999999      -1.7781349743746e-11
449.55099999999      -0
451.54899999999      1.7781349743747e-11
453.54699999999      -0
455.54499999999      -1.7781349743746e-11
457.54299999999      1.7781349743747e-11
459.54099999999      -0
461.53899999999      -0
463.53699999999      -0
465.53499999999      -0
467.53299999999      -0
469.53099999999      -0
471.52899999999      -0
473.52699999999      -0
475.52499999999      -0
477.52299999999      -0
479.52099999999      -1.7781349743747e-11
481.51899999999      -0
483.51699999999      1.7781349743746e-11
485.51499999999      -0
487.51299999999      -0
489.51099999999      -0
491.50899999999      -0
493.50699999999      -0
495.50499999999      -0
497.50299999999      -0
499.50099999999      -0
501.49899999999      -0
503.49699999999      -0
505.49499999999      -0
507.49299999999      -0
509.49099999999      -0
511.48899999999      -0
513.48699999999      -0
515.48499999999      -0
517.48299999999      -1.7781349743747e-11
519.48099999999      1.7781349743746e-11
521.47899999999      -0
523.47699999999      -0
525.47499999999      -0
527.47299999999      -0
529.47099999999      -0
531.46899999999      -0
533.46699999999      -0
535.46499999999      -0
537.46299999999      -0
539.46099999999      -0
541.45899999999      -0
543.45699999999      -0
545.45499999999      -0
547.45299999999      -0
549.45099999999      -1.7781349743746e-11
551.44899999999      -0
553.44699999999      -0
555.44499999999      -0
557.44299999999      -0
559.44099999999      -0
561.43899999999      1.7781349743746e-11
563.43699999999      -0
565.43499999999      -0
567.43299999999      -0
569.43099999999      -0
571.42899999999      -0
573.42699999999      -0
575.42499999999      -0
577.42299999999      -0
579.42099999999      -0
581.41899999999      -0
583.41699999999      -0
585.41499999999      -0
587.41299999999      -0
589.41099999999      -0
591.40899999999      -0
593.40699999999      -0
595.40499999999      -0
597.40299999999      -0
599.40099999999      -0
601.39899999999      -0
603.39699999999      -0
605.39499999999      -0
607.39299999999      -0
609.39099999999      -0
611.38899999999      -0
613.38699999999      -0
615.38499999999      -0
617.38299999999      -1.7781349743746e-11
619.38099999999      -0
621.37899999999      -0
623.37699999999      1.7781349743747e-11
625.37499999999      -0
627.37299999999      -0
629.37099999999      -0
631.369              -0
633.36699999999      -0
635.365              -0
637.363              -0
639.361              -0
641.359              -0
643.357              -0
645.355              -0
647.353              -0
649.351              -0
651.349              -0
653.347              -0
655.345              -0
657.343              -0
659.341              -0
661.339              -0
663.337              -0
665.335              -0
667.333              -0
669.331              -0
671.329              -0
673.327              -0
675.325              -0
677.323              -0
679.321              -1.7781349743746e-11
681.319              -0
683.317              -0
685.315              -0
687.313              1.7781349743746e-11
689.311              -0
691.309              -0
693.307              -0
695.305              -0
697.303              -0
699.301              -0
701.299              -0
703.297              -0
705.295              -0
707.293              -0
709.291              -0
711.289              -0
713.287              -0
715.285              -0
717.283              -0
719.281              -0
721.279              -0
723.277              -0
725.275              -0
727.273              -0
729.271              -0
731.269              -0
733.267              -0
735.265              -0
737.263              -0
739.261              -0
741.259              -0
743.257              -0
745.255              -0
747.253              -0
749.251              -0
751.249              -0
753.247              -0
755.245              -0
757.243              -1.7781349743746e-11
759.241              -0
761.239              1.7781349743747e-11
763.237              -0
765.235              -0
767.233              -0
769.231              -0
771.229              -1.7781349743746e-11
773.227              -0
775.225              1.7781349743746e-11
777.223              -0
779.221              -0
781.219              -0
783.217              -0
785.215              -0
787.213              -0
789.211              -0
791.209              -0
793.207              -0
795.205              -0
797.203              -0
799.201              -0
801.199              -0
803.197              -0
805.195              -0
807.193              -0
809.191              -0
811.189              -0
813.187              -0
815.185              -0
817.183              -0
819.181              -1.7781349743747e-11
821.179              -0
823.177              1.7781349743746e-11
825.175              -0
827.173              -0
829.171              -0
831.169              -0
833.167              -0
835.165              -0
837.163              -0
839.161              -0
841.159              -0
843.157              -0
845.155              -0
847.153              -0
849.151              -0
851.149              -0
853.147              -0
855.145              -0
857.143              -0
859.141              -0
861.139              -0
863.137              -0
865.135              -0
867.133              -0
869.131              -0
871.129              -0
873.127              -0
875.125              -0
877.123              -0
879.121              -0
881.119              -0
883.117              -0
885.115              -0
887.113              -0
889.111              1.7781349743747e-11
891.109              1.7781349743746e-11
893.107              3.5562699487492e-11
895.105              5.3344049231237e-11
897.103              8.8906748718729e-11
899.101              1.6003214769371e-10
901.099              2.667202461562e-10
903.097              4.6231509333739e-10
905.095              8.1794208821231e-10
907.093              1.4047266297559e-09
909.091              2.4360449148932e-09
911.089              4.2319612390115e-09
913.087              7.3259160944237e-09
915.085              1.2660321017547e-08
917.083              2.1924404234039e-08
919.081              3.7963181702897e-08
921.079              6.5702087303141e-08
923.077              1.1376507566049e-07
925.075              1.9694622976174e-07
927.073              3.4095738133633e-07
929.071              5.9025190474364e-07
931.069              1.0218763884233e-06
933.067              1.769084267355e-06
935.065              3.062641898513e-06
937.063              5.3020962106397e-06
939.061              9.1790705833667e-06
941.059              1.5890943327089e-05
943.057              2.7510610850884e-05
945.055              4.7626794066781e-05
947.053              8.2452154324454e-05
949.051              0.00014274232780093
951.049              0.00024711757053954
953.047              0.00042781337142641
955.045              0.00074063649663229
957.043              0.0012822000962921
959.041              0.0022197620362884
961.039              0.0038428806438863
963.037              0.0066528407429912
965.035              0.011517465997718
967.033              0.019939121478365
969.031              0.034518652778767
971.029              0.059758469813074
973.027              0.10345257698211
975.025              0.1790921720611
977.023              0.31002773350887
979.021              0.53666693299968
981.019              0.92891312640338
983.017              1.6076311895989
985.015              2.7816060487238
987.013              4.810915819918
989.011              8.3148145253802
991.009              14.353007872346
993.007              24.722973868712
995.005              42.424958343464
997.003              72.316398140166
999.001              121.78383953491
1001                 129.78541091812
1003                 92.365695319163
1005                 68.71221141088
1007                 52.929897649019
1009                 41.884421059351
1011                 33.837314497163
1013                 27.778525650444
1015                 23.093396291056
1017                 19.391305051712
1019                 16.414095327377
1021                 13.985132249257
1023                 11.979821201713
1025                 10.307900995468
1027                 8.9024395801474
1029                 7.7127795853649
1031                 6.6998872070911
1033                 5.8332069185063
1035                 5.0884851819433
1037                 4.4462330485118
1039                 3.8906194167154
1041                 3.4086605051442
1043                 2.9896168615196
1045                 2.6245382601253
1047                 2.3059156363914
1049                 2.0274116143781
1051                 1.7836495156764
1053                 1.5700464255985
1055                 1.3826798374694
1057                 1.2181801637112
1059                 1.073643378664
1061                 0.94655947648903
1063                 0.83475346709605
1065                 0.73633639408044
1067                 0.64966442874237
1069                 0.57330451951998
1071                 0.50600540113521
1073                 0.44667301347445
1075                 0.39434957209039
1077                 0.34819567941824
1079                 0.30747498167116
1081                 0.27154096770232
1083                 0.23982557864954
1085                 0.21182935439512
1087                 0.18711289019535
1089                 0.16528941348071
1091                 0.1460183221802
1093                 0.1289995507392
1095                 0.1139686499485
1097                 0.10069248526534
1099                 0.088965470368407
1101                 0.078606266917802
1103                 0.069454889075615
1105                 0.061370161912322
1107                 0.054227488046621
1109                 0.047916884273747
1111                 0.04234125439595
1113                 0.03741486898079
1115                 0.033062026680852
1117                 0.029215875088084
1119                 0.025817371405168
1121                 0.022814366413826
1123                 0.020160796623259
1125                 0.017815971755653
1127                 0.015743946129021
1129                 0.013912964185181
1131                 0.012294970694882
1133                 0.010865178978747
1135                 0.0096016892214834
1137                 0.0084851518700191
1139                 0.0074984701470271
1141                 0.0066265375409102
1143                 0.005856005778071
1145                 0.005175080044495
1147                 0.0045733380105162
1149                 0.0040415700119922
1151                 0.0035716379187534
1153                 0.0031563502922438
1155                 0.0027893522691613
1157                 0.0024650281638117
1159                 0.0021784155102011
1161                 0.0019251289629096
1163                 0.0017012932573834
1165                 0.0015034837730354
1167                 0.0013286742195362
1169                 0.0011741901495554
1171                 0.0010376681913726
1173                 0.00091701981119741
1175                 0.00081039926769222
1177                 0.00071617549224356
1179                 0.00063290709562125
1181                 0.00055932028786287
1183                 0.00049428933834861
1185                 0.00043681943395768
1187                 0.00038603149121741
1189                 0.00034114858493695
1191                 0.00030148413543429
1193                 0.00026643135697668
1195                 0.00023545412730641
1197                 0.0002080785321823
1199                 0.00018388583100659
1201                 0.00016250595535894
1203                 0.0001436118779452
1205                 0.00012691454998048
1207                 0.00011215858464197
1209                 9.9118224738959e-05
1211                 8.7594074216213e-05
1213                 7.7409776366721e-05
1215                 6.8409580222806e-05
1217                 6.0455818129412e-05
1219                 5.3426791879474e-05
1221                 4.7215049647775e-05
1223                 4.1725485289135e-05
1225                 3.6874201470027e-05
1227                 3.2586946474567e-05
1229                 2.8798172735378e-05
1231                 2.5449917728793e-05
1233                 2.2490915796425e-05
1235                 1.987597642028e-05
1237                 1.75650605172e-05
1239                 1.5522836349646e-05
1241                 1.3718057800816e-05
1243                 1.2123084758286e-05
1245                 1.0713581133359e-05
1247                 9.4679464268665e-06
1249                 8.3671203299218e-06
1251                 7.3943162703927e-06
1253                 6.5346128508281e-06
1255                 5.7748472670482e-06
1257                 5.1034199088917e-06
1259                 4.5100634338269e-06
1261                 3.9857006584043e-06
1263                 3.5222846861416e-06
1265                 3.1127811439546e-06
1267                 2.7508662014952e-06
1269                 2.4310331525612e-06
1271                 2.1483792522758e-06
1273                 1.8986057170878e-06
1275                 1.6778400890871e-06
1277                 1.482796108121e-06
1279                 1.3103829132888e-06
1281                 1.1580247871734e-06
1283                 1.0233947023153e-06
1285                 9.0441432121224e-07
1287                 7.9925399631975e-07
1289                 7.0631500648233e-07
1291                 6.2419402979685e-07
1293                 5.5162985290735e-07
1295                 4.8748560743661e-07
1297                 4.3081982425974e-07
1299                 3.8070879782026e-07
1301                 3.3644198538241e-07
1303                 2.9734437134721e-07
1305                 2.6275870368409e-07
1307                 2.322053660464e-07
1309                 2.0520474208752e-07
1311                 1.8136603330277e-07
1313                 1.6026291405069e-07
1315                 1.4162893080538e-07
1317                 1.2517986647254e-07
1319                 1.1061374038945e-07
1321                 9.777068044059e-08
1323                 8.6384233100034e-08
1325                 7.6347816957423e-08
1327                 6.7466032760422e-08
1329                 5.9632299098666e-08
1331                 5.2704507425005e-08
1333                 4.6576076329075e-08
1335                 4.114042440051e-08
1337                 3.6379788070917e-08
1339                 3.2134295224751e-08
1341                 2.840394586201e-08
1343                 2.5082158572332e-08
1345                 2.2168933355715e-08
1347                 1.9593215938585e-08
1349                 1.7319479184152e-08
1351                 1.5294432387236e-08
1353                 1.353583911623e-08
1355                 1.1954881529164e-08
1357                 1.0551559626037e-08
1359                 9.3436369752453e-09
1361                 8.2422957348172e-09
1363                 7.300826609935e-09
1365                 6.4659388954169e-09
1367                 5.7021054544748e-09
1369                 5.0448534238967e-09
1371                 4.4586556668946e-09
1373                 3.9435121834686e-09
1375                 3.4638958368305e-09
1377                 3.0553337637684e-09
1379                 2.7178259642824e-09
1381                 2.3980817331903e-09
1383                 2.1138646388863e-09
1385                 1.8651746813703e-09
1387                 1.6342482922482e-09
1389                 1.4743761767022e-09
1391                 1.2789769243682e-09
1393                 1.1546319456102e-09
1395                 1.0302869668521e-09
1397                 9.0594198809413e-10
1399                 7.9936057773011e-10
1401                 7.105427357601e-10
1403                 6.2172489379009e-10
1405                 5.5067062021408e-10
1407                 4.7961634663807e-10
1409                 4.0856207306206e-10
1411                 3.7303493627405e-10
1413                 3.3750779948605e-10
1415                 3.0198066269804e-10
1417                 2.4868995751604e-10
1419                 2.3092638912203e-10
1421                 2.1316282072803e-10
1423                 1.7763568394003e-10
1425                 1.5987211554602e-10
1427                 1.4210854715202e-10
1429                 1.2434497875802e-10
1431                 1.0658141036402e-10
1433                 7.105427357601e-11
1435                 8.8817841970013e-11
1437                 7.105427357601e-11
1439                 7.105427357601e-11
1441                 5.3290705182008e-11
1443                 7.105427357601e-11
1445                 5.3290705182008e-11
1447                 3.5527136788005e-11
1449                 3.5527136788005e-11
1451                 5.3290705182008e-11
1453                 3.5527136788005e-11
1455                 3.5527136788005e-11
1457                 1.7763568394003e-11
1459                 1.7763568394003e-11
1461                 1.7763568394003e-11
1463                 1.7763568394003e-11
1465                 -0
1467                 1.7763568394003e-11
1469                 -0
1471                 3.5527136788005e-11
1473                 1.7763568394003e-11
1475                 1.7763568394003e-11
1477                 1.7763568394003e-11
1479                 -0
1481                 1.7763568394003e-11
1483                 1.7763568394003e-11
1485                 -0
1487                 -0
1489                 -0
1491                 -0
1493                 -0
1495                 -0
1497                 -0
1499                 -0
1501                 -1.7763568394003e-11
1503                 -0
1505                 -1.7763568394003e-11
1507                 -1.7763568394003e-11
1509                 -0
1511                 -0
1513                 -0
1515                 -0
1517                 1.7763568394003e-11
1519                 -0
1521                 1.7763568394003e-11
1523                 1.7763568394003e-11
1525                 3.5527136788005e-11
1527                 1.7763568394003e-11
1529                 1.7763568394003e-11
1531                 1.7763568394003e-11
1533                 3.5527136788005e-11
1535                 1.7763568394003e-11
1537                 1.7763568394003e-11
1539                 1.7763568394003e-11
1541                 1.7763568394003e-11
1543                 3.5527136788005e-11
1545                 3.5527136788005e-11
1547                 3.5527136788005e-11
1549                 5.3290705182008e-11
1551                 5.3290705182008e-11
1553                 7.105427357601e-11
1555                 7.105427357601e-11
1557                 8.8817841970013e-11
1559                 1.0658141036402e-10
1561                 1.2434497875802e-10
1563                 1.2434497875802e-10
1565                 1.2434497875802e-10
1567                 1.5987211554602e-10
1569                 1.5987211554602e-10
1571                 1.7763568394003e-10
1573                 2.1316282072803e-10
1575                 2.6645352591004e-10
1577                 2.8421709430404e-10
1579                 3.3750779948605e-10
1581                 3.7303493627405e-10
1583                 4.2632564145606e-10
1585                 4.7961634663807e-10
1587                 5.3290705182008e-10
1589                 5.8619775700208e-10
1591                 6.750155989721e-10
1593                 7.6383344094211e-10
1595                 8.5265128291212e-10
1597                 9.7699626167014e-10
1599                 1.1191048088222e-09
1601                 1.2612133559742e-09
1603                 1.4210854715202e-09
1605                 1.6164847238542e-09
1607                 1.8296475445823e-09
1609                 2.0783375020983e-09
1611                 2.3447910280083e-09
1613                 2.6290081223124e-09
1615                 3.0020430585864e-09
1617                 3.3750779948605e-09
1619                 3.8369307731045e-09
1621                 4.3343106881366e-09
1623                 4.9027448767447e-09
1625                 5.5422333389288e-09
1627                 6.2883032114769e-09
1629                 7.105427357601e-09
1631                 8.0291329140891e-09
1633                 9.0949470177293e-09
1635                 1.0285106100127e-08
1637                 1.1652900866466e-08
1639                 1.318056774835e-08
1641                 1.4903633882568e-08
1643                 1.6875389974302e-08
1645                 1.9095836023553e-08
1647                 2.1618262735501e-08
1649                 2.4442670110147e-08
1651                 2.7675639557856e-08
1653                 3.1317171078626e-08
1655                 3.5456082514429e-08
1657                 4.0092373865264e-08
1659                 4.5385917246676e-08
1661                 5.1372239795455e-08
1663                 5.8086868648388e-08
1665                 6.5742966626203e-08
1667                 7.4393824434082e-08
1669                 8.4199314187572e-08
1671                 9.5266017297035e-08
1673                 1.0778933301481e-07
1675                 1.2196466059322e-07
1677                 1.380229264214e-07
1679                 1.5619505688846e-07
1681                 1.7674750552032e-07
1683                 2.0000001654807e-07
1685                 2.262900977712e-07
1687                 2.5607960196794e-07
1689                 2.8977709121136e-07
1691                 3.2789770898489e-07
1693                 3.7104541661392e-07
1695                 4.1987746612904e-07
1697                 4.7510440026599e-07
1699                 5.3761439744449e-07
1701                 6.0833116322101e-07
1703                 6.8837380240439e-07
1705                 7.7893247407701e-07
1707                 8.8141050014201e-07
1709                 9.9735331104966e-07
1711                 1.1285727907762e-06
1713                 1.2770584589816e-06
1715                 1.4450662888521e-06
1717                 1.6351897613731e-06
1719                 1.8503243381929e-06
1721                 2.0937740430327e-06
1723                 2.3692159345501e-06
1725                 2.6809132691596e-06
1727                 3.0336444467594e-06
1729                 3.4327385378674e-06
1731                 3.8843772642849e-06
1733                 4.395417363412e-06
1735                 4.9736925689103e-06
1737                 5.6280313742718e-06
1739                 6.368470195639e-06
1741                 7.2063244260789e-06
1743                 8.154419361972e-06
1745                 9.227214547991e-06
1747                 1.0441194575606e-05
1749                 1.1814851319514e-05
1751                 1.3369270135399e-05
1753                 1.5128165387068e-05
1755                 1.7118466644206e-05
1757                 1.9370638426608e-05
1759                 2.1919106529822e-05
1761                 2.4802844222904e-05
1763                 2.8065976209746e-05
1765                 3.1758435881102e-05
1767                 3.593665809376e-05
1769                 4.0664609457508e-05
1771                 4.601456993214e-05
1773                 5.2068376277248e-05
1775                 5.8918647738437e-05
1777                 6.6670171605665e-05
1779                 7.5441501934392e-05
1781                 8.5366806956699e-05
1783                 9.6597894128081e-05
1785                 0.00010930660820918
1787                 0.0001236873004018
1789                 0.00013995993697336
1791                 0.00015837345657133
1793                 0.00017920948280903
1795                 0.00020278676515773
1797                 0.00022946592181938
1799                 0.00025965501748715
1801                 0.00029381586941213
1803                 0.00033247097519506
1805                 0.00037621157744638
1807                 0.00042570675873321
1809                 0.00048171356681337
1811                 0.00054508866753622
1813                 0.00061680141882903
1815                 0.00069794866774942
1817                 0.00078977162587535
1819                 0.00089367469868762
1821                 0.0010112471038326
1823                 0.0011442870651024
1825                 0.0012948293992565
1827                 0.0014651764601581
1829                 0.0016579336303835
1831                 0.0018760488096348
1833                 0.0021228577473664
1835                 0.0024021348110637
1837                 0.002718150913239
1839                 0.003075738472802
1841                 0.0034803655246662
1843                 0.0039382190841764
1845                 0.004456299667055
1847                 0.0050425282260846
1849                 0.0057058671210086
1851                 0.0064564567558989
1853                 0.0073057704419455
1855                 0.0082667894396593
1857                 0.0093542007029157
1859                 0.010584620930842
1861                 0.011976849627615
1863                 0.013552155326835
1865                 0.015334599279271
1867                 0.017351401293553
1869                 0.01963335341415
1871                 0.022215287245331
1873                 0.025136602346265
1875                 0.02844186296258
1877                 0.032181472473525
1879                 0.0364124345964
1881                 0.041199213356435
1883                 0.046614703510528
1885                 0.052741325653471
1887                 0.059672261496502
1889                 0.067512846495532
1891                 0.076382139564402
1893                 0.086414690745329
1895                 0.097762531350298
1897                 0.11059741218844
1899                 0.12511331950904
1901                 0.14152929995959
1903                 0.16009262960637
1905                 0.1810823642856
1907                 0.2048133122301
1909                 0.23164047181723
1911                 0.26196398016154
1913                 0.29623462017625
1915                 0.33495993429611
1917                 0.37871099355158
1919                 0.42812986791319
1921                 0.48393784062739
1923                 0.54694440185798
1925                 0.61805704516971
1927                 0.69829187559378
1929                 0.78878501394541
1931                 0.89080475316194
1933                 1.0057643799399
1935                 1.1352355250338
1937                 1.2809618367804
1939                 1.4448726914473
1941                 1.6290965510635
1943                 1.8359734590767
1945                 2.0680660204064
1947                 2.3281680501874
1949                 2.6193098939764
1951                 2.944759231589
1953                 3.3080159835741
1955                 3.7127997633313
1957                 4.1630281829619
1959                 4.6627842552915
1961                 5.2162711847004
1963                 5.8277530456685
1965                 6.501480269403
1967                 7.2415995360586
1969                 8.0520486475599
1971                 8.9364382384183
1973                 9.8979237398211
1975                 10.939072757221
1977                 12.061734786712
1979                 13.266921751178
1981                 14.554708886134
1983                 15.924165734535
1985                 17.373326145318
1987                 18.899204053877
1989                 20.497858487474
1991                 22.164506959044
1993                 23.893681700216
1995                 25.67941872325
1997                 27.515466214876
1999                 29.395496858129
2001                 25.769150682837
2003                 21.676449977246
2005                 18.374700780068
2007                 15.675449918682
2009                 13.443895561718
2011                 11.581444099935
2013                 10.014512641838
2015                 8.6871738654715
2017                 7.556217246627
2019                 6.5877631760358
2021                 5.75489609977
2023                 5.035979752801
2025                 4.4134375709959
2027                 3.8728559522028
2029                 3.4023152826101
2031                 2.9918841209842
2033                 2.6332319386313
2035                 2.3193291613488
2037                 2.0442123046038
2039                 1.8027982150315
2041                 1.5907357646761
2043                 1.4042864087394
2045                 1.2402272033718
2047                 1.0957714639304
2049                 0.96850339811994
2051                 0.85632390240065
2053                 0.7574053457482
2055                 0.67015364194845
2057                 0.59317627499667
2059                 0.52525521885727
2061                 0.46532390637566
2063                 0.41244756824099
2065                 0.36580639283912
2067                 0.32468105894523
2069                 0.28844027603725
2071                 0.25653002998283
2073                 0.22846428485934
2075                 0.20381693364158
2077                 0.18221482426029
2079                 0.16333171627636
2081                 0.14688304579735
2083                 0.13262139642478
2085                 0.12033258888877
2087                 0.10983231653938
2089                 0.10096326487741
2091                 0.093592663006348
2093                 0.087610223342693
2095                 0.082926433346842
2097                 0.079471169449619
2099                 0.07719260860739
2101                 0.076056418656378
2103                 0.076045212633602
2105                 0.077158256868159
2107                 0.079411426430198
2109                 0.082837405201985
2111                 0.087486131690184
2113                 0.093425494522847
2115                 0.10074228599777
2117                 0.10954342419822
2119                 0.1199574587929
2121                 0.13213637766185
2123                 0.14625773623322
2125                 0.16252713377796
2127                 0.1811810647645
2129                 0.20249017643081
2131                 0.22676296701718
2133                 0.25434996199891
2135                 0.28564840800271
2137                 0.321107526009
2139                 0.36123436665036
2141                 0.40660030995454
2143                 0.45784825042361
2145                 0.51570050377592
2147                 0.58096746538894
2149                 0.65455703932571
2151                 0.73748484158642
2153                 0.83088515980378
2155                 0.93602262225545
2157                 1.0543044913369
2159                 1.1872934471135
2161                 1.3367206636872
2163                 1.5044989045521
2165                 1.6927352664098
2167                 1.9037430886648
2169                 2.1400524103932
2171                 2.4044182046978
2173                 2.6998254484312
2175                 3.0294899042005
2177                 3.3968533058903
2179                 3.8055714670371
2181                 4.2594936916096
2183                 4.7626317910243
2185                 5.3191170344924
2187                 5.9331435277521
2189                 6.6088968791611
2191                 7.3504676203839
2193                 8.1617497428077
2195                 9.0463259123652
2197                 10.007342415488
2199                 11.047378595119
2201                 12.168317319272
2203                 13.371224660581
2205                 14.656248174134
2207                 16.022543608045
2209                 17.468239271956
2211                 18.99044540945
2213                 20.585312751642
2215                 22.248140194669
2217                 23.973526730572
2219                 25.755558066134
2221                 27.588014560909
2223                 29.464584884344
2225                 31.379069541639
2227                 33.325560187567
2229                 35.298584074894
2231                 37.293207428863
2233                 39.305096218953
2235                 41.330536993414
2237                 43.366423625084
2239                 45.410217729867
2241                 47.459891167012
2243                 49.513858618244
2245                 51.570907088081
2247                 53.630127611797
2249                 55.690852803423
2251                 57.752602349979
2253                 59.815037294566
2255                 61.877923011835
2257                 63.941100157034
2259                 66.004462526141
2261                 68.06794063575
2263                 70.131489854379
2265                 72.195082030522
2267                 74.258699725096
2269                 76.32233232659
2271                 78.385973491812
2273                 80.449619495315
2275                 82.513268187281
2277                 84.576918348525
2279                 86.640569299519
2281                 88.704220668046
2283                 90.767872253767
2285                 92.83152395053
2287                 94.895175703211
2289                 96.958827483569
2291                 99.022479277373
2293                 101.08613107764
2295                 103.14978288095
2297                 105.21343468566
2299                 107.27708649103
2301                 109.34073829668
2303                 111.40439010244
2305                 113.46804190827
2307                 115.53169371414
2309                 117.59534552002
2311                 119.65899732587
2313                 121.72264913174
2315                 123.78630093762
2317                 125.8499527435
2319                 127.91360454935
2321                 129.97725635524
2323                 132.0409081611
2325                 134.10455996699
2327                 136.16821177285
2329                 138.23186357872
2331                 140.2955153846
2333                 142.35916719045
2335                 144.42281899633
2337                 146.48647080222
2339                 148.55012260808
2341                 150.61377441397
2343                 152.67742621983
2345                 154.74107802572
2347                 156.80472983158
2349                 158.86838163746
2351                 160.93203344332
2353                 162.9956852492
2355                 165.05933705507
2357                 167.12298886093
2359                 169.18664066681
2361                 171.25029247268
2363                 173.31394427855
2365                 175.37759608443
2367                 177.44124789029
2369                 179.50489969617
2371                 181.56855150203
2373                 183.63220330792
2375                 185.69585511379
2377                 187.75950691967
2379                 189.82315872553
2381                 191.88681053141
2383                 193.95046233728
2385                 196.01411414316
2387                 198.07776594901
2389                 200.14141775489
2391                 202.20506956075
2393                 204.26872136663
2395                 206.3323731725
2397                 208.39602497837
2399                 210.45967678425
2401                 212.52332859012
2403                 214.58698039599
2405                 216.65063220189
2407                 218.71428400775
2409                 220.77793581364
2411                 222.8415876195
2413                 224.90523942539
2415                 226.96889123127
2417                 229.03254303714
2419                 231.09619484302
2421                 233.15984664888
2423                 235.22349845478
2425                 237.28715026064
2427                 239.35080206652
2429                 241.41445387238
2431                 243.47810567827
2433                 245.54175748413
2435                 247.60540929
2437                 249.66906109588
2439                 251.73271290176
2441                 253.79636470763
2443                 255.86001651351
2445                 257.92366831938
2447                 259.98732012525
2449                 262.05097193112
2451                 264.11462373699
2453                 266.17827554287
2455                 268.24192734875
2457                 270.30557915462
2459                 272.36923096051
2461                 274.43288276636
2463                 276.49653457225
2465                 278.56018637812
2467                 280.623838184
2469                 282.68748998987
2471                 284.75114179575
2473                 286.81479360161
2475                 288.87844540749
2477                 290.94209721337
2479                 293.00574901924
2481                 295.06940082512
2483                 297.13305263098
2485                 299.19670443687
2487                 301.26035624274
2489                 303.32400804862
2491                 305.38765985449
2493                 307.45131166038
2495                 309.51496346624
2497                 311.57861527212
2499                 313.642267078
2501                 315.70591888387
2503                 317.76957068973
2505                 319.83322249561
2507                 321.89687430147
2509                 323.96052610734
2511                 326.02417791321
2513                 328.08782971908
2515                 330.15148152496
2517                 332.21513333084
2519                 334.27878513671
2521                 336.34243694258
2523                 338.40608874844
2525                 340.46974055433
2527                 342.53339236019
2529                 344.59704416608
2531                 346.66069597194
2533                 348.72434777783
2535                 350.7879995837
2537                 352.85165138957
2539                 354.91530319544
2541                 356.97895500131
2543                 359.04260680717
2545                 361.10625861305
2547                 363.16991041892
2549                 365.2335622248
2551                 392.28905866831
2553                 392.43255690923
2555                 392.57605515015
2557                 392.71955339106
2559                 392.86305163198
2561                 393.00654987289
2563                 393.15004811381
2565                 393.29354635472
2567                 393.43704459563
2569                 393.58054283656
2571                 393.72404107747
2573                 393.86753931839
2575                 394.0110375593
2577                 394.15453580022
2579                 394.29803404114
2581                 394.44153228205
2583                 394.58503052296
2585                 394.72852876389
2587                 394.87202700481
2589                 395.01552524572
2591                 395.15902348664
2593                 395.30252172756
2595                 395.44601996847
2597                 395.58951820939
2599                 395.73301645031
2601                 395.87651469122
2603                 396.02001293214
2605                 396.16351117306
2607                 396.30700941398
2609                 396.45050765489
2611                 396.59400589581
2613                 396.73750413672
2615                 396.88100237765
2617                 397.02450061855
2619                 397.16799885948
2621                 397.3114971004
2623                 397.45499534131
2625                 397.59849358223
2627                 397.74199182315
2629                 397.88549006407
2631                 398.02898830497
2633                 398.1724865459
2635                 398.31598478681
2637                 398.45948302773
2639                 398.60298126865
2641                 398.74647950956
2643                 398.88997775048
2645                 399.03347599139
2647                 399.17697423232
2649                 399.32047247323
2651                 399.46397071415
2653                 399.60746895506
2655                 399.75096719598
2657                 399.89446543689
2659                 400.03796367782
2661                 400.18146191873
2663                 400.32496015965
2665                 400.46845840057
2667                 400.61195664149
2669                 400.75545488241
2671                 400.89895312333
2673                 401.04245136425
2675                 401.18594960516
2677                 401.32944784608
2679                 401.47294608699
2681                 401.61644432791
2683                 401.75994256883
2685                 401.90344080975
2687                 402.04693905067
2689                 402.19043729159
2691                 402.3339355325
2693                 402.47743377342
2695                 402.62093201433
2697                 402.76443025526
2699                 402.90792849617
2701                 403.05142673709
2703                 403.19492497801
2705                 403.33842321892
2707                 403.48192145984
2709                 403.62541970075
2711                 403.76891794167
2713                 403.91241618259
2715                 404.0559144235
2717                 404.19941266443
2719                 404.34291090534
2721                 404.48640914626
2723                 404.62990738718
2725                 404.77340562809
2727                 404.91690386901
2729                 405.06040210993
2731                 405.20390035084
2733                 405.34739859176
2735                 405.49089683268
2737                 405.6343950736
2739                 405.77789331451
2740.9774419792      379.06119796604
2742.8832025866      379.18888713224
2744.6931852871      379.31015901758
2746.4122035958      379.42533613567
2748.0448291145      379.53472479151
2749.5954036903      379.63861589617
2751.0680509614      379.73728574034
2752.4666873243      379.83099672917
2753.795032349       379.91999808011
2755.0566186707      380.00452648567
2756.2548013851      380.08480674289
2757.3927669703      380.16105235117
2758.4735417618      380.23346608007
2759.5               380.30224050854
2760.5               403.84066706213
2761.5               396.95275149807
2762.5               390.06483593402
2763.5               383.17692036997
2764.5               376.28900480592
2765.5               369.40108924187
2766.5               362.51317367781
2767.5               355.62525811376
2768.5               348.73734254971
2769.5               341.84942698566
2770.5               334.96151142161
2771.5               328.07359585756
2772.5               321.18568029351
2773.5               314.29776472945
2774.5               307.40984916541
2775.5               300.52193360137
2776.5               293.63401803736
2777.5               286.74610247345
2778.5               279.85818690981
2779.5               272.97027134699
2780.5               266.08235578646
2781.5               259.19444023228
2782.5               252.30652469513
2783.5               245.41860920247
2784.5               238.53069382288
2785.5               231.64277872296
2786.5               224.75486429595
2787.5               217.86695144427
2788.5               210.97904218035
2789.5               204.09114086509
2790.5               197.20325667985
2791.5               190.31540840156
2792.5               183.42763332544
2793.5               176.54000337823
2794.5               169.65265321678
2795.5               162.76582748943
2796.5               155.87995740645
2797.5               148.99578003219
2798.5               142.11451661235
2799.5               135.23812763931
2800.5               128.36966059842
2801.5               121.5136994855
2802.5               114.6769114689
2803.5               107.86866468419
2804.5               101.10166326313
2805.5               94.392515353721
2806.5               87.762124280397
2807.5               81.235781559355
2808.5               74.842852457397
2809.5               68.615985550591
2810.5               62.589845201233
2811.5               56.799448648073
2812.5               51.278268531669
2813.5               46.056316029031
2814.5               41.158433442854
2815.5               36.602993479737
2816.5               32.401134089095
2817.5               28.556570931897
2818.5               25.065945598948
2819.5               21.919603882292
2820.5               19.102663657791
2821.5               16.596226291887
2822.5               14.378602464398
2823.5               12.426453543672
2824.5               10.715784138202
2825.5               9.2227534404055
2826.5               7.9242986180894
2827.5               6.7985814777893
2828.5               5.825280355567
2829.5               4.9857540529286
2830.5               4.2631052884445
2831.5               3.6421691292721
2832.5               3.1094484483551
2833.5               2.6530145167181
2834.5               2.262386962697
2835.5               1.9284038358358
2836.5               1.6430895498254
2837.5               1.3995260777877
2838.5               1.1917308999121
2839.5               1.0145437899722
2840.5               0.8635234950316
2841.5               0.73485463416789
2842.5               0.62526464856827
2843.5               0.53195031811448
2844.5               0.452513171596
2845.5               0.38490302177063
2846.5               0.32736882416895
2847.5               0.27841606852208
2848.5               0.23676994895361
2849.5               0.20134361149671
2850.5               0.17121083852878
2851.5               0.14558259296749
2852.5               0.12378690782855
2853.5               0.10525166630027
2854.5               0.089489873089654
2855.5               0.076087068168196
2856.5               0.064690579810733
2857.5               0.055000354128865
2858.5               0.046761134284701
2859.5               0.039755793896923
2860.5               0.033799656597999
2861.5               0.028735657535695
2862.5               0.024430223188876
2863.5               0.020769763764417
2864.5               0.017657687707562
2865.5               0.015011861040914
2866.5               0.012762445604775
2867.5               0.010850059937173
2868.5               0.0092242147498034
2869.5               0.0078419822013842
2870.5               0.0066668640941181
2871.5               0.005667829252598
2872.5               0.0048184949763552
2873.5               0.004096430905598
2874.5               0.003482567101365
2875.5               0.0029606907192559
2876.5               0.0025170180384393
2877.5               0.0021398305816156
2878.5               0.0018191657091826
2879.5               0.0015465535829762
2880.5               0.0013147934851965
2881.5               0.0011177636904947
2882.5               0.00095025979085506
2883.5               0.00080785724554389
2884.5               0.00068679452125409
2885.5               0.00058387376489222
2886.5               0.00049637631116539
2887.5               0.00042199090444228
2888.5               0.00035875262982543
2889.5               0.00030499103242931
2890.5               0.00025928596603109
2891.5               0.00022043011860262
2892.5               0.00018739708673721
2893.5               0.00015931428620775
2894.5               0.00013543989041409
2895.5               0.000115143241608
2896.5               9.7888188665962e-05
2897.5               8.3218933966123e-05
2898.5               7.0747969704854e-05
2899.5               6.0145868285844e-05
2900.5               5.1132569289791e-05
2901.5               4.3469978727728e-05
2902.5               3.6955685178697e-05
2903.5               3.1417601853434e-05
2904.5               2.6709445766215e-05
2905.5               2.2706838631592e-05
2906.5               1.9304051690483e-05
2907.5               1.6411199066368e-05
2908.5               1.3951859667571e-05
2909.5               1.1861069904029e-05
2910.5               1.0083600621158e-05
2911.5               8.5725004872472e-06
2912.5               7.2878481027772e-06
2913.5               6.1957106112231e-06
2914.5               5.2672377570673e-06
2915.5               4.4779024932495e-06
2916.5               3.8068548313674e-06
2917.5               3.2363689506099e-06
2918.5               2.7513769040866e-06
2919.5               2.3390600567552e-06
2920.5               1.9885382229745e-06
2921.5               1.6905388200428e-06
2922.5               1.4371992484996e-06
2923.5               1.2218248635065e-06
2924.5               1.0387268822853e-06
2925.5               8.830647324487e-07
2926.5               7.5073058880548e-07
2927.5               6.3822946927417e-07
2928.5               5.4258597614876e-07
2929.5               4.6127546227126e-07
2930.5               3.9215075631205e-07
2931.5               3.3338221072654e-07
2932.5               2.8342439506446e-07
2933.5               2.409517030344e-07
2934.5               2.0484280938149e-07
2935.5               1.7414736319665e-07
2936.5               1.4804824033376e-07
2937.5               1.258637638557e-07
2938.5               1.0700107466732e-07
2939.5               9.0965013299638e-08
2940.5               7.733369500329e-08
2941.5               6.5745187072253e-08
2942.5               5.589084750568e-08
2943.5               4.7515325007907e-08
2944.5               4.0396574974011e-08
2945.5               3.4341418597705e-08
2946.5               2.9194424655543e-08
2947.5               2.482014593852e-08
2948.5               2.1098678359976e-08
2949.5               1.7938983631893e-08
2950.5               1.5250023466251e-08
2951.5               1.2965184481573e-08
2952.5               1.1022294188479e-08
2953.5               9.3702823278363e-09
2954.5               7.9647399786609e-09
2955.5               6.7723604502135e-09
2956.5               5.7576166057061e-09
2957.5               4.8938630925477e-09
2958.5               4.1611158962951e-09
2959.5               3.539391002505e-09
2960.5               3.0064839506849e-09
2961.5               2.5579538487364e-09
2962.5               2.1738166822161e-09
2963.5               1.8474111129763e-09
2964.5               1.56985535682e-09
2965.5               1.3367085216487e-09
2966.5               1.1346479311669e-09
2967.5               9.6589403142389e-10
2968.5               8.1934459217337e-10
2969.5               6.972200594646e-10
2970.5               5.9285909514983e-10
2971.5               5.0404125317982e-10
2972.5               4.2854608750531e-10
2973.5               3.6415315207705e-10
2974.5               3.1086244689504e-10
2975.5               2.6423307986079e-10
2976.5               2.2426505097428e-10
2977.5               1.9095836023553e-10
2978.5               1.6209256159527e-10
2979.5               1.3766765505352e-10
2980.5               1.1546319456102e-10
2981.5               9.9920072216264e-11
2982.5               8.4376949871512e-11
2983.5               7.105427357601e-11
2984.5               6.2172489379009e-11
2985.5               5.1070259132757e-11
2986.5               4.4408920985006e-11
2987.5               3.7747582837255e-11
2988.5               3.3306690738755e-11
2989.5               2.8865798640254e-11
2990.5               2.4424906541753e-11
2991.5               1.9984014443253e-11
2992.5               1.7763568394003e-11
2993.5               1.5543122344752e-11
2994.5               1.1102230246252e-11
2995.5               8.8817841970013e-12
2996.5               8.8817841970013e-12
2997.5               6.6613381477509e-12
2998.5               6.6613381477509e-12
2999.5               4.4408920985006e-12
3000.5               4.4408920985006e-12
3001.5               2.2204460492503e-12
3002.5               2.2204460492503e-12
3003.5               2.2204460492503e-12
3004.5               2.2204460492503e-12
3005.5               -0
3006.5               2.2204460492503e-12
3007.5               -0
3008.5               -0
3009.5               2.2204460492503e-12
3010.5               -0
3011.5               -0
3012.5               2.2204460492503e-12
3013.5               -0
3014.5               2.2204460492503e-12
3015.5               2.2204460492503e-12
3016.5               2.2204460492503e-12
3017.5               2.2204460492503e-12
3018.5               2.2204460492503e-12
3019.5               2.2204460492503e-12
3020.5               2.2204460492503e-12
3021.5               -0
3022.5               -0
3023.5               -0
3024.5               -2.2204460492503e-12
3025.5               -0
3026.5               -2.2204460492503e-12
3027.5               -0
3028.5               2.2204460492503e-12
3029.5               -0
3030.5               -0
3031.5               -0
3032.5               -0
3033.5               -2.2204460492503e-12
3034.5               -0
3035.5               -0
3036.5               -2.2204460492503e-12
3037.5               -0
3038.5               -2.2204460492503e-12
3039.5               -2.2204460492503e-12
3040.5               -0
3041.5               -0
3042.5               -0
3043.5               -0
3044.5               -2.2204460492503e-12
3045.5               2.2204460492503e-12
3046.5               -0
3047.5               2.2204460492503e-12
3048.5               -0
3049.5               -0
3050.5               -0
3051.5               -2.2204460492503e-12
3052.5               2.2204460492503e-12
3053.5               -0
3054.5               -0
3055.5               2.2204460492503e-12
3056.5               -0
3057.5               2.2204460492503e-12
3058.5               -0
3059.5               -0
3060.5               -2.2204460492503e-12
3061.5               -2.2204460492503e-12
3062.5               -0
3063.5               -2.2204460492503e-12
3064.5               -0
3065.5               -0
3066.5               -0
3067.5               -0
3068.5               -2.2204460492503e-12
3069.5               -2.2204460492503e-12
3070.5               -0
3071.5               -2.2204460492503e-12
3072.5               -0
3073.5               -2.2204460492503e-12
3074.5               -2.2204460492503e-12
3075.5               -0
3076.5               -0
3077.5               -0
3078.5               -0
3079.5               -0
3080.5               -0
3081.5               -0
3082.5               -0
3083.5               -2.2204460492503e-12
3084.5               -0
3085.5               -0
3086.5               -0
3087.5               -0
3088.5               -0
3089.5               2.2204460492503e-12
3090.5               -0
3091.5               2.2204460492503e-12
3092.5               -0
3093.5               -0
3094.5               -0
3095.5               2.2204460492503e-12
3096.5               -0
3097.5               -0
3098.5               2.2204460492503e-12
3099.5               -0
3100.5               2.2204460492503e-12
3101.5               -0
3102.5               2.2204460492503e-12
3103.5               -0
3104.5               -0
3105.5               2.2204460492503e-12
3106.5               -0
3107.5               -0
3108.5               -0
3109.5               -0
3110.5               -0
3111.5               -2.2204460492503e-12
3112.5               -0
3113.5               -0
3114.5               -2.2204460492503e-12
3115.5               -0
3116.5               -0
3117.5               2.2204460492503e-12
3118.5               -0
3119.5               -0
3120.5               -0
3121.5               -0
3122.5               -0
3123.5               -0
3124.5               2.2204460492503e-12
3125.5               -0
3126.5               -0
3127.5               -2.2204460492503e-12
3128.5               -0
3129.5               -0
3130.5               -0
3131.5               -0
3132.5               2.2204460492503e-12
3133.5               2.2204460492503e-12
3134.5               2.2204460492503e-12
3135.5               2.2204460492503e-12
3136.5               2.2204460492503e-12
3137.5               -0
3138.5               2.2204460492503e-12
3139.5               -0
3140.5               -0
3141.5               2.2204460492503e-12
3142.5               -0
3143.5               -0
3144.5               -0
3145.5               -2.2204460492503e-12
3146.5               -2.2204460492503e-12
3147.5               -0
3148.5               -2.2204460492503e-12
3149.5               -4.4408920985006e-12
3150.5               -2.2204460492503e-12
3151.5               -2.2204460492503e-12
3152.5               -2.2204460492503e-12
3153.5               -0
3154.5               -2.2204460492503e-12
3155.5               -0
3156.5               2.2204460492503e-12
3157.5               -0
3158.5               2.2204460492503e-12
3159.5               2.2204460492503e-12
3160.5               -0
3161.5               -0
3162.5               2.2204460492503e-12
3163.5               -0
3164.5               -0
3165.5               -0
3166.5               -0
3167.5               -0
3168.5               -0
3169.5               -2.2204460492503e-12
3170.5               -0
3171.5               -2.2204460492503e-12
3172.5               -0
3173.5               -2.2204460492503e-12
3174.5               -0
3175.5               -0
3176.5               -0
3177.5               -0
3178.5               2.2204460492503e-12
3179.5               -0
3180.5               -0
3181.5               2.2204460492503e-12
3182.5               -0
3183.5               -0
3184.5               -0
3185.5               -0
3186.5               2.2204460492503e-12
3187.5               -0
3188.5               2.2204460492503e-12
3189.5               2.2204460492503e-12
3190.5               2.2204460492503e-12
3191.5               -0
3192.5               2.2204460492503e-12
3193.5               -0
3194.5               -0
3195.5               2.2204460492503e-12
3196.5               -0
3197.5               -0
3198.5               -0
3199.5               -0
3200.5               -0
3201.5               -0
3202.5               -2.2204460492503e-12
3203.5               -0
3204.5               -0
3205.5               -0
3206.5               -0
3207.5               -0
3208.5               2.2204460492503e-12
3209.5               -0
3210.5               -0
3211.5               -0
3212.5               -0
3213.5               -0
3214.5               -0
3215.5               -2.2204460492503e-12
3216.5               -0
3217.5               -0
3218.5               -2.2204460492503e-12
3219.5               -2.2204460492503e-12
3220.5               -2.2204460492503e-12
3221.5               -2.2204460492503e-12
3222.5               -2.2204460492503e-12
3223.5               -2.2204460492503e-12
3224.5               -0
3225.5               -2.2204460492503e-12
3226.5               -0
3227.5               -2.2204460492503e-12
3228.5               -0
3229.5               -0
3230.5               -0
3231.5               -0
3232.5               -0
3233.5               2.2204460492503e-12
3234.5               2.2204460492503e-12
3235.5               2.2204460492503e-12
3236.5               -0
3237.5               -0
3238.5               -0
3239.5               -0
3240.5               -0
3241.5               2.2204460492503e-12
3242.5               2.2204460492503e-12
3243.5               2.2204460492503e-12
3244.5               2.2204460492503e-12
3245.5               2.2204460492503e-12
3246.5               -0
3247.5               -0
3248.5               -0
3249.5               -0
3250.5               -0
3251.5               -0
3252.5               -0
3253.5               -0
3254.5               -0
3255.5               -0
3256.5               -2.2204460492503e-12
3257.5               -0
3258.5               -4.4408920985006e-12
3259.5               -0
3260.5               -2.2204460492503e-12
3261.5               -2.2204460492503e-12
3262.5               -2.2204460492503e-12
3263.5               -2.2204460492503e-12
3264.5               -0
3265.5               -0
3266.5               2.2204460492503e-12
3267.5               2.2204460492503e-12
3268.5               -0
3269.5               2.2204460492503e-12
3270.5               -0
3271.5               2.2204460492503e-12
3272.5               -0
3273.5               -2.2204460492503e-12
3274.5               -0
3275.5               -0
3276.5               -0
3277.5               -0
3278.5               -0
3279.5               2.2204460492503e-12
3280.5               -0
3281.5               -2.2204460492503e-12
3282.5               -2.2204460492503e-12
3283.5               -2.2204460492503e-12
3284.5               -2.2204460492503e-12
3285.5               -0
3286.5               -2.2204460492503e-12
3287.5               -0
3288.5               -0
3289.5               -0
3290.5               -0
3291.5               -0
3292.5               -0
3293.5               -0
3294.5               2.2204460492503e-12
3295.5               2.2204460492503e-12
3296.5               -0
3297.5               -0
3298.5               2.2204460492503e-12
3299.5               -2.2204460492503e-12
3300.5               -0
3301.5               -0
3302.5               -2.2204460492503e-12
3303.5               -2.2204460492503e-12
3304.5               -2.2204460492503e-12
3305.5               -2.2204460492503e-12
3306.5               -0
3307.5               -2.2204460492503e-12
3308.5               -0
3309.5               -2.2204460492503e-12
3310.5               -0
3311.5               -0
3312.5               -0
3313.5               -0
3314.5               -0
3315.5               -0
3316.5               -2.2204460492503e-12
3317.5               -0
3318.5               -0
3319.5               -0
3320.5               -0
3321.5               -0
3322.5               -0
3323.5               2.2204460492503e-12
3324.5               -0
3325.5               2.2204460492503e-12
3326.5               2.2204460492503e-12
3327.5               -0
3328.5               4.4408920985006e-12
3329.5               2.2204460492503e-12
3330.5               2.2204460492503e-12
3331.5               2.2204460492503e-12
3332.5               2.2204460492503e-12
3333.5               2.2204460492503e-12
3334.5               2.2204460492503e-12
3335.5               -0
3336.5               -0
3337.5               2.2204460492503e-12
3338.5               -2.2204460492503e-12
3339.5               -0
3340.5               -2.2204460492503e-12
3341.5               -2.2204460492503e-12
3342.5               -2.2204460492503e-12
3343.5               -2.2204460492503e-12
3344.5               -2.2204460492503e-12
3345.5               -2.2204460492503e-12
3346.5               -0
3347.5               -2.2204460492503e-12
3348.5               -0
3349.5               2.2204460492503e-12
3350.5               -0
3351.5               -0
3352.5               -2.2204460492503e-12
3353.5               -2.2204460492503e-12
3354.5               -2.2204460492503e-12
3355.5               -0
3356.5               -2.2204460492503e-12
3357.5               -0
3358.5               -2.2204460492503e-12
3359.5               -0
3360.5               -0
3361.5               -0
3362.5               -0
3363.5               2.2204460492503e-12
3364.5               -0
3365.5               2.2204460492503e-12
3366.5               -0
3367.5               2.2204460492503e-12
3368.5               -0
3369.5               -0
3370.5               -0
3371.5               2.2204460492503e-12
3372.5               -0
3373.5               -0
3374.5               -0
3375.5               -0
3376.5               -2.2204460492503e-12
3377.5               -0
3378.5               -0
3379.5               -0
3380.5               2.2204460492503e-12
3381.5               -0
3382.5               2.2204460492503e-12
3383.5               2.2204460492503e-12
3384.5               4.4408920985006e-12
3385.5               2.2204460492503e-12
3386.5               2.2204460492503e-12
3387.5               2.2204460492503e-12
3388.5               2.2204460492503e-12
3389.5               -0
3390.5               -0
3391.5               -0
3392.5               -0
3393.5               -2.2204460492503e-12
3394.5               -2.2204460492503e-12
3395.5               -2.2204460492503e-12
3396.5               -0
3397.5               -2.2204460492503e-12
3398.5               -0
3399.5               -0
3400.5               -0
3401.5               -0
3402.5               -0
3403.5               2.2204460492503e-12
3404.5               -0
3405.5               -0
3406.5               -0
3407.5               -2.2204460492503e-12
3408.5               -2.2204460492503e-12
3409.5               -2.2204460492503e-12
3410.5               -2.2204460492503e-12
3411.5               -2.2204460492503e-12
3412.5               -0
3413.5               -2.2204460492503e-12
3414.5               -0
3415.5               -0
3416.5               2.2204460492503e-12
3417.5               2.2204460492503e-12
3418.5               -0
3419.5               -0
3420.5               -0
3421.5               -0
3422.5               -0
3423.5               -0
3424.5               -0
3425.5               -0
3426.5               -2.2204460492503e-12
3427.5               -0
3428.5               -2.2204460492503e-12
3429.5               -0
3430.5               -2.2204460492503e-12
3431.5               -0
3432.5               -0
3433.5               -0
3434.5               2.2204460492503e-12
3435.5               2.2204460492503e-12
3436.5               -0
3437.5               2.2204460492503e-12
3438.5               -0
3439.5               -0
3440.5               -0
3441.5               -0
3442.5               -0
3443.5               2.2204460492503e-12
3444.5               2.2204460492503e-12
3445.5               -0
3446.5               -2.2204460492503e-12
3447.5               -0
3448.5               -2.2204460492503e-12
3449.5               -0
3450.5               -2.2204460492503e-12
3451.5               -0
3452.5               -0
3453.5               -0
3454.5               -2.2204460492503e-12
3455.5               -0
3456.5               -0
3457.5               -0
3458.5               -2.2204460492503e-12
3459.5               -0
3460.5               -2.2204460492503e-12
3461.5               -0
3462.5               -2.2204460492503e-12
3463.5               -2.2204460492503e-12
3464.5               -0
3465.5               -0
3466.5               -0
3467.5               -0
3468.5               -0
3469.5               -0
3470.5               2.2204460492503e-12
3471.5               -0
3472.5               2.2204460492503e-12
3473.5               -0
3474.5               -0
3475.5               -2.2204460492503e-12
3476.5               -0
3477.5               -0
3478.5               -0
3479.5               -0
3480.5               -0
3481.5               2.2204460492503e-12
3482.5               -0
3483.5               2.2204460492503e-12
3484.5               -0
3485.5               2.2204460492503e-12
3486.5               -0
3487.5               2.2204460492503e-12
3488.5               -0
3489.5               -0
3490.5               2.2204460492503e-12
3491.5               -0
3492.5               -0
3493.5               2.2204460492503e-12
3494.5               -0
3495.5               -0
3496.5               2.2204460492503e-12
3497.5               -0
3498.5               2.2204460492503e-12
3499.5               4.4408920985006e-12
3500.5               2.2204460492503e-12
3501.5               2.2204460492503e-12
3502.5               -0
3503.5               2.2204460492503e-12
3504.5               -0
3505.5               2.2204460492503e-12
3506.5               -0
3507.5               2.2204460492503e-12
3508.5               -0
3509.5               -0
3510.5               -2.2204460492503e-12
3511.5               -0
3512.5               -2.2204460492503e-12
3513.5               -0
3514.5               -0
3515.5               -2.2204460492503e-12
3516.5               -0
3517.5               -0
3518.5               2.2204460492503e-12
3519.5               -0
3520.5               -0
3521.5               -2.2204460492503e-12
3522.5               -0
3523.5               -2.2204460492503e-12
3524.5               -0
3525.5               -0
3526.5               -0
3527.5               -0
3528.5               -0
3529.5               -0
3530.5               -2.2204460492503e-12
3531.5               -0
3532.5               -0
3533.5               -0
3534.5               -0
3535.5               -2.2204460492503e-12
3536.5               -0
3537.5               -0
3538.5               -0
3539.5               -2.2204460492503e-12
3540.5               -0
3541.5               -2.2204460492503e-12
3542.5               -2.2204460492503e-12
3543.5               -4.4408920985006e-12
3544.5               -2.2204460492503e-12
3545.5               -4.4408920985006e-12
3546.5               -4.4408920985006e-12
3547.5               -4.4408920985006e-12
3548.5               -4.4408920985006e-12
3549.5               -6.6613381477509e-12
3550.5               -8.8817841970013e-12
3551.5               -6.6613381477509e-12
3552.5               -1.1102230246252e-11
3553.5               -1.1102230246252e-11
3554.5               -1.3322676295502e-11
3555.5               -1.3322676295502e-11
3556.5               -1.7763568394003e-11
3557.5               -1.9984014443253e-11
3558.5               -2.4424906541753e-11
3559.5               -2.8865798640254e-11
3560.5               -3.5527136788005e-11
3561.5               -4.2188474935756e-11
3562.5               -4.8849813083507e-11
3563.5               -5.7731597280508e-11
3564.5               -6.6613381477509e-11
3565.5               -7.7715611723761e-11
3566.5               -9.1038288019263e-11
3567.5               -1.0880185641327e-10
3568.5               -1.2656542480727e-10
3569.5               -1.4876988529977e-10
3570.5               -1.7541523789077e-10
3571.5               -2.0650148258028e-10
3572.5               -2.4202861936828e-10
3573.5               -2.8421709430404e-10
3574.5               -3.3750779948605e-10
3575.5               -3.9523939676656e-10
3576.5               -4.6629367034257e-10
3577.5               -5.4845017416483e-10
3578.5               -6.4614980033184e-10
3579.5               -7.5939254884361e-10
3580.5               -8.9261931179863e-10
3581.5               -1.0502709812954e-09
3582.5               -1.2345680033832e-09
3583.5               -1.454392162259e-09
3584.5               -1.7075230118735e-09
3585.5               -2.0095036745715e-09
3586.5               -2.3603341503531e-09
3587.5               -2.7799984536614e-09
3588.5               -3.2684965844965e-09
3589.5               -3.8435921112523e-09
3590.5               -4.5208281562736e-09
3591.5               -5.3201887340038e-09
3592.5               -6.2572169667874e-09
3593.5               -7.3607786532648e-09
3594.5               -8.657519146027e-09
3595.5               -1.0185186027911e-08
3596.5               -1.1979306435705e-08
3597.5               -1.4088730182493e-08
3598.5               -1.6575629757654e-08
3599.5               -1.9495516312418e-08
3600.5               -2.2930546350608e-08
3601.5               -2.6973978606293e-08
3602.5               -3.1727953597738e-08
3603.5               -3.7321257195799e-08
3604.5               -4.3898218393679e-08
3605.5               -5.1636472875316e-08
3606.5               -6.0740301677242e-08
3607.5               -7.1447292526727e-08
3608.5               -8.4039442072026e-08
3609.5               -9.8854258112624e-08
3610.5               -1.1627809826109e-07
3611.5               -1.3677725618777e-07
3612.5               -1.6088685939053e-07
3613.5               -1.8924639633155e-07
3614.5               -2.2260637777549e-07
3615.5               -2.6184387991179e-07
3616.5               -3.0800251238361e-07
3617.5               -3.6229685917988e-07
3618.5               -4.2615910800237e-07
3619.5               -5.012767978485e-07
3620.5               -5.8964166882447e-07
3621.5               -6.9357630749778e-07
3622.5               -8.158385078616e-07
3623.5               -9.5965013713339e-07
3624.5               -1.1288103785034e-06
3625.5               -1.3277867694228e-06
3626.5               -1.5618417670282e-06
3627.5               -1.8371526522287e-06
3628.5               -2.1609958267277e-06
3629.5               -2.5419200078147e-06
3630.5               -2.9899926978771e-06
3631.5               -3.5170488743574e-06
3632.5               -4.1370085135384e-06
3633.5               -4.8662540663713e-06
3634.5               -5.7240456818874e-06
3635.5               -6.7330385711273e-06
3636.5               -7.9198914093581e-06
3637.5               -9.3159568947954e-06
3638.5               -1.0958112195425e-05
3639.5               -1.2889731504373e-05
3640.5               -1.5161847333189e-05
3641.5               -1.7834476118139e-05
3642.5               -2.0978214720913e-05
3643.5               -2.4676112264643e-05
3644.5               -2.9025846171038e-05
3645.5               -3.4142326743591e-05
3646.5               -4.0160701431091e-05
3647.5               -4.7239954170664e-05
3648.5               -5.5567090928577e-05
3649.5               -6.5362075751807e-05
3650.5               -7.6883650557136e-05
3651.5               -9.0436171884534e-05
3652.5               -0.00010637763114829
3653.5               -0.00012512914038254
3654.5               -0.00014718603225106
3655.5               -0.00017313095179716
3656.5               -0.00020364925523708
3657.5               -0.00023954709771346
3658.5               -0.00028177274291608
3659.5               -0.00033144160305199
3660.5               -0.000389865706385
3661.5               -0.00045858834285539
3662.5               -0.00053942484479208
3663.5               -0.00063451053300412
3664.5               -0.00074635709612636
3665.5               -0.0008779189708541
3666.5               -0.0010326713328901
3667.5               -0.0012147019146092
3668.5               -0.0014288189587042
3669.5               -0.0016806781899525
3670.5               -0.001976932200165
3671.5               -0.0023254061143341
3672.5               -0.0027353042342249
3673.5               -0.0032174530817386
3674.5               -0.0037845872413733
3675.5               -0.0044516855779442
3676.5               -0.0052363666513955
3677.5               -0.0061593537536986
3678.5               -0.0072450218535636
3679.5               -0.0085220407575193
3680.5               -0.010024131513742
3681.5               -0.011790955847246
3682.5               -0.01386916200774
3683.5               -0.016313614508157
3684.5               -0.01918883987706
3685.5               -0.022570726336824
3686.5               -0.026548521723235
3687.5               -0.031227181731541
3688.5               -0.036730129571172
3689.5               -0.043202498452022
3690.5               -0.050814940828481
3691.5               -0.059768102254054
3692.5               -0.070297874552594
3693.5               -0.082681561988096
3694.5               -0.097245116521538
3695.5               -0.11437162368955
3696.5               -0.13451125021158
3697.5               -0.15819289791663
3698.5               -0.18603784688986
3699.5               -0.21877571371176
3700.5               -0.25726309889063
3701.5               -0.30250535056453
3702.5               -0.35568192944258
3703.5               -0.4181759212174
3704.5               -0.49160830610129
3705.5               -0.57787765780581
3706.5               -0.67920600163918
3707.5               -0.79819160727856
3708.5               -0.93786951667285
3709.5               -1.1017805980607
3710.5               -1.2940498553871
3711.5               -1.5194745831804
3712.5               -1.7836227082402
3713.5               -2.0929412583226
3714.5               -2.4548742923369
3715.5               -2.8779887516239
3716.5               -3.3721054743152
3717.5               -3.9484309753424
3718.5               -4.6196834579337
3719.5               -5.4002038345025
3720.5               -6.3060392895897
3721.5               -7.3549831991171
3722.5               -8.5665512577271
3723.5               -9.9618699044512
3724.5               -11.56345030781
3725.5               -13.394820350254
3726.5               -15.479989653597
3727.5               -17.842730354762
3728.5               -20.505670650233
3729.5               -23.489220062021
3730.5               -26.810374580652
3731.5               -30.481483774709
3732.5               -34.509095284831
3733.5               -38.893016779897
3734.5               -43.62574191602
3735.5               -48.692366765726
3736.5               -54.071073010726
3737.5               -59.734178362192
3738.5               -65.64966670674
3739.5               -71.783030469275
3740.5               -78.099206344053
3741.5               -84.564376873069
3742.5               -91.147446252726
3743.5               -97.821068284716
3744.5               -104.56218804978
3745.5               -111.35213579248
3746.5               -118.17636612255
3747.5               -125.02396137269
3748.5               -131.88701692635
3749.5               -138.76000639291
3750.5               -145.63919539661
3751.5               -152.52214295524
3752.5               -159.4073045611
3753.5               -166.29373362298
3754.5               -173.18086791055
3755.5               -180.06838364595
3756.5               -186.95609997188
3757.5               -193.84391886407
3758.5               -200.73178875542
3759.5               -207.6196833087
3760.5               -126.55922790121
3761.5187209763      -65.762958278119
3762.5755848552      -34.251984632141
3763.6720197814      -17.683219868696
3764.8095073722      -8.9873807308981
3765.9895847196      -4.4776194435928
3767.2138464671      -2.1807413705515
3768.483946965       -1.0362838807466
3769.8016025056      -0.4797923804288
3771.1685936425      -0.21618300160751
3772.5867675969      -0.094696364480295
3774.0580407534      -0.040287098923431
3775.5844012497      -0.016630934649324
3777.1679116635      -0.0066565651884207
3778.8107117992      -0.002583985517974
3780.5150215798      -0.00098067442530064
3782.2831440465      -0.00038823904156947
3784.117468471       -0.00022992395831343
3786.0204735836      -0.00035652834877355
3787.9947309236      -0.00097327521238974
3790                 -4758.2579429988
3792                 -0
3794                 -0
3796                 -0
3798                 -0
