Iteration 	Alpha_fermi 	Residual_EDensity[1/cm^2] 	Residual_HDensity[1/cm^2] 	Residual_EFermi[eV] 	Residual_HFermi[eV] 	Residual_Potential[V]
1 	1.000000e+00 	5.036737e+14 	6.428814e+13 	1.077131e+01 	6.673112e+00 	8.300080e-01
2 	1.000000e+00 	5.008357e+14 	6.145012e+13 	3.436488e+00 	2.914769e+00 	8.905251e+00
3 	1.000000e+00 	3.653290e+04 	4.910313e+00 	2.706735e-03 	5.713113e-03 	1.971756e-11
4 	1.000000e+00 	2.990124e+04 	1.885963e+00 	3.131875e-04 	3.679183e-04 	6.323830e-12
5 	1.000000e+00 	3.718675e+04 	6.586271e+00 	3.026478e-05 	2.171348e-05 	4.556000e-11
6 	1.000000e+00 	1.401252e+05 	4.709518e+00 	2.724554e-06 	1.195155e-06 	2.932765e-11
7 	1.000000e+00 	1.679692e+05 	5.378352e+00 	2.385766e-07 	6.342299e-08 	3.198508e-11
8 	1.000000e+00 	3.713167e+05 	8.739175e+00 	2.061897e-08 	3.282073e-09 	5.612577e-11
9 	1.000000e+00 	1.352064e+04 	8.211624e+00 	1.827788e-09 	1.650059e-10 	5.615064e-11
