x[nm]                E[kV/cm]            
-8                   -0
-6                   -0
-4                   -0
-2                   -0
0                    -293.22280207603
1.999                -0.00037588765155749
3.997                -0.00021712372307155
5.995                -0.00012541703411542
7.9929999999999      -7.2444543968425e-05
9.9909999999999      -4.1846077265091e-05
11.989               -2.4171504526556e-05
13.987               -1.3962164757686e-05
15.985               -8.0649623338229e-06
17.983               -4.6585536007139e-06
19.981               -2.6909227821201e-06
21.979               -1.5543566878496e-06
23.977               -8.9785147396073e-07
25.975               -5.1861084662611e-07
27.973               -2.9959796183238e-07
29.971               -1.7304809570614e-07
31.969               -9.9966748259342e-08
33.967               -5.7718261268201e-08
35.965               -3.3340030769525e-08
37.963               -1.9274983122221e-08
39.961               -1.1131124939585e-08
41.959               -6.4190672574925e-09
43.957               -3.716302096443e-09
45.955               -2.1159806195058e-09
47.953               -1.2446944820623e-09
49.951               -7.1125398974986e-10
51.948999999999      -4.0897104410617e-10
53.946999999999      -2.311575466687e-10
55.944999999999      -1.6003214769372e-10
57.942999999999      -7.1125398974986e-11
59.940999999999      -5.3344049231239e-11
61.938999999999      -3.5562699487493e-11
63.936999999999      -3.5562699487493e-11
65.934999999999      -0
67.932999999999      -1.7781349743746e-11
69.930999999999      -0
71.928999999999      -0
73.926999999999      -0
75.924999999999      -0
77.922999999999      -0
79.920999999999      -0
81.918999999999      -0
83.916999999999      1.7781349743746e-11
85.914999999999      -1.7781349743746e-11
87.912999999999      -0
89.910999999999      -0
91.908999999999      -0
93.906999999999      -0
95.904999999999      -0
97.902999999999      1.7781349743746e-11
99.900999999999      -0
101.899              -1.7781349743746e-11
103.897              -1.7781349743746e-11
105.895              -0
107.893              1.7781349743746e-11
109.891              -1.7781349743746e-11
111.889              1.7781349743746e-11
113.887              -0
115.885              -1.7781349743746e-11
117.883              1.7781349743746e-11
119.881              -0
121.879              -0
123.877              -0
125.875              -0
127.873              -0
129.871              -1.7781349743747e-11
131.869              -0
133.867              -0
135.865              -0
137.863              -0
139.861              1.7781349743747e-11
141.859              -1.7781349743747e-11
143.857              -1.7781349743747e-11
145.855              -0
147.853              -0
149.851              -0
151.849              -1.7781349743746e-11
153.847              -0
155.845              -0
157.843              1.7781349743746e-11
159.841              -0
161.839              -1.7781349743747e-11
163.837              1.7781349743746e-11
165.835              -0
167.833              -0
169.831              1.7781349743746e-11
171.829              -0
173.827              -0
175.825              -1.7781349743747e-11
177.823              -1.7781349743746e-11
179.821              1.7781349743747e-11
181.819              -0
183.817              -0
185.815              -0
187.813              -0
189.811              1.7781349743746e-11
191.809              -0
193.807              -0
195.805              -0
197.803              -0
199.801              -0
201.799              -1.7781349743746e-11
203.797              -0
205.795              -0
207.793              -0
209.791              -0
211.789              -0
213.787              -0
215.785              -0
217.783              -0
219.781              -0
221.779              -0
223.777              -0
225.775              -0
227.773              -0
229.771              -0
231.769              -1.7781349743747e-11
233.767              1.7781349743746e-11
235.765              -0
237.763              -0
239.761              -0
241.759              -0
243.757              -0
245.755              -0
247.753              -0
249.751              -0
251.749              -0
253.747              -0
255.745              -0
257.743              -0
259.741              -0
261.739              -0
263.737              -0
265.735              1.7781349743747e-11
267.733              1.7781349743746e-11
269.731              -0
271.729              -0
273.727              -1.7781349743746e-11
275.725              -0
277.723              1.7781349743747e-11
279.721              -0
281.719              1.7781349743746e-11
283.717              -0
285.715              -0
287.713              -1.7781349743747e-11
289.711              1.7781349743746e-11
291.709              -0
293.707              -1.7781349743747e-11
295.705              1.7781349743746e-11
297.703              -0
299.701              -1.7781349743747e-11
301.699              -1.7781349743746e-11
303.697              -0
305.695              -0
307.693              -0
309.691              -0
311.689              1.7781349743747e-11
313.687              -0
315.685              -1.7781349743746e-11
317.683              -0
319.681              -0
321.679              -0
323.677              -0
325.675              1.7781349743746e-11
327.673              -0
329.671              -0
331.669              -0
333.667              -0
335.665              1.7781349743747e-11
337.663              -0
339.661              -1.7781349743746e-11
341.659              -1.7781349743747e-11
343.657              -0
345.655              -0
347.653              -0
349.651              -0
351.649              -0
353.647              1.7781349743746e-11
355.645              1.7781349743746e-11
357.643              -0
359.641              -0
361.639              -1.7781349743746e-11
363.637              -1.7781349743747e-11
365.635              -0
367.633              -0
369.631              -0
371.629              -0
373.627              -0
375.625              -0
377.623              -0
379.621              1.7781349743746e-11
381.619              -0
383.617              -0
385.615              -0
387.613              -1.7781349743747e-11
389.611              -0
391.609              -1.7781349743746e-11
393.607              -0
395.605              -0
397.60299999999      -0
399.60099999999      1.7781349743747e-11
401.59899999999      -0
403.59699999999      -0
405.59499999999      -0
407.59299999999      -0
409.59099999999      -0
411.58899999999      -0
413.58699999999      -0
415.58499999999      -0
417.58299999999      -0
419.58099999999      -0
421.57899999999      -0
423.57699999999      -0
425.57499999999      -0
427.57299999999      -0
429.57099999999      1.7781349743746e-11
431.56899999999      -0
433.56699999999      -0
435.56499999999      1.7781349743746e-11
437.56299999999      -0
439.56099999999      -0
441.55899999999      -0
443.55699999999      -1.7781349743746e-11
445.55499999999      -0
447.55299999999      -0
449.55099999999      -0
451.54899999999      1.7781349743747e-11
453.54699999999      -0
455.54499999999      -0
457.54299999999      -1.7781349743747e-11
459.54099999999      -0
461.53899999999      -0
463.53699999999      -0
465.53499999999      -1.7781349743746e-11
467.53299999999      -0
469.53099999999      -0
471.52899999999      -0
473.52699999999      1.7781349743747e-11
475.52499999999      -0
477.52299999999      -0
479.52099999999      -0
481.51899999999      -0
483.51699999999      -0
485.51499999999      -0
487.51299999999      -0
489.51099999999      -0
491.50899999999      -0
493.50699999999      -0
495.50499999999      1.7781349743746e-11
497.50299999999      -0
499.50099999999      -0
501.49899999999      -1.7781349743746e-11
503.49699999999      -0
505.49499999999      -0
507.49299999999      -0
509.49099999999      -0
511.48899999999      -0
513.48699999999      -0
515.48499999999      -0
517.48299999999      -0
519.48099999999      -0
521.47899999999      1.7781349743746e-11
523.47699999999      -0
525.47499999999      -0
527.47299999999      -0
529.47099999999      -0
531.46899999999      -1.7781349743746e-11
533.46699999999      1.7781349743746e-11
535.46499999999      -0
537.46299999999      -0
539.46099999999      -0
541.45899999999      -1.7781349743747e-11
543.45699999999      -0
545.45499999999      -0
547.45299999999      -0
549.45099999999      -0
551.44899999999      -0
553.44699999999      -0
555.44499999999      -0
557.44299999999      1.7781349743746e-11
559.44099999999      -0
561.43899999999      -0
563.43699999999      -0
565.43499999999      -1.7781349743747e-11
567.43299999999      1.7781349743746e-11
569.43099999999      -1.7781349743746e-11
571.42899999999      -0
573.42699999999      -0
575.42499999999      -0
577.42299999999      -1.7781349743746e-11
579.42099999999      -0
581.41899999999      -0
583.41699999999      -0
585.41499999999      1.7781349743746e-11
587.41299999999      -1.7781349743747e-11
589.41099999999      -0
591.40899999999      -0
593.40699999999      -0
595.40499999999      1.7781349743746e-11
597.40299999999      -0
599.40099999999      -0
601.39899999999      -0
603.39699999999      -0
605.39499999999      -0
607.39299999999      -0
609.39099999999      -0
611.38899999999      -0
613.38699999999      -0
615.38499999999      -0
617.38299999999      -0
619.38099999999      -0
621.37899999999      -0
623.37699999999      -0
625.37499999999      -0
627.37299999999      -0
629.37099999999      -1.7781349743746e-11
631.369              -0
633.36699999999      -0
635.365              -0
637.363              -0
639.361              -0
641.359              -0
643.357              -0
645.355              -0
647.353              -0
649.351              1.7781349743746e-11
651.349              -0
653.347              -0
655.345              -0
657.343              -0
659.341              -1.7781349743746e-11
661.339              -0
663.337              -0
665.335              1.7781349743746e-11
667.333              -0
669.331              -0
671.329              -1.7781349743746e-11
673.327              1.7781349743746e-11
675.325              -0
677.323              -0
679.321              -1.7781349743746e-11
681.319              1.7781349743747e-11
683.317              -1.7781349743746e-11
685.315              -0
687.313              1.7781349743746e-11
689.311              -0
691.309              -0
693.307              -0
695.305              -1.7781349743746e-11
697.303              -0
699.301              -0
701.299              -1.7781349743746e-11
703.297              1.7781349743747e-11
705.295              -0
707.293              -0
709.291              -0
711.289              -0
713.287              -0
715.285              1.7781349743747e-11
717.283              -0
719.281              -0
721.279              -0
723.277              -0
725.275              -0
727.273              1.7781349743747e-11
729.271              -1.7781349743746e-11
731.269              -0
733.267              -0
735.265              -0
737.263              -0
739.261              -0
741.259              -0
743.257              -0
745.255              -0
747.253              -0
749.251              -0
751.249              -1.7781349743747e-11
753.247              -0
755.245              -0
757.243              -0
759.241              -0
761.239              1.7781349743747e-11
763.237              -0
765.235              -0
767.233              -0
769.231              -0
771.229              -0
773.227              -0
775.225              -0
777.223              -0
779.221              -0
781.219              -0
783.217              -1.7781349743746e-11
785.215              1.7781349743747e-11
787.213              -1.7781349743746e-11
789.211              -0
791.209              -0
793.207              -0
795.205              -0
797.203              1.7781349743747e-11
799.201              -0
801.199              -0
803.197              -0
805.195              -0
807.193              -0
809.191              -1.7781349743747e-11
811.189              -0
813.187              -0
815.185              -0
817.183              -0
819.181              -0
821.179              1.7781349743746e-11
823.177              -1.7781349743746e-11
825.175              1.7781349743746e-11
827.173              -0
829.171              -0
831.169              -0
833.167              -0
835.165              -0
837.163              -0
839.161              -0
841.159              -0
843.157              -0
845.155              1.7781349743746e-11
847.153              -0
849.151              -1.7781349743746e-11
851.149              -0
853.147              -0
855.145              -0
857.143              -0
859.141              -0
861.139              -0
863.137              -0
865.135              -0
867.133              -0
869.131              -0
871.129              -0
873.127              -0
875.125              -0
877.123              -0
879.121              -0
881.119              1.7781349743746e-11
883.117              -0
885.115              -0
887.113              -0
889.111              1.7781349743747e-11
891.109              -0
893.107              3.5562699487492e-11
895.105              3.5562699487492e-11
897.103              1.0668809846247e-10
899.101              1.6003214769371e-10
901.099              2.8450159589995e-10
903.097              4.6231509333739e-10
905.095              8.0016073846856e-10
907.093              1.4047266297559e-09
909.091              2.4538262646369e-09
911.089              4.2319612390115e-09
913.087              7.30813474468e-09
915.085              1.2660321017547e-08
917.083              2.1942185583782e-08
919.081              3.7945400353154e-08
921.079              6.5702087303141e-08
923.077              1.1376507566049e-07
925.075              1.9694622976174e-07
927.073              3.4093959998658e-07
929.071              5.9025190474364e-07
931.069              1.0218763884233e-06
933.067              1.7690664860053e-06
935.065              3.0626596798628e-06
937.063              5.3021139919894e-06
939.061              9.1790705833667e-06
941.059              1.5890943327089e-05
943.057              2.7510628632233e-05
945.055              4.7626776285431e-05
947.053              8.2452154324454e-05
949.051              0.00014274232780093
951.049              0.00024711755275819
953.047              0.00042781338920776
955.045              0.00074063649663229
957.043              0.0012822000785108
959.041              0.0022197620362884
961.039              0.0038428806438863
963.037              0.0066528407429912
965.035              0.011517465997718
967.033              0.019939121478365
969.031              0.034518652778767
971.029              0.059758469813074
973.027              0.10345257699989
975.025              0.1790921720611
977.023              0.31002773349109
979.021              0.53666693299968
981.019              0.92891312640338
983.017              1.6076311895989
985.015              2.7816060487416
987.013              4.810915819918
989.011              8.3148145253625
991.009              14.353007872346
993.007              24.722973868712
995.005              42.424958343464
997.003              72.316398140166
999.001              121.78383953491
1001                 129.78541091812
1003                 92.365695319163
1005                 68.71221141088
1007                 52.929897649019
1009                 41.884421059351
1011                 33.837314497163
1013                 27.778525650426
1015                 23.093396291056
1017                 19.391305051712
1019                 16.414095327359
1021                 13.985132249275
1023                 11.979821201678
1025                 10.30790099545
1027                 8.9024395801474
1029                 7.7127795853471
1031                 6.6998872070556
1033                 5.8332069185063
1035                 5.0884851819433
1037                 4.4462330485118
1039                 3.8906194167154
1041                 3.4086605051442
1043                 2.9896168615373
1045                 2.6245382601431
1047                 2.3059156364091
1049                 2.0274116143959
1051                 1.7836495156587
1053                 1.5700464256341
1055                 1.3826798374517
1057                 1.2181801637112
1059                 1.0736433786818
1061                 0.94655947650679
1063                 0.83475346711381
1065                 0.73633639411597
1067                 0.64966442874237
1069                 0.57330451951998
1071                 0.50600540113521
1073                 0.44667301345669
1075                 0.39434957209039
1077                 0.348195679436
1079                 0.30747498167116
1081                 0.27154096772009
1083                 0.23982557863178
1085                 0.21182935439512
1087                 0.18711289019535
1089                 0.16528941346294
1091                 0.14601832219796
1093                 0.1289995507392
1095                 0.11396864996627
1097                 0.1006924852831
1099                 0.088965470403934
1101                 0.078606266935566
1103                 0.069454889075615
1105                 0.061370161930085
1107                 0.054227488046621
1109                 0.04791688429151
1111                 0.042341254413714
1113                 0.03741486898079
1115                 0.033062026698616
1117                 0.029215875105848
1119                 0.025817371422932
1121                 0.022814366431589
1123                 0.020160796641022
1125                 0.017815971737889
1127                 0.015743946146785
1129                 0.013912964185181
1131                 0.012294970712645
1133                 0.010865178978747
1135                 0.0096016892214834
1137                 0.0084851518700191
1139                 0.0074984701825542
1141                 0.0066265375586738
1143                 0.005856005778071
1145                 0.005175080044495
1147                 0.0045733380105162
1149                 0.0040415700297558
1151                 0.0035716379365169
1153                 0.0031563502922438
1155                 0.0027893522513978
1157                 0.0024650281460481
1159                 0.002178415474674
1161                 0.0019251289273825
1163                 0.0017012932218563
1165                 0.0015034837552719
1167                 0.0013286742017726
1169                 0.0011741901140283
1171                 0.0010376681736091
1173                 0.00091701977567027
1175                 0.00081039923216508
1177                 0.00071617547448
1179                 0.00063290707785768
1181                 0.00055932025233574
1183                 0.00049428932058504
1185                 0.00043681943395768
1187                 0.00038603149121741
1189                 0.00034114858493695
1191                 0.00030148413543429
1193                 0.00026643135697668
1195                 0.00023545410954284
1197                 0.00020807854994587
1199                 0.00018388584877016
1201                 0.00016250597312251
1203                 0.00014361189570877
1205                 0.00012691458550762
1207                 0.00011215860240554
1209                 9.9118260266096e-05
1211                 8.7594091979781e-05
1213                 7.7409811893858e-05
1215                 6.8409597986374e-05
1217                 6.0455835892981e-05
1219                 5.3426809643042e-05
1221                 4.7215031884207e-05
1223                 4.1725503052703e-05
1225                 3.6874219233596e-05
1227                 3.2586946474567e-05
1229                 2.879815497181e-05
1231                 2.5449899965224e-05
1233                 2.2490915796425e-05
1235                 1.987597642028e-05
1237                 1.75650605172e-05
1239                 1.5522818586078e-05
1241                 1.3718040037247e-05
1243                 1.2123102521855e-05
1245                 1.0713581133359e-05
1247                 9.4679464268665e-06
1249                 8.3671380934902e-06
1251                 7.3943162703927e-06
1253                 6.5345950872597e-06
1255                 5.7748295034799e-06
1257                 5.1034021453233e-06
1259                 4.5100456702585e-06
1261                 3.9857006584043e-06
1263                 3.52230244971e-06
1265                 3.1127633803862e-06
1267                 2.7508662014952e-06
1269                 2.4310331525612e-06
1271                 2.1483614887075e-06
1273                 1.8985879535194e-06
1275                 1.6778400890871e-06
1277                 1.4827605809842e-06
1279                 1.3103829132888e-06
1281                 1.1580247871734e-06
1283                 1.0233769387469e-06
1285                 9.0437879407546e-07
1287                 7.9921846918296e-07
1289                 7.0631500648233e-07
1291                 6.2419402979685e-07
1293                 5.5161208933896e-07
1295                 4.8746784386822e-07
1297                 4.3078429712295e-07
1299                 3.8070879782026e-07
1301                 3.3644198538241e-07
1303                 2.9732660777881e-07
1305                 2.6275870368409e-07
1307                 2.322053660464e-07
1309                 2.0522250565591e-07
1311                 1.8136603330277e-07
1313                 1.6028067761908e-07
1315                 1.4162893080538e-07
1317                 1.2517986647254e-07
1319                 1.1063150395785e-07
1321                 9.777068044059e-08
1323                 8.6401996668428e-08
1325                 7.6347816957423e-08
1327                 6.7448269192028e-08
1329                 5.9632299098666e-08
1331                 5.2704507425005e-08
1333                 4.6593839897469e-08
1335                 4.1175951537298e-08
1337                 3.6379788070917e-08
1339                 3.2152058793145e-08
1341                 2.840394586201e-08
1343                 2.5082158572332e-08
1345                 2.2168933355715e-08
1347                 1.9593215938585e-08
1349                 1.7337242752546e-08
1351                 1.531219595563e-08
1353                 1.353583911623e-08
1355                 1.1972645097558e-08
1357                 1.0551559626037e-08
1359                 9.3258734068513e-09
1361                 8.2245321664232e-09
1363                 7.265299473147e-09
1365                 6.4126481902349e-09
1367                 5.6843418860808e-09
1369                 5.0270898555027e-09
1371                 4.4408920985006e-09
1373                 3.9257486150746e-09
1375                 3.4816594052245e-09
1377                 3.0730973321624e-09
1379                 2.7178259642824e-09
1381                 2.4158453015843e-09
1383                 2.1138646388863e-09
1385                 1.8651746813703e-09
1387                 1.6520118606422e-09
1389                 1.4566126083082e-09
1391                 1.2789769243682e-09
1393                 1.1368683772162e-09
1395                 9.9475983006414e-10
1397                 8.8817841970013e-10
1399                 7.9936057773011e-10
1401                 6.927791673661e-10
1403                 6.3948846218409e-10
1405                 5.5067062021408e-10
1407                 5.1514348342607e-10
1409                 4.4408920985006e-10
1411                 4.0856207306206e-10
1413                 3.3750779948605e-10
1415                 3.1974423109205e-10
1417                 2.6645352591004e-10
1419                 2.3092638912203e-10
1421                 2.3092638912203e-10
1423                 2.1316282072803e-10
1425                 1.7763568394003e-10
1427                 1.5987211554602e-10
1429                 1.5987211554602e-10
1431                 1.2434497875802e-10
1433                 1.0658141036402e-10
1435                 8.8817841970013e-11
1437                 5.3290705182008e-11
1439                 5.3290705182008e-11
1441                 3.5527136788005e-11
1443                 3.5527136788005e-11
1445                 3.5527136788005e-11
1447                 3.5527136788005e-11
1449                 1.7763568394003e-11
1451                 1.7763568394003e-11
1453                 3.5527136788005e-11
1455                 1.7763568394003e-11
1457                 1.7763568394003e-11
1459                 1.7763568394003e-11
1461                 1.7763568394003e-11
1463                 1.7763568394003e-11
1465                 -0
1467                 3.5527136788005e-11
1469                 1.7763568394003e-11
1471                 1.7763568394003e-11
1473                 1.7763568394003e-11
1475                 1.7763568394003e-11
1477                 -0
1479                 -0
1481                 1.7763568394003e-11
1483                 1.7763568394003e-11
1485                 -0
1487                 -0
1489                 -0
1491                 -3.5527136788005e-11
1493                 -0
1495                 -1.7763568394003e-11
1497                 1.7763568394003e-11
1499                 -0
1501                 -0
1503                 -0
1505                 -0
1507                 1.7763568394003e-11
1509                 -0
1511                 3.5527136788005e-11
1513                 1.7763568394003e-11
1515                 5.3290705182008e-11
1517                 3.5527136788005e-11
1519                 3.5527136788005e-11
1521                 1.7763568394003e-11
1523                 3.5527136788005e-11
1525                 1.7763568394003e-11
1527                 1.7763568394003e-11
1529                 1.7763568394003e-11
1531                 1.7763568394003e-11
1533                 3.5527136788005e-11
1535                 1.7763568394003e-11
1537                 1.7763568394003e-11
1539                 1.7763568394003e-11
1541                 1.7763568394003e-11
1543                 -0
1545                 1.7763568394003e-11
1547                 3.5527136788005e-11
1549                 3.5527136788005e-11
1551                 5.3290705182008e-11
1553                 5.3290705182008e-11
1555                 5.3290705182008e-11
1557                 7.105427357601e-11
1559                 8.8817841970013e-11
1561                 1.0658141036402e-10
1563                 1.2434497875802e-10
1565                 1.2434497875802e-10
1567                 1.5987211554602e-10
1569                 1.7763568394003e-10
1571                 1.9539925233403e-10
1573                 2.1316282072803e-10
1575                 2.4868995751604e-10
1577                 2.8421709430404e-10
1579                 3.1974423109205e-10
1581                 3.5527136788005e-10
1583                 4.2632564145606e-10
1585                 4.6185277824407e-10
1587                 5.3290705182008e-10
1589                 5.8619775700208e-10
1591                 6.750155989721e-10
1593                 7.6383344094211e-10
1595                 8.7041485130612e-10
1597                 9.7699626167014e-10
1599                 1.1013412404282e-09
1601                 1.2256862191862e-09
1603                 1.4210854715202e-09
1605                 1.6164847238542e-09
1607                 1.8296475445823e-09
1609                 2.0783375020983e-09
1611                 2.3625545964023e-09
1613                 2.6645352591004e-09
1615                 3.0198066269804e-09
1617                 3.4106051316485e-09
1619                 3.8546943414985e-09
1621                 4.3343106881366e-09
1623                 4.9027448767447e-09
1625                 5.5599969073228e-09
1627                 6.3060667798709e-09
1629                 7.123190925995e-09
1631                 8.0646600508771e-09
1633                 9.1304741545173e-09
1635                 1.0302869668521e-08
1637                 1.1635137298072e-08
1639                 1.318056774835e-08
1641                 1.4921397450962e-08
1643                 1.6857626405908e-08
1645                 1.9078072455159e-08
1647                 2.1600499167107e-08
1649                 2.4460433678541e-08
1651                 2.769340312625e-08
1653                 3.133493464702e-08
1655                 3.5456082514429e-08
1657                 4.0110137433658e-08
1659                 4.5385917246676e-08
1661                 5.1372239795455e-08
1663                 5.8104632216782e-08
1665                 6.5742966626203e-08
1667                 7.4393824434082e-08
1669                 8.4181550619178e-08
1671                 9.5230490160247e-08
1673                 1.0778933301481e-07
1675                 1.2198242416162e-07
1677                 1.380229264214e-07
1679                 1.5621282045686e-07
1681                 1.7672974195193e-07
1683                 2.0000001654807e-07
1685                 2.2630786133959e-07
1687                 2.5607960196794e-07
1689                 2.8975932764297e-07
1691                 3.2789770898489e-07
1693                 3.7104541661392e-07
1695                 4.1985970256064e-07
1697                 4.7512216383438e-07
1699                 5.3763216101288e-07
1701                 6.0838445392619e-07
1703                 6.8840932954117e-07
1705                 7.789680012138e-07
1707                 8.8148155441559e-07
1709                 9.9742436532324e-07
1711                 1.1286438450497e-06
1713                 1.2771295132552e-06
1715                 1.4451551066941e-06
1717                 1.6352785792151e-06
1719                 1.8504131560348e-06
1721                 2.0938628608747e-06
1723                 2.3693402795288e-06
1725                 2.6810553777068e-06
1727                 3.0338043188749e-06
1729                 3.4329161735513e-06
1731                 3.8845548999689e-06
1733                 4.3956482898011e-06
1735                 4.9739590224362e-06
1737                 5.6283333549345e-06
1739                 6.3688077034385e-06
1741                 7.2067152245836e-06
1743                 8.1548279240451e-06
1745                 9.2277296914745e-06
1747                 1.0441745246226e-05
1749                 1.1815508571544e-05
1751                 1.3370016205272e-05
1753                 1.5129018038351e-05
1755                 1.7119443640468e-05
1757                 1.9371704240712e-05
1759                 2.1920296688904e-05
1761                 2.4804194254102e-05
1763                 2.8067486113059e-05
1765                 3.1760158947236e-05
1767                 3.5938612086284e-05
1769                 4.0666812139989e-05
1771                 4.6017056831715e-05
1773                 5.2071200684622e-05
1775                 5.8921845180748e-05
1777                 6.6673795373617e-05
1779                 7.5445569791555e-05
1781                 8.5371425484482e-05
1783                 9.6603134380757e-05
1785                 0.00010931252347746
1787                 0.00012369401503065
1789                 0.00013996752201706
1791                 0.000158382071902
1793                 0.00017921921724451
1795                 0.0002027977963337
1797                 0.00022947842737153
1799                 0.00025966915728759
1801                 0.00029383185662368
1803                 0.00033248907627126
1805                 0.00037623207660431
1807                 0.00042572994018997
1809                 0.00048173978584032
1811                 0.00054511835045901
1813                 0.00061683499197329
1815                 0.00069798668178578
1817                 0.00078981461371086
1819                 0.00089372335310145
1821                 0.0010113021353675
1823                 0.0011443493441732
1825                 0.0012948998318052
1827                 0.0014652562008166
1829                 0.0016580238337838
1831                 0.0018761508790988
1833                 0.0021229732283246
1835                 0.0024022655153999
1837                 0.0027182987771823
1839                 0.0030759058233798
1841                 0.0034805548665418
1843                 0.0039384333483383
1845                 0.0044565420864728
1847                 0.0050428025666349
1849                 0.0057061775038392
1851                 0.0064568079771732
1853                 0.0073061678840247
1855                 0.0082672391421568
1857                 0.0093547095403324
1859                 0.010585196701385
1861                 0.01197750112425
1863                 0.01355289249716
1865                 0.015335433385388
1867                 0.017352345089705
1869                 0.019634421253301
1871                 0.022216495452199
1873                 0.025137969341671
1875                 0.028443409600953
1877                 0.032183222344884
1879                 0.036414414346098
1881                 0.041201453147011
1883                 0.046617237448032
1885                 0.052744192284848
1887                 0.059675504395784
1889                 0.067516514956623
1891                 0.076386289258323
1893                 0.086419384590641
1895                 0.097767840454566
1897                 0.11060341687852
1899                 0.12512011045018
1901                 0.141536979541
1903                 0.16010131338007
1905                 0.18109218265394
1907                 0.20482441227543
1909                 0.23165301936245
1911                 0.26197816204387
1913                 0.29625064684069
1915                 0.33497804267313
1917                 0.37873145002365
1919                 0.42815297192078
1921                 0.4839639284171
1923                 0.54697385056812
1925                 0.61809027739557
1927                 0.6983293641305
1929                 0.78882728711704
1931                 0.89085240018605
1933                 1.0058180567896
1935                 1.1352959604061
1937                 1.281029838065
1939                 1.444949150784
1941                 1.6291824510617
1943                 1.8360698780739
1945                 2.06817413682
1947                 2.3282891456056
1949                 2.6194453547213
1951                 2.944910547793
1953                 3.3081847454142
1955                 3.7129876536746
1957                 4.1632369655176
1959                 4.6630157576466
1961                 5.2165272752447
1963                 5.8280356044271
1965                 6.5017911516918
1967                 7.2419405293722
1969                 8.0524214223487
1971                 8.9368442934123
1973                 9.8983643442807
1975                 10.939548892601
1977                 12.062247090832
1979                 13.267470469494
1981                 14.555293834082
1983                 15.924786275114
1985                 17.373981185571
1987                 18.899892062496
1989                 20.498577534429
1991                 22.165254775448
1993                 23.894455755222
1995                 25.680216312587
1997                 27.516284554618
1999                 29.396333176699
2001                 25.770231486977
2003                 21.678087788537
2005                 18.376892400962
2007                 15.678210893011
2009                 13.447256538868
2011                 11.585448890763
2013                 10.019217349946
2015                 8.6926467401938
2017                 7.5625390529233
2019                 6.5950279645755
2021                 5.7632123127327
2023                 5.0454716344106
2025                 4.4242468725209
2027                 3.8851439369481
2029                 3.4162650467984
2031                 3.0077032556441
2033                 2.6511555653563
2035                 2.3396233818929
2037                 2.0671781118509
2039                 1.8287759198188
2041                 1.6201100013902
2043                 1.4374917910764
2045                 1.2777547110154
2047                 1.1381756513451
2049                 1.0164105285426
2051                 0.91044112265237
2053                 0.81853103198526
2055                 0.73918906212
2057                 0.67113873205571
2059                 0.61329285713896
2061                 0.56473238645438
2063                 0.52468883840362
2065                 0.49252981156656
2067                 0.46774715190878
2069                 0.44994744119009
2071                 0.43884453869936
2073                 0.43425396249575
2075                 0.43608894150893
2077                 0.44435800518272
2079                 0.45916400695845
2081                 0.4807045029942
2083                 0.5092734239831
2085                 0.54526399440036
2087                 0.58917286134275
2089                 0.64160540123481
2091                 0.70328217086413
2093                 0.77504646460724
2095                 0.85787292489314
2097                 0.95287713362424
2099                 1.0613260801051
2101                 1.1846493609013
2103                 1.3244509107224
2105                 1.4825209948732
2107                 1.6608481056402
2109                 1.8616302996755
2111                 2.087285387784
2113                 2.3404592414167
2115                 2.6240313173531
2117                 2.9411163227522
2119                 3.2950607588411
2121                 3.6894329042525
2123                 4.1280046480452
2125                 4.6147234844796
2127                 5.1536729705148
2129                 5.7490200683219
2131                 6.4049480938877
2133                 7.1255745237764
2135                 7.9148537161622
2137                 8.7764657136447
2139                 9.7136937009346
2141                 10.729294346614
2143                 11.825367036646
2145                 13.003229717317
2147                 14.263310435911
2149                 15.605064378548
2151                 17.026925942609
2153                 18.526303894593
2155                 20.099624873371
2157                 21.742426543057
2159                 23.449496994967
2161                 25.215052184571
2163                 27.032939037266
2165                 28.896849093751
2167                 30.800526697057
2169                 32.737956905695
2171                 34.703521305115
2173                 36.692114109087
2175                 38.699215634406
2177                 40.720924640603
2179                 42.753954554602
2181                 44.795600905907
2183                 46.843688312599
2185                 48.896505234914
2187                 50.952733745273
2189                 53.011380092567
2191                 55.071710187278
2193                 57.133192548875
2195                 59.195449906237
2197                 61.258219601239
2199                 63.321322232781
2201                 65.384637555326
2203                 67.448086460722
2205                 69.511617854818
2207                 71.575199333882
2209                 73.638810715728
2211                 75.702439653842
2213                 77.766078728327
2215                 79.829723558404
2217                 81.893371602657
2219                 83.957021412218
2221                 86.020672175415
2223                 88.084323445337
2225                 90.147974980077
2227                 92.211626650975
2229                 94.275278390707
2231                 96.33893016467
2233                 98.402581955401
2235                 100.46623375422
2237                 102.52988555683
2239                 104.59353736122
2241                 106.65718916645
2243                 108.72084097201
2245                 110.78449277777
2247                 112.84814458357
2249                 114.91179638943
2251                 116.97544819528
2253                 119.03910000116
2255                 121.10275180701
2257                 123.1664036129
2259                 125.23005541876
2261                 127.29370722461
2263                 129.35735903048
2265                 131.42101083634
2267                 133.48466264224
2269                 135.54831444811
2271                 137.61196625399
2273                 139.67561805984
2275                 141.73926986574
2277                 143.80292167161
2279                 145.86657347747
2281                 147.93022528334
2283                 149.99387708922
2285                 152.05752889511
2287                 154.12118070095
2289                 156.18483250684
2291                 158.2484843127
2293                 160.31213611857
2295                 162.37578792445
2297                 164.43943973032
2299                 166.50309153619
2301                 168.56674334205
2303                 170.63039514793
2305                 172.69404695382
2307                 174.75769875967
2309                 176.82135056551
2311                 178.88500237138
2313                 180.94865417728
2315                 183.01230598313
2317                 185.07595778903
2319                 187.1396095949
2321                 189.20326140078
2323                 191.26691320663
2325                 193.33056501251
2327                 195.3942168184
2329                 197.45786862424
2331                 199.52152043011
2333                 201.58517223601
2335                 203.64882404188
2337                 205.71247584774
2339                 207.77612765364
2341                 209.83977945951
2343                 211.90343126539
2345                 213.96708307124
2347                 216.03073487713
2349                 218.09438668299
2351                 220.15803848886
2353                 222.22169029474
2355                 224.28534210063
2357                 226.34899390647
2359                 228.41264571237
2361                 230.47629751822
2363                 232.53994932411
2365                 234.60360112997
2367                 236.66725293586
2369                 238.73090474172
2371                 240.79455654759
2373                 242.85820835347
2375                 244.92186015932
2377                 246.9855119652
2379                 249.04916377107
2381                 251.11281557695
2383                 253.17646738282
2385                 255.2401191887
2387                 257.30377099457
2389                 259.36742280045
2391                 261.43107460632
2393                 263.4947264122
2395                 265.55837821807
2397                 267.62203002393
2399                 269.68568182982
2401                 271.74933363566
2403                 273.81298544155
2405                 275.87663724743
2407                 277.94028905332
2409                 280.00394085918
2411                 282.06759266507
2413                 284.13124447093
2415                 286.19489627681
2417                 288.25854808268
2419                 290.32219988855
2421                 292.38585169443
2423                 294.44950350031
2425                 296.5131553062
2427                 298.57680711206
2429                 300.64045891795
2431                 302.70411072381
2433                 304.76776252968
2435                 306.83141433556
2437                 308.89506614141
2439                 310.95871794731
2441                 313.02236975318
2443                 315.08602155904
2445                 317.14967336494
2447                 319.21332517079
2449                 321.27697697668
2451                 323.34062878254
2453                 325.40428058843
2455                 327.46793239427
2457                 329.53158420017
2459                 331.59523600603
2461                 333.65888781191
2463                 335.72253961778
2465                 337.78619142365
2467                 339.84984322953
2469                 341.91349503541
2471                 343.97714684127
2473                 346.04079864716
2475                 348.10445045303
2477                 350.16810225891
2479                 352.23175406478
2481                 354.29540587065
2483                 356.35905767652
2485                 358.4227094824
2487                 360.48636128827
2489                 362.55001309414
2491                 364.61366490001
2493                 366.67731670588
2495                 368.74096851175
2497                 370.80462031762
2499                 372.8682721235
2501                 374.93192392938
2503                 376.99557573524
2505                 379.05922754112
2507                 381.12287934698
2509                 383.18653115287
2511                 385.25018295875
2513                 387.31383476462
2515                 389.3774865705
2517                 391.44113837638
2519                 393.50479018226
2521                 395.56844198813
2523                 397.632093794
2525                 399.69574559989
2527                 401.75939740577
2529                 403.82304921163
2531                 405.88670101751
2533                 407.95035282339
2535                 410.01400462926
2537                 412.07765643514
2539                 414.14130824101
2541                 416.20496004688
2543                 418.26861185275
2545                 420.33226365862
2547                 422.39591546449
2549                 424.45956727037
2551                 455.71155259542
2553                 455.85505083634
2555                 455.99854907723
2557                 456.14204731816
2559                 456.28554555908
2561                 456.4290438
2563                 456.5725420409
2565                 456.71604028183
2567                 456.85953852274
2569                 457.00303676366
2571                 457.14653500457
2573                 457.2900332455
2575                 457.43353148641
2577                 457.57702972733
2579                 457.72052796824
2581                 457.86402620917
2583                 458.00752445007
2585                 458.15102269099
2587                 458.29452093192
2589                 458.43801917283
2591                 458.58151741376
2593                 458.72501565468
2595                 458.86851389561
2597                 459.01201213653
2599                 459.15551037745
2601                 459.29900861837
2603                 459.44250685928
2605                 459.5860051002
2607                 459.72950334112
2609                 459.87300158203
2611                 460.01649982294
2613                 460.15999806387
2615                 460.30349630479
2617                 460.44699454571
2619                 460.59049278663
2621                 460.73399102754
2623                 460.87748926846
2625                 461.02098750938
2627                 461.16448575029
2629                 461.30798399122
2631                 461.45148223213
2633                 461.59498047305
2635                 461.73847871398
2637                 461.88197695488
2639                 462.02547519581
2641                 462.16897343673
2643                 462.31247167765
2645                 462.45596991856
2647                 462.59946815948
2649                 462.7429664004
2651                 462.88646464132
2653                 463.02996288225
2655                 463.17346112316
2657                 463.31695936408
2659                 463.460457605
2661                 463.60395584591
2663                 463.74745408683
2665                 463.89095232774
2667                 464.03445056866
2669                 464.17794880957
2671                 464.3214470505
2673                 464.4649452914
2675                 464.60844353232
2677                 464.75194177324
2679                 464.89544001416
2681                 465.03893825507
2683                 465.18243649599
2685                 465.32593473691
2687                 465.46943297783
2689                 465.61293121874
2691                 465.75642945966
2693                 465.89992770058
2695                 466.04342594149
2697                 466.18692418241
2699                 466.33042242332
2701                 466.47392066424
2703                 466.61741890516
2705                 466.76091714607
2707                 466.90441538699
2709                 467.04791362791
2711                 467.19141186883
2713                 467.33491010975
2715                 467.47840835067
2717                 467.62190659158
2719                 467.7654048325
2721                 467.90890307342
2723                 468.05240131434
2725                 468.19589955525
2727                 468.33939779618
2729                 468.4828960371
2731                 468.62639427801
2733                 468.76989251893
2735                 468.91339075985
2737                 469.05688900077
2739                 469.20038724168
2740.9774419792      438.28720301167
2742.8832025866      438.41489217788
2744.6931852871      438.53616406321
2746.4122035958      438.6513411813
2748.0448291145      438.76072983715
2749.5954036903      438.8646209418
2751.0680509614      438.96329078597
2752.4666873243      439.05700177481
2753.795032349       439.14600312575
2755.0566186707      439.2305315313
2756.2548013851      439.31081178852
2757.3927669703      439.3870573968
2758.4735417618      439.4594711257
2759.5               439.52824555417
2760.5               467.2631609893
2761.5               460.37524542525
2762.5               453.48732986119
2763.5               446.59941429714
2764.5               439.71149873309
2765.5               432.82358316903
2766.5               425.93566760498
2767.5               419.04775204093
2768.5               412.15983647688
2769.5               405.27192091282
2770.5               398.38400534877
2771.5               391.49608978472
2772.5               384.60817422067
2773.5               377.72025865662
2774.5               370.83234309257
2775.5               363.94442752851
2776.5               357.05651196447
2777.5               350.16859640042
2778.5               343.28068083636
2779.5               336.39276527231
2780.5               329.50484970826
2781.5               322.61693414421
2782.5               315.72901858016
2783.5               308.84110301611
2784.5               301.95318745207
2785.5               295.06527188805
2786.5               288.17735632411
2787.5               281.28944076039
2788.5               274.40152519732
2789.5               267.51360963611
2790.5               260.62569408004
2791.5               253.73777853788
2792.5               246.84986303224
2793.5               239.96194761996
2794.5               233.0740324399
2795.5               226.1861178218
2796.5               219.2982045268
2797.5               212.41029426244
2798.5               205.52239075105
2799.5               198.63450187682
2800.5               191.74664386164
2801.5               184.85884912265
2802.5               177.97118056383
2803.5               171.08375668192
2804.5               164.19679411643
2805.5               157.31067713445
2806.5               150.42606678564
2807.5               143.54406551678
2808.5               136.66645485849
2809.5               129.79602284596
2810.5               122.93699220235
2811.5               116.09554813539
2812.5               109.28044479061
2813.5               102.50364264152
2814.5               95.780898771285
2815.5               89.132204679891
2816.5               82.58195105602
2817.5               76.158705432507
2818.5               69.89452330868
2819.5               63.82377586641
2820.5               57.981558369058
2821.5               52.401824990402
2822.5               47.115456912696
2823.5               42.148493472334
2824.5               37.520733645311
2825.5               33.244853168286
2826.5               29.326097853188
2827.5               25.762527467814
2828.5               22.545715510101
2829.5               19.661769141164
2830.5               17.0925222191
2831.5               14.816767382573
2832.5               12.81142141331
2833.5               11.052552359931
2834.5               9.5162298281792
2835.5               8.1791869847847
2836.5               7.0193023942111
2837.5               6.0159219503686
2838.5               5.1500471122634
2839.5               4.4044170449964
2840.5               3.7635106995859
2841.5               3.2134916547832
2842.5               2.7421146583517
2843.5               2.3386088814514
2844.5               1.9935493090273
2845.5               1.6987246098488
2846.5               1.4470073131445
2847.5               1.232230140773
2848.5               1.0490708411148
2849.5               0.89294676599128
2850.5               0.75991964638034
2851.5               0.64661048550629
2852.5               0.55012413831212
2853.5               0.4679829348686
2854.5               0.39806859275515
2855.5               0.33857161998441
2856.5               0.2879474125872
2857.5               0.24487828365949
2858.5               0.20824071063075
2859.5               0.17707714736748
2860.5               0.15057181073086
2861.5               0.12802991432359
2862.5               0.10885988261267
2863.5               0.092558134863197
2864.5               0.078696080163532
2865.5               0.066909011109395
2866.5               0.056886625585673
2867.5               0.048364942573098
2868.5               0.041119410423285
2869.5               0.034959034094229
2870.5               0.029721372527547
2871.5               0.02526827845184
2872.5               0.021482271419515
2873.5               0.018263450580758
2874.5               0.01552686737627
2875.5               0.013200289985527
2876.5               0.01122230133932
2877.5               0.0095406811495558
2878.5               0.0081110296479281
2879.5               0.0068955970378148
2880.5               0.0058622879417491
2881.5               0.0049838148119541
2882.5               0.0042369779462703
2883.5               0.0036020532889758
2884.5               0.0030622718560913
2885.5               0.0026033770983425
2886.5               0.0022132485333337
2887.5               0.0018815817570683
2888.5               0.001599616348269
2889.5               0.0013599045711743
2890.5               0.0011561146684436
2891.5               0.00098286368155343
2892.5               0.00083557526231459
2893.5               0.00071035883619786
2894.5               0.00060390682454781
2895.5               0.00051340729223526
2896.5               0.00043646968483912
2897.5               0.000371061670279
2898.5               0.0003154554772955
2899.5               0.00026818224307945
2900.5               0.00022799323096123
2901.5               0.00019382681237801
2902.5               0.00016478047371038
2903.5               0.00014008693094425
2904.5               0.00011909389252551
2905.5               0.00010124680649426
2906.5               8.6074234406652e-05
2907.5               7.3175383530355e-05
2908.5               6.2209519757772e-05
2909.5               5.2886965917764e-05
2910.5               4.4961467882132e-05
2911.5               3.8223662013337e-05
2912.5               3.2495566237856e-05
2913.5               2.7625866039216e-05
2914.5               2.3485928757339e-05
2915.5               1.9966388542514e-05
2916.5               1.6974277539106e-05
2917.5               1.4430556749545e-05
2918.5               1.2268033255936e-05
2919.5               1.0429577201876e-05
2920.5               8.8666274322691e-06
2921.5               7.5378991937214e-06
2922.5               6.4082894546402e-06
2923.5               5.4479598610158e-06
2924.5               4.6315440371814e-06
2925.5               3.9374703497685e-06
2926.5               3.3474134575329e-06
2927.5               2.8457769474244e-06
2928.5               2.4193180792054e-06
2929.5               2.0567636482838e-06
2930.5               1.7485435321873e-06
2931.5               1.4865086939153e-06
2932.5               1.2637446644703e-06
2933.5               1.0743650413758e-06
2934.5               9.1336049834467e-07
2935.5               7.7648998342283e-07
2936.5               6.6012528776582e-07
2937.5               5.6120219582567e-07
2938.5               4.7710058126427e-07
2939.5               4.0560665937051e-07
2940.5               3.4482194877228e-07
2941.5               2.9314772831412e-07
2942.5               2.4921620322971e-07
2943.5               2.1187052112737e-07
2944.5               1.8012036306914e-07
2945.5               1.5312862089445e-07
2946.5               1.3018031097545e-07
2947.5               1.1067147198673e-07
2948.5               9.4086960444884e-08
2949.5               7.9987128032144e-08
2950.5               6.800338070434e-08
2951.5               5.7809312892232e-08
2952.5               4.9147352854106e-08
2953.5               4.1782133308743e-08
2954.5               3.5520475449857e-08
2955.5               3.0198066269804e-08
2956.5               2.5670576775383e-08
2957.5               2.1824764218081e-08
2958.5               1.8551826741486e-08
2959.5               1.5774048733874e-08
2960.5               1.3409273691423e-08
2961.5               1.1399770016851e-08
2962.5               9.6922470049776e-09
2963.5               8.2378548427187e-09
2964.5               7.0032868393355e-09
2965.5               5.9552363040893e-09
2966.5               5.0626169922907e-09
2967.5               4.3054448894964e-09
2968.5               3.6592950891645e-09
2969.5               3.1108449149997e-09
2970.5               2.6445512446571e-09
2971.5               2.2493118478906e-09
2972.5               1.9118040484045e-09
2973.5               1.6253665080512e-09
2974.5               1.3811174426337e-09
2975.5               1.1746159600534e-09
2976.5               9.9698027611339e-10
2977.5               8.5043083686287e-10
2978.5               7.2164496600635e-10
2979.5               6.1284310959309e-10
2980.5               5.2180482157382e-10
2981.5               4.4408920985006e-10
2982.5               3.752553823233e-10
2983.5               3.219646771413e-10
2984.5               2.7311486405779e-10
2985.5               2.3314683517128e-10
2986.5               1.9761969838328e-10
2987.5               1.6875389974302e-10
2988.5               1.4210854715202e-10
2989.5               1.2212453270877e-10
2990.5               1.0436096431476e-10
2991.5               8.8817841970013e-11
2992.5               7.5495165674511e-11
2993.5               6.6613381477509e-11
2994.5               5.5511151231258e-11
2995.5               4.6629367034257e-11
2996.5               3.9968028886506e-11
2997.5               3.3306690738755e-11
2998.5               2.6645352591004e-11
2999.5               2.4424906541753e-11
3000.5               1.9984014443253e-11
3001.5               1.7763568394003e-11
3002.5               1.3322676295502e-11
3003.5               1.1102230246252e-11
3004.5               8.8817841970013e-12
3005.5               8.8817841970013e-12
3006.5               4.4408920985006e-12
3007.5               6.6613381477509e-12
3008.5               4.4408920985006e-12
3009.5               4.4408920985006e-12
3010.5               4.4408920985006e-12
3011.5               2.2204460492503e-12
3012.5               2.2204460492503e-12
3013.5               2.2204460492503e-12
3014.5               4.4408920985006e-12
3015.5               -0
3016.5               2.2204460492503e-12
3017.5               -0
3018.5               4.4408920985006e-12
3019.5               -0
3020.5               2.2204460492503e-12
3021.5               2.2204460492503e-12
3022.5               -0
3023.5               -0
3024.5               2.2204460492503e-12
3025.5               -0
3026.5               -0
3027.5               -0
3028.5               -0
3029.5               -0
3030.5               -0
3031.5               -0
3032.5               -0
3033.5               -2.2204460492503e-12
3034.5               -0
3035.5               -0
3036.5               -2.2204460492503e-12
3037.5               -0
3038.5               -0
3039.5               -0
3040.5               -2.2204460492503e-12
3041.5               -0
3042.5               -0
3043.5               -2.2204460492503e-12
3044.5               -0
3045.5               -2.2204460492503e-12
3046.5               -0
3047.5               -0
3048.5               -0
3049.5               -0
3050.5               -4.4408920985006e-12
3051.5               -2.2204460492503e-12
3052.5               -0
3053.5               -2.2204460492503e-12
3054.5               -2.2204460492503e-12
3055.5               -2.2204460492503e-12
3056.5               -2.2204460492503e-12
3057.5               -0
3058.5               -2.2204460492503e-12
3059.5               -0
3060.5               -0
3061.5               -0
3062.5               -0
3063.5               2.2204460492503e-12
3064.5               -0
3065.5               -0
3066.5               2.2204460492503e-12
3067.5               -0
3068.5               -0
3069.5               2.2204460492503e-12
3070.5               -0
3071.5               2.2204460492503e-12
3072.5               -0
3073.5               2.2204460492503e-12
3074.5               -0
3075.5               2.2204460492503e-12
3076.5               -0
3077.5               2.2204460492503e-12
3078.5               -0
3079.5               -0
3080.5               -0
3081.5               -0
3082.5               -2.2204460492503e-12
3083.5               -0
3084.5               -2.2204460492503e-12
3085.5               -0
3086.5               2.2204460492503e-12
3087.5               -0
3088.5               2.2204460492503e-12
3089.5               -0
3090.5               2.2204460492503e-12
3091.5               -2.2204460492503e-12
3092.5               -0
3093.5               2.2204460492503e-12
3094.5               -0
3095.5               -0
3096.5               2.2204460492503e-12
3097.5               -0
3098.5               -0
3099.5               -0
3100.5               -2.2204460492503e-12
3101.5               -2.2204460492503e-12
3102.5               -2.2204460492503e-12
3103.5               -0
3104.5               -0
3105.5               -0
3106.5               -0
3107.5               2.2204460492503e-12
3108.5               2.2204460492503e-12
3109.5               2.2204460492503e-12
3110.5               2.2204460492503e-12
3111.5               -0
3112.5               -0
3113.5               -0
3114.5               -0
3115.5               -0
3116.5               2.2204460492503e-12
3117.5               -2.2204460492503e-12
3118.5               -0
3119.5               -2.2204460492503e-12
3120.5               -2.2204460492503e-12
3121.5               -2.2204460492503e-12
3122.5               -4.4408920985006e-12
3123.5               -2.2204460492503e-12
3124.5               -2.2204460492503e-12
3125.5               -0
3126.5               -2.2204460492503e-12
3127.5               -2.2204460492503e-12
3128.5               -2.2204460492503e-12
3129.5               -0
3130.5               -2.2204460492503e-12
3131.5               -0
3132.5               -2.2204460492503e-12
3133.5               -0
3134.5               -0
3135.5               2.2204460492503e-12
3136.5               -0
3137.5               2.2204460492503e-12
3138.5               2.2204460492503e-12
3139.5               2.2204460492503e-12
3140.5               -0
3141.5               2.2204460492503e-12
3142.5               2.2204460492503e-12
3143.5               2.2204460492503e-12
3144.5               -0
3145.5               -0
3146.5               2.2204460492503e-12
3147.5               -0
3148.5               -0
3149.5               2.2204460492503e-12
3150.5               -0
3151.5               -0
3152.5               -0
3153.5               2.2204460492503e-12
3154.5               -0
3155.5               2.2204460492503e-12
3156.5               -0
3157.5               -0
3158.5               -0
3159.5               -2.2204460492503e-12
3160.5               -2.2204460492503e-12
3161.5               -0
3162.5               -2.2204460492503e-12
3163.5               -2.2204460492503e-12
3164.5               -0
3165.5               -0
3166.5               -0
3167.5               -0
3168.5               -0
3169.5               -0
3170.5               -0
3171.5               -0
3172.5               2.2204460492503e-12
3173.5               -0
3174.5               -2.2204460492503e-12
3175.5               -0
3176.5               -0
3177.5               -0
3178.5               -2.2204460492503e-12
3179.5               -0
3180.5               -0
3181.5               -0
3182.5               -0
3183.5               -0
3184.5               -0
3185.5               -0
3186.5               -0
3187.5               -0
3188.5               -0
3189.5               -0
3190.5               -0
3191.5               -2.2204460492503e-12
3192.5               -0
3193.5               -0
3194.5               -0
3195.5               -2.2204460492503e-12
3196.5               -0
3197.5               2.2204460492503e-12
3198.5               -0
3199.5               -0
3200.5               2.2204460492503e-12
3201.5               2.2204460492503e-12
3202.5               2.2204460492503e-12
3203.5               2.2204460492503e-12
3204.5               -0
3205.5               2.2204460492503e-12
3206.5               -0
3207.5               2.2204460492503e-12
3208.5               2.2204460492503e-12
3209.5               2.2204460492503e-12
3210.5               2.2204460492503e-12
3211.5               -0
3212.5               -0
3213.5               -0
3214.5               -0
3215.5               2.2204460492503e-12
3216.5               -0
3217.5               -0
3218.5               -0
3219.5               -0
3220.5               -0
3221.5               -2.2204460492503e-12
3222.5               -0
3223.5               -0
3224.5               2.2204460492503e-12
3225.5               2.2204460492503e-12
3226.5               -0
3227.5               2.2204460492503e-12
3228.5               -0
3229.5               -0
3230.5               -0
3231.5               -0
3232.5               2.2204460492503e-12
3233.5               -0
3234.5               -0
3235.5               -2.2204460492503e-12
3236.5               -0
3237.5               -2.2204460492503e-12
3238.5               -0
3239.5               -2.2204460492503e-12
3240.5               -2.2204460492503e-12
3241.5               -2.2204460492503e-12
3242.5               -2.2204460492503e-12
3243.5               -2.2204460492503e-12
3244.5               -2.2204460492503e-12
3245.5               -0
3246.5               -0
3247.5               -0
3248.5               -0
3249.5               -0
3250.5               2.2204460492503e-12
3251.5               2.2204460492503e-12
3252.5               -0
3253.5               2.2204460492503e-12
3254.5               -0
3255.5               -0
3256.5               -0
3257.5               -0
3258.5               -0
3259.5               -0
3260.5               -0
3261.5               -0
3262.5               2.2204460492503e-12
3263.5               -0
3264.5               -0
3265.5               -0
3266.5               -0
3267.5               -2.2204460492503e-12
3268.5               -0
3269.5               -2.2204460492503e-12
3270.5               -2.2204460492503e-12
3271.5               -2.2204460492503e-12
3272.5               -0
3273.5               -0
3274.5               -0
3275.5               -0
3276.5               2.2204460492503e-12
3277.5               -0
3278.5               -0
3279.5               2.2204460492503e-12
3280.5               2.2204460492503e-12
3281.5               -0
3282.5               -2.2204460492503e-12
3283.5               -0
3284.5               -2.2204460492503e-12
3285.5               -2.2204460492503e-12
3286.5               -0
3287.5               -0
3288.5               2.2204460492503e-12
3289.5               2.2204460492503e-12
3290.5               -0
3291.5               2.2204460492503e-12
3292.5               -0
3293.5               -0
3294.5               -0
3295.5               -0
3296.5               -0
3297.5               -0
3298.5               -0
3299.5               -0
3300.5               -0
3301.5               -0
3302.5               -2.2204460492503e-12
3303.5               -2.2204460492503e-12
3304.5               -2.2204460492503e-12
3305.5               -0
3306.5               -2.2204460492503e-12
3307.5               -0
3308.5               -2.2204460492503e-12
3309.5               -0
3310.5               -0
3311.5               -0
3312.5               -0
3313.5               -0
3314.5               -0
3315.5               2.2204460492503e-12
3316.5               -0
3317.5               4.4408920985006e-12
3318.5               2.2204460492503e-12
3319.5               -0
3320.5               -0
3321.5               -0
3322.5               -0
3323.5               -0
3324.5               2.2204460492503e-12
3325.5               -0
3326.5               -2.2204460492503e-12
3327.5               -0
3328.5               -0
3329.5               -2.2204460492503e-12
3330.5               -0
3331.5               -2.2204460492503e-12
3332.5               -2.2204460492503e-12
3333.5               -2.2204460492503e-12
3334.5               -0
3335.5               -2.2204460492503e-12
3336.5               -0
3337.5               -0
3338.5               2.2204460492503e-12
3339.5               -0
3340.5               2.2204460492503e-12
3341.5               -0
3342.5               2.2204460492503e-12
3343.5               2.2204460492503e-12
3344.5               -0
3345.5               -0
3346.5               -0
3347.5               -0
3348.5               -0
3349.5               -0
3350.5               -0
3351.5               2.2204460492503e-12
3352.5               2.2204460492503e-12
3353.5               -0
3354.5               2.2204460492503e-12
3355.5               -0
3356.5               -0
3357.5               2.2204460492503e-12
3358.5               -0
3359.5               -0
3360.5               -0
3361.5               -0
3362.5               2.2204460492503e-12
3363.5               -0
3364.5               -2.2204460492503e-12
3365.5               -0
3366.5               -2.2204460492503e-12
3367.5               -2.2204460492503e-12
3368.5               -2.2204460492503e-12
3369.5               -4.4408920985006e-12
3370.5               -2.2204460492503e-12
3371.5               -2.2204460492503e-12
3372.5               -0
3373.5               -2.2204460492503e-12
3374.5               -0
3375.5               -2.2204460492503e-12
3376.5               -0
3377.5               -2.2204460492503e-12
3378.5               -0
3379.5               -2.2204460492503e-12
3380.5               -2.2204460492503e-12
3381.5               -0
3382.5               -2.2204460492503e-12
3383.5               -0
3384.5               -0
3385.5               -0
3386.5               -0
3387.5               -2.2204460492503e-12
3388.5               -0
3389.5               -0
3390.5               -0
3391.5               2.2204460492503e-12
3392.5               -0
3393.5               -0
3394.5               -0
3395.5               -0
3396.5               2.2204460492503e-12
3397.5               -0
3398.5               2.2204460492503e-12
3399.5               -0
3400.5               -0
3401.5               2.2204460492503e-12
3402.5               -0
3403.5               2.2204460492503e-12
3404.5               2.2204460492503e-12
3405.5               2.2204460492503e-12
3406.5               -0
3407.5               -0
3408.5               -0
3409.5               -0
3410.5               -2.2204460492503e-12
3411.5               -0
3412.5               -0
3413.5               -0
3414.5               2.2204460492503e-12
3415.5               -0
3416.5               2.2204460492503e-12
3417.5               2.2204460492503e-12
3418.5               2.2204460492503e-12
3419.5               -0
3420.5               2.2204460492503e-12
3421.5               -0
3422.5               -0
3423.5               2.2204460492503e-12
3424.5               2.2204460492503e-12
3425.5               2.2204460492503e-12
3426.5               -0
3427.5               -0
3428.5               -0
3429.5               -2.2204460492503e-12
3430.5               -0
3431.5               2.2204460492503e-12
3432.5               -0
3433.5               2.2204460492503e-12
3434.5               2.2204460492503e-12
3435.5               2.2204460492503e-12
3436.5               2.2204460492503e-12
3437.5               -0
3438.5               2.2204460492503e-12
3439.5               -0
3440.5               -0
3441.5               -0
3442.5               -0
3443.5               -2.2204460492503e-12
3444.5               -0
3445.5               -2.2204460492503e-12
3446.5               -0
3447.5               -0
3448.5               -0
3449.5               -0
3450.5               -2.2204460492503e-12
3451.5               -0
3452.5               -0
3453.5               -2.2204460492503e-12
3454.5               -0
3455.5               -0
3456.5               2.2204460492503e-12
3457.5               -0
3458.5               -2.2204460492503e-12
3459.5               -0
3460.5               -0
3461.5               -0
3462.5               -2.2204460492503e-12
3463.5               -2.2204460492503e-12
3464.5               -2.2204460492503e-12
3465.5               -2.2204460492503e-12
3466.5               -2.2204460492503e-12
3467.5               -2.2204460492503e-12
3468.5               -2.2204460492503e-12
3469.5               -0
3470.5               -0
3471.5               2.2204460492503e-12
3472.5               2.2204460492503e-12
3473.5               4.4408920985006e-12
3474.5               2.2204460492503e-12
3475.5               2.2204460492503e-12
3476.5               2.2204460492503e-12
3477.5               2.2204460492503e-12
3478.5               2.2204460492503e-12
3479.5               2.2204460492503e-12
3480.5               2.2204460492503e-12
3481.5               2.2204460492503e-12
3482.5               2.2204460492503e-12
3483.5               -0
3484.5               2.2204460492503e-12
3485.5               -0
3486.5               -0
3487.5               -0
3488.5               -0
3489.5               -0
3490.5               -2.2204460492503e-12
3491.5               -0
3492.5               -2.2204460492503e-12
3493.5               -2.2204460492503e-12
3494.5               -2.2204460492503e-12
3495.5               -2.2204460492503e-12
3496.5               -2.2204460492503e-12
3497.5               -2.2204460492503e-12
3498.5               -0
3499.5               -0
3500.5               -0
3501.5               -0
3502.5               -0
3503.5               -2.2204460492503e-12
3504.5               -0
3505.5               -2.2204460492503e-12
3506.5               -0
3507.5               -0
3508.5               -0
3509.5               -2.2204460492503e-12
3510.5               -0
3511.5               -2.2204460492503e-12
3512.5               -2.2204460492503e-12
3513.5               -2.2204460492503e-12
3514.5               -0
3515.5               -2.2204460492503e-12
3516.5               -0
3517.5               -0
3518.5               -2.2204460492503e-12
3519.5               -0
3520.5               -0
3521.5               2.2204460492503e-12
3522.5               2.2204460492503e-12
3523.5               -0
3524.5               2.2204460492503e-12
3525.5               -0
3526.5               -0
3527.5               -2.2204460492503e-12
3528.5               -0
3529.5               -2.2204460492503e-12
3530.5               2.2204460492503e-12
3531.5               -0
3532.5               -0
3533.5               -0
3534.5               -0
3535.5               -0
3536.5               -0
3537.5               -2.2204460492503e-12
3538.5               -2.2204460492503e-12
3539.5               -2.2204460492503e-12
3540.5               -0
3541.5               -2.2204460492503e-12
3542.5               -0
3543.5               -2.2204460492503e-12
3544.5               -2.2204460492503e-12
3545.5               -2.2204460492503e-12
3546.5               -2.2204460492503e-12
3547.5               -4.4408920985006e-12
3548.5               -4.4408920985006e-12
3549.5               -6.6613381477509e-12
3550.5               -6.6613381477509e-12
3551.5               -8.8817841970013e-12
3552.5               -8.8817841970013e-12
3553.5               -1.1102230246252e-11
3554.5               -1.3322676295502e-11
3555.5               -1.7763568394003e-11
3556.5               -1.7763568394003e-11
3557.5               -2.2204460492503e-11
3558.5               -2.4424906541753e-11
3559.5               -2.8865798640254e-11
3560.5               -3.5527136788005e-11
3561.5               -3.9968028886506e-11
3562.5               -4.8849813083507e-11
3563.5               -5.5511151231258e-11
3564.5               -6.6613381477509e-11
3565.5               -7.7715611723761e-11
3566.5               -9.3258734068513e-11
3567.5               -1.0880185641327e-10
3568.5               -1.2878587085652e-10
3569.5               -1.5099033134902e-10
3570.5               -1.7763568394003e-10
3571.5               -2.0650148258028e-10
3572.5               -2.4424906541753e-10
3573.5               -2.8421709430404e-10
3574.5               -3.3750779948605e-10
3575.5               -3.9745984281581e-10
3576.5               -4.6629367034257e-10
3577.5               -5.4845017416483e-10
3578.5               -6.4392935428259e-10
3579.5               -7.5939254884361e-10
3580.5               -8.9039886574938e-10
3581.5               -1.0480505352461e-09
3582.5               -1.2345680033832e-09
3583.5               -1.4499512701605e-09
3584.5               -1.7075230118735e-09
3585.5               -2.0072832285223e-09
3586.5               -2.3625545964023e-09
3587.5               -2.7777780076121e-09
3588.5               -3.2662761384472e-09
3589.5               -3.8435921112523e-09
3590.5               -4.5230486023229e-09
3591.5               -5.3179682879545e-09
3592.5               -6.2572169667874e-09
3593.5               -7.3607786532648e-09
3594.5               -8.657519146027e-09
3595.5               -1.0182965581862e-08
3596.5               -1.1979306435705e-08
3597.5               -1.4088730182493e-08
3598.5               -1.6575629757654e-08
3599.5               -1.9495516312418e-08
3600.5               -2.2930546350608e-08
3601.5               -2.6971758160244e-08
3602.5               -3.1727953597738e-08
3603.5               -3.731903674975e-08
3604.5               -4.3898218393679e-08
3605.5               -5.1638693321365e-08
3606.5               -6.0740301677242e-08
3607.5               -7.1445072080678e-08
3608.5               -8.4041662518075e-08
3609.5               -9.8854258112624e-08
3610.5               -1.1628031870714e-07
3611.5               -1.3677725618777e-07
3612.5               -1.6088463894448e-07
3613.5               -1.892486167776e-07
3614.5               -2.2260415732944e-07
3615.5               -2.6184610035784e-07
3616.5               -3.0800251238361e-07
3617.5               -3.6229463873383e-07
3618.5               -4.2615910800237e-07
3619.5               -5.0127901829455e-07
3620.5               -5.8963944837842e-07
3621.5               -6.9357852794383e-07
3622.5               -8.158385078616e-07
3623.5               -9.5965235757944e-07
3624.5               -1.1288103785034e-06
3625.5               -1.3277889898688e-06
3626.5               -1.5618417670282e-06
3627.5               -1.8371548726748e-06
3628.5               -2.1609936062816e-06
3629.5               -2.5419200078147e-06
3630.5               -2.9899949183232e-06
3631.5               -3.5170466539114e-06
3632.5               -4.1370107339844e-06
3633.5               -4.8662540663713e-06
3634.5               -5.7240434614414e-06
3635.5               -6.7330385711273e-06
3636.5               -7.9198936298042e-06
3637.5               -9.3159591152414e-06
3638.5               -1.0958112195425e-05
3639.5               -1.2889733724819e-05
3640.5               -1.5161847333189e-05
3641.5               -1.7834476118139e-05
3642.5               -2.0978212500466e-05
3643.5               -2.4676110044197e-05
3644.5               -2.9025846171038e-05
3645.5               -3.4142326743591e-05
3646.5               -4.0160699210645e-05
3647.5               -4.723995639111e-05
3648.5               -5.5567090928577e-05
3649.5               -6.5362075751807e-05
3650.5               -7.6883652777582e-05
3651.5               -9.0436169664088e-05
3652.5               -0.00010637763114829
3653.5               -0.00012512914038254
3654.5               -0.00014718603225106
3655.5               -0.00017313095179716
3656.5               -0.00020364925523708
3657.5               -0.00023954709771346
3658.5               -0.00028177274291608
3659.5               -0.00033144160527243
3660.5               -0.000389865706385
3661.5               -0.00045858834063495
3662.5               -0.00053942484701253
3663.5               -0.00063451053300412
3664.5               -0.00074635709834681
3665.5               -0.0008779189708541
3666.5               -0.0010326713306696
3667.5               -0.0012147019146092
3668.5               -0.0014288189587042
3669.5               -0.0016806781899525
3670.5               -0.001976932200165
3671.5               -0.0023254061143341
3672.5               -0.0027353042364453
3673.5               -0.003217453083959
3674.5               -0.0037845872413733
3675.5               -0.0044516855779442
3676.5               -0.0052363666513955
3677.5               -0.0061593537514781
3678.5               -0.0072450218513431
3679.5               -0.0085220407552988
3680.5               -0.010024131513742
3681.5               -0.011790955845026
3682.5               -0.01386916200774
3683.5               -0.016313614508157
3684.5               -0.01918883987706
3685.5               -0.022570726339044
3686.5               -0.026548521721015
3687.5               -0.031227181735982
3688.5               -0.036730129571172
3689.5               -0.043202498452022
3690.5               -0.05081494082626
3691.5               -0.059768102251834
3692.5               -0.070297874552594
3693.5               -0.082681561985876
3694.5               -0.097245116521538
3695.5               -0.11437162368955
3696.5               -0.13451125021158
3697.5               -0.15819289791663
3698.5               -0.18603784688986
3699.5               -0.21877571371398
3700.5               -0.25726309889285
3701.5               -0.30250535056453
3702.5               -0.3556819294448
3703.5               -0.41817592121962
3704.5               -0.49160830610129
3705.5               -0.57787765780803
3706.5               -0.67920600163918
3707.5               -0.79819160727856
3708.5               -0.93786951667285
3709.5               -1.1017805980629
3710.5               -1.2940498553871
3711.5               -1.5194745831804
3712.5               -1.783622708238
3713.5               -2.0929412583204
3714.5               -2.4548742923347
3715.5               -2.8779887516239
3716.5               -3.3721054743152
3717.5               -3.9484309753424
3718.5               -4.6196834579315
3719.5               -5.4002038345025
3720.5               -6.3060392895919
3721.5               -7.3549831991171
3722.5               -8.5665512577271
3723.5               -9.9618699044535
3724.5               -11.56345030781
3725.5               -13.394820350252
3726.5               -15.479989653597
3727.5               -17.84273035476
3728.5               -20.50567065023
3729.5               -23.489220062016
3730.5               -26.810374580652
3731.5               -30.481483774705
3732.5               -34.509095284829
3733.5               -38.893016779893
3734.5               -43.625741916016
3735.5               -48.692366765721
3736.5               -54.071073010724
3737.5               -59.734178362192
3738.5               -65.64966670674
3739.5               -71.783030469272
3740.5               -78.099206344053
3741.5               -84.564376873071
3742.5               -91.147446252726
3743.5               -97.821068284718
3744.5               -104.56218804978
3745.5               -111.35213579248
3746.5               -118.17636612254
3747.5               -125.02396137268
3748.5               -131.88701692635
3749.5               -138.7600063929
3750.5               -145.63919539661
3751.5               -152.52214295524
3752.5               -159.4073045611
3753.5               -166.29373362298
3754.5               -173.18086791055
3755.5               -180.06838364595
3756.5               -186.95609997188
3757.5               -193.84391886407
3758.5               -200.73178875543
3759.5               -207.6196833087
3760.5               -126.55922790122
3761.5187209763      -65.762958278119
3762.5755848552      -34.251984632143
3763.6720197814      -17.683219868694
3764.8095073722      -8.9873807308981
3765.9895847196      -4.477619443591
3767.2138464671      -2.1807413705533
3768.483946965       -1.0362838807466
3769.8016025056      -0.4797923804288
3771.1685936425      -0.21618300160751
3772.5867675969      -0.094696364481833
3774.0580407534      -0.040287098921949
3775.5844012497      -0.016630934649324
3777.1679116635      -0.0066565651884207
3778.8107117992      -0.002583985517974
3780.5150215798      -0.00098067442530064
3782.2831440465      -0.00038823904156947
3784.117468471       -0.00022992395831343
3786.0204735836      -0.00035652834877355
3787.9947309236      -0.00097327521238974
3790                 -4758.2579429988
3792                 -0
3794                 -0
3796                 -0
3798                 -0
