x[nm]                Region_index[]      
-8                   0
-6                   0
-4                   0
-2                   0
0                    0
1.999                2
3.997                2
5.995                2
7.9929999999999      2
9.9909999999999      2
11.989               2
13.987               2
15.985               2
17.983               2
19.981               2
21.979               2
23.977               2
25.975               2
27.973               2
29.971               2
31.969               2
33.967               2
35.965               2
37.963               2
39.961               2
41.959               2
43.957               2
45.955               2
47.953               2
49.951               2
51.948999999999      2
53.946999999999      2
55.944999999999      2
57.942999999999      2
59.940999999999      2
61.938999999999      2
63.936999999999      2
65.934999999999      2
67.932999999999      2
69.930999999999      2
71.928999999999      2
73.926999999999      2
75.924999999999      2
77.922999999999      2
79.920999999999      2
81.918999999999      2
83.916999999999      2
85.914999999999      2
87.912999999999      2
89.910999999999      2
91.908999999999      2
93.906999999999      2
95.904999999999      2
97.902999999999      2
99.900999999999      2
101.899              2
103.897              2
105.895              2
107.893              2
109.891              2
111.889              2
113.887              2
115.885              2
117.883              2
119.881              2
121.879              2
123.877              2
125.875              2
127.873              2
129.871              2
131.869              2
133.867              2
135.865              2
137.863              2
139.861              2
141.859              2
143.857              2
145.855              2
147.853              2
149.851              2
151.849              2
153.847              2
155.845              2
157.843              2
159.841              2
161.839              2
163.837              2
165.835              2
167.833              2
169.831              2
171.829              2
173.827              2
175.825              2
177.823              2
179.821              2
181.819              2
183.817              2
185.815              2
187.813              2
189.811              2
191.809              2
193.807              2
195.805              2
197.803              2
199.801              2
201.799              2
203.797              2
205.795              2
207.793              2
209.791              2
211.789              2
213.787              2
215.785              2
217.783              2
219.781              2
221.779              2
223.777              2
225.775              2
227.773              2
229.771              2
231.769              2
233.767              2
235.765              2
237.763              2
239.761              2
241.759              2
243.757              2
245.755              2
247.753              2
249.751              2
251.749              2
253.747              2
255.745              2
257.743              2
259.741              2
261.739              2
263.737              2
265.735              2
267.733              2
269.731              2
271.729              2
273.727              2
275.725              2
277.723              2
279.721              2
281.719              2
283.717              2
285.715              2
287.713              2
289.711              2
291.709              2
293.707              2
295.705              2
297.703              2
299.701              2
301.699              2
303.697              2
305.695              2
307.693              2
309.691              2
311.689              2
313.687              2
315.685              2
317.683              2
319.681              2
321.679              2
323.677              2
325.675              2
327.673              2
329.671              2
331.669              2
333.667              2
335.665              2
337.663              2
339.661              2
341.659              2
343.657              2
345.655              2
347.653              2
349.651              2
351.649              2
353.647              2
355.645              2
357.643              2
359.641              2
361.639              2
363.637              2
365.635              2
367.633              2
369.631              2
371.629              2
373.627              2
375.625              2
377.623              2
379.621              2
381.619              2
383.617              2
385.615              2
387.613              2
389.611              2
391.609              2
393.607              2
395.605              2
397.60299999999      2
399.60099999999      2
401.59899999999      2
403.59699999999      2
405.59499999999      2
407.59299999999      2
409.59099999999      2
411.58899999999      2
413.58699999999      2
415.58499999999      2
417.58299999999      2
419.58099999999      2
421.57899999999      2
423.57699999999      2
425.57499999999      2
427.57299999999      2
429.57099999999      2
431.56899999999      2
433.56699999999      2
435.56499999999      2
437.56299999999      2
439.56099999999      2
441.55899999999      2
443.55699999999      2
445.55499999999      2
447.55299999999      2
449.55099999999      2
451.54899999999      2
453.54699999999      2
455.54499999999      2
457.54299999999      2
459.54099999999      2
461.53899999999      2
463.53699999999      2
465.53499999999      2
467.53299999999      2
469.53099999999      2
471.52899999999      2
473.52699999999      2
475.52499999999      2
477.52299999999      2
479.52099999999      2
481.51899999999      2
483.51699999999      2
485.51499999999      2
487.51299999999      2
489.51099999999      2
491.50899999999      2
493.50699999999      2
495.50499999999      2
497.50299999999      2
499.50099999999      2
501.49899999999      2
503.49699999999      2
505.49499999999      2
507.49299999999      2
509.49099999999      2
511.48899999999      2
513.48699999999      2
515.48499999999      2
517.48299999999      2
519.48099999999      2
521.47899999999      2
523.47699999999      2
525.47499999999      2
527.47299999999      2
529.47099999999      2
531.46899999999      2
533.46699999999      2
535.46499999999      2
537.46299999999      2
539.46099999999      2
541.45899999999      2
543.45699999999      2
545.45499999999      2
547.45299999999      2
549.45099999999      2
551.44899999999      2
553.44699999999      2
555.44499999999      2
557.44299999999      2
559.44099999999      2
561.43899999999      2
563.43699999999      2
565.43499999999      2
567.43299999999      2
569.43099999999      2
571.42899999999      2
573.42699999999      2
575.42499999999      2
577.42299999999      2
579.42099999999      2
581.41899999999      2
583.41699999999      2
585.41499999999      2
587.41299999999      2
589.41099999999      2
591.40899999999      2
593.40699999999      2
595.40499999999      2
597.40299999999      2
599.40099999999      2
601.39899999999      2
603.39699999999      2
605.39499999999      2
607.39299999999      2
609.39099999999      2
611.38899999999      2
613.38699999999      2
615.38499999999      2
617.38299999999      2
619.38099999999      2
621.37899999999      2
623.37699999999      2
625.37499999999      2
627.37299999999      2
629.37099999999      2
631.369              2
633.36699999999      2
635.365              2
637.363              2
639.361              2
641.359              2
643.357              2
645.355              2
647.353              2
649.351              2
651.349              2
653.347              2
655.345              2
657.343              2
659.341              2
661.339              2
663.337              2
665.335              2
667.333              2
669.331              2
671.329              2
673.327              2
675.325              2
677.323              2
679.321              2
681.319              2
683.317              2
685.315              2
687.313              2
689.311              2
691.309              2
693.307              2
695.305              2
697.303              2
699.301              2
701.299              2
703.297              2
705.295              2
707.293              2
709.291              2
711.289              2
713.287              2
715.285              2
717.283              2
719.281              2
721.279              2
723.277              2
725.275              2
727.273              2
729.271              2
731.269              2
733.267              2
735.265              2
737.263              2
739.261              2
741.259              2
743.257              2
745.255              2
747.253              2
749.251              2
751.249              2
753.247              2
755.245              2
757.243              2
759.241              2
761.239              2
763.237              2
765.235              2
767.233              2
769.231              2
771.229              2
773.227              2
775.225              2
777.223              2
779.221              2
781.219              2
783.217              2
785.215              2
787.213              2
789.211              2
791.209              2
793.207              2
795.205              2
797.203              2
799.201              2
801.199              2
803.197              2
805.195              2
807.193              2
809.191              2
811.189              2
813.187              2
815.185              2
817.183              2
819.181              2
821.179              2
823.177              2
825.175              2
827.173              2
829.171              2
831.169              2
833.167              2
835.165              2
837.163              2
839.161              2
841.159              2
843.157              2
845.155              2
847.153              2
849.151              2
851.149              2
853.147              2
855.145              2
857.143              2
859.141              2
861.139              2
863.137              2
865.135              2
867.133              2
869.131              2
871.129              2
873.127              2
875.125              2
877.123              2
879.121              2
881.119              2
883.117              2
885.115              2
887.113              2
889.111              2
891.109              2
893.107              2
895.105              2
897.103              2
899.101              2
901.099              2
903.097              2
905.095              2
907.093              2
909.091              2
911.089              2
913.087              2
915.085              2
917.083              2
919.081              2
921.079              2
923.077              2
925.075              2
927.073              2
929.071              2
931.069              2
933.067              2
935.065              2
937.063              2
939.061              2
941.059              2
943.057              2
945.055              2
947.053              2
949.051              2
951.049              2
953.047              2
955.045              2
957.043              2
959.041              2
961.039              2
963.037              2
965.035              2
967.033              2
969.031              2
971.029              2
973.027              2
975.025              2
977.023              2
979.021              2
981.019              2
983.017              2
985.015              2
987.013              2
989.011              2
991.009              2
993.007              2
995.005              2
997.003              2
999.001              2
1001                 3
1003                 3
1005                 3
1007                 3
1009                 3
1011                 3
1013                 3
1015                 3
1017                 3
1019                 3
1021                 3
1023                 3
1025                 3
1027                 3
1029                 3
1031                 3
1033                 3
1035                 3
1037                 3
1039                 3
1041                 3
1043                 3
1045                 3
1047                 3
1049                 3
1051                 3
1053                 3
1055                 3
1057                 3
1059                 3
1061                 3
1063                 3
1065                 3
1067                 3
1069                 3
1071                 3
1073                 3
1075                 3
1077                 3
1079                 3
1081                 3
1083                 3
1085                 3
1087                 3
1089                 3
1091                 3
1093                 3
1095                 3
1097                 3
1099                 3
1101                 3
1103                 3
1105                 3
1107                 3
1109                 3
1111                 3
1113                 3
1115                 3
1117                 3
1119                 3
1121                 3
1123                 3
1125                 3
1127                 3
1129                 3
1131                 3
1133                 3
1135                 3
1137                 3
1139                 3
1141                 3
1143                 3
1145                 3
1147                 3
1149                 3
1151                 3
1153                 3
1155                 3
1157                 3
1159                 3
1161                 3
1163                 3
1165                 3
1167                 3
1169                 3
1171                 3
1173                 3
1175                 3
1177                 3
1179                 3
1181                 3
1183                 3
1185                 3
1187                 3
1189                 3
1191                 3
1193                 3
1195                 3
1197                 3
1199                 3
1201                 3
1203                 3
1205                 3
1207                 3
1209                 3
1211                 3
1213                 3
1215                 3
1217                 3
1219                 3
1221                 3
1223                 3
1225                 3
1227                 3
1229                 3
1231                 3
1233                 3
1235                 3
1237                 3
1239                 3
1241                 3
1243                 3
1245                 3
1247                 3
1249                 3
1251                 3
1253                 3
1255                 3
1257                 3
1259                 3
1261                 3
1263                 3
1265                 3
1267                 3
1269                 3
1271                 3
1273                 3
1275                 3
1277                 3
1279                 3
1281                 3
1283                 3
1285                 3
1287                 3
1289                 3
1291                 3
1293                 3
1295                 3
1297                 3
1299                 3
1301                 3
1303                 3
1305                 3
1307                 3
1309                 3
1311                 3
1313                 3
1315                 3
1317                 3
1319                 3
1321                 3
1323                 3
1325                 3
1327                 3
1329                 3
1331                 3
1333                 3
1335                 3
1337                 3
1339                 3
1341                 3
1343                 3
1345                 3
1347                 3
1349                 3
1351                 3
1353                 3
1355                 3
1357                 3
1359                 3
1361                 3
1363                 3
1365                 3
1367                 3
1369                 3
1371                 3
1373                 3
1375                 3
1377                 3
1379                 3
1381                 3
1383                 3
1385                 3
1387                 3
1389                 3
1391                 3
1393                 3
1395                 3
1397                 3
1399                 3
1401                 3
1403                 3
1405                 3
1407                 3
1409                 3
1411                 3
1413                 3
1415                 3
1417                 3
1419                 3
1421                 3
1423                 3
1425                 3
1427                 3
1429                 3
1431                 3
1433                 3
1435                 3
1437                 3
1439                 3
1441                 3
1443                 3
1445                 3
1447                 3
1449                 3
1451                 3
1453                 3
1455                 3
1457                 3
1459                 3
1461                 3
1463                 3
1465                 3
1467                 3
1469                 3
1471                 3
1473                 3
1475                 3
1477                 3
1479                 3
1481                 3
1483                 3
1485                 3
1487                 3
1489                 3
1491                 3
1493                 3
1495                 3
1497                 3
1499                 3
1501                 3
1503                 3
1505                 3
1507                 3
1509                 3
1511                 3
1513                 3
1515                 3
1517                 3
1519                 3
1521                 3
1523                 3
1525                 3
1527                 3
1529                 3
1531                 3
1533                 3
1535                 3
1537                 3
1539                 3
1541                 3
1543                 3
1545                 3
1547                 3
1549                 3
1551                 3
1553                 3
1555                 3
1557                 3
1559                 3
1561                 3
1563                 3
1565                 3
1567                 3
1569                 3
1571                 3
1573                 3
1575                 3
1577                 3
1579                 3
1581                 3
1583                 3
1585                 3
1587                 3
1589                 3
1591                 3
1593                 3
1595                 3
1597                 3
1599                 3
1601                 3
1603                 3
1605                 3
1607                 3
1609                 3
1611                 3
1613                 3
1615                 3
1617                 3
1619                 3
1621                 3
1623                 3
1625                 3
1627                 3
1629                 3
1631                 3
1633                 3
1635                 3
1637                 3
1639                 3
1641                 3
1643                 3
1645                 3
1647                 3
1649                 3
1651                 3
1653                 3
1655                 3
1657                 3
1659                 3
1661                 3
1663                 3
1665                 3
1667                 3
1669                 3
1671                 3
1673                 3
1675                 3
1677                 3
1679                 3
1681                 3
1683                 3
1685                 3
1687                 3
1689                 3
1691                 3
1693                 3
1695                 3
1697                 3
1699                 3
1701                 3
1703                 3
1705                 3
1707                 3
1709                 3
1711                 3
1713                 3
1715                 3
1717                 3
1719                 3
1721                 3
1723                 3
1725                 3
1727                 3
1729                 3
1731                 3
1733                 3
1735                 3
1737                 3
1739                 3
1741                 3
1743                 3
1745                 3
1747                 3
1749                 3
1751                 3
1753                 3
1755                 3
1757                 3
1759                 3
1761                 3
1763                 3
1765                 3
1767                 3
1769                 3
1771                 3
1773                 3
1775                 3
1777                 3
1779                 3
1781                 3
1783                 3
1785                 3
1787                 3
1789                 3
1791                 3
1793                 3
1795                 3
1797                 3
1799                 3
1801                 3
1803                 3
1805                 3
1807                 3
1809                 3
1811                 3
1813                 3
1815                 3
1817                 3
1819                 3
1821                 3
1823                 3
1825                 3
1827                 3
1829                 3
1831                 3
1833                 3
1835                 3
1837                 3
1839                 3
1841                 3
1843                 3
1845                 3
1847                 3
1849                 3
1851                 3
1853                 3
1855                 3
1857                 3
1859                 3
1861                 3
1863                 3
1865                 3
1867                 3
1869                 3
1871                 3
1873                 3
1875                 3
1877                 3
1879                 3
1881                 3
1883                 3
1885                 3
1887                 3
1889                 3
1891                 3
1893                 3
1895                 3
1897                 3
1899                 3
1901                 3
1903                 3
1905                 3
1907                 3
1909                 3
1911                 3
1913                 3
1915                 3
1917                 3
1919                 3
1921                 3
1923                 3
1925                 3
1927                 3
1929                 3
1931                 3
1933                 3
1935                 3
1937                 3
1939                 3
1941                 3
1943                 3
1945                 3
1947                 3
1949                 3
1951                 3
1953                 3
1955                 3
1957                 3
1959                 3
1961                 3
1963                 3
1965                 3
1967                 3
1969                 3
1971                 3
1973                 3
1975                 3
1977                 3
1979                 3
1981                 3
1983                 3
1985                 3
1987                 3
1989                 3
1991                 3
1993                 3
1995                 3
1997                 3
1999                 3
2001                 4
2003                 4
2005                 4
2007                 4
2009                 4
2011                 4
2013                 4
2015                 4
2017                 4
2019                 4
2021                 4
2023                 4
2025                 4
2027                 4
2029                 4
2031                 4
2033                 4
2035                 4
2037                 4
2039                 4
2041                 4
2043                 4
2045                 4
2047                 4
2049                 4
2051                 4
2053                 4
2055                 4
2057                 4
2059                 4
2061                 4
2063                 4
2065                 4
2067                 4
2069                 4
2071                 4
2073                 4
2075                 4
2077                 4
2079                 4
2081                 4
2083                 4
2085                 4
2087                 4
2089                 4
2091                 4
2093                 4
2095                 4
2097                 4
2099                 4
2101                 4
2103                 4
2105                 4
2107                 4
2109                 4
2111                 4
2113                 4
2115                 4
2117                 4
2119                 4
2121                 4
2123                 4
2125                 4
2127                 4
2129                 4
2131                 4
2133                 4
2135                 4
2137                 4
2139                 4
2141                 4
2143                 4
2145                 4
2147                 4
2149                 4
2151                 4
2153                 4
2155                 4
2157                 4
2159                 4
2161                 4
2163                 4
2165                 4
2167                 4
2169                 4
2171                 4
2173                 4
2175                 4
2177                 4
2179                 4
2181                 4
2183                 4
2185                 4
2187                 4
2189                 4
2191                 4
2193                 4
2195                 4
2197                 4
2199                 4
2201                 4
2203                 4
2205                 4
2207                 4
2209                 4
2211                 4
2213                 4
2215                 4
2217                 4
2219                 4
2221                 4
2223                 4
2225                 4
2227                 4
2229                 4
2231                 4
2233                 4
2235                 4
2237                 4
2239                 4
2241                 4
2243                 4
2245                 4
2247                 4
2249                 4
2251                 4
2253                 4
2255                 4
2257                 4
2259                 4
2261                 4
2263                 4
2265                 4
2267                 4
2269                 4
2271                 4
2273                 4
2275                 4
2277                 4
2279                 4
2281                 4
2283                 4
2285                 4
2287                 4
2289                 4
2291                 4
2293                 4
2295                 4
2297                 4
2299                 4
2301                 4
2303                 4
2305                 4
2307                 4
2309                 4
2311                 4
2313                 4
2315                 4
2317                 4
2319                 4
2321                 4
2323                 4
2325                 4
2327                 4
2329                 4
2331                 4
2333                 4
2335                 4
2337                 4
2339                 4
2341                 4
2343                 4
2345                 4
2347                 4
2349                 4
2351                 4
2353                 4
2355                 4
2357                 4
2359                 4
2361                 4
2363                 4
2365                 4
2367                 4
2369                 4
2371                 4
2373                 4
2375                 4
2377                 4
2379                 4
2381                 4
2383                 4
2385                 4
2387                 4
2389                 4
2391                 4
2393                 4
2395                 4
2397                 4
2399                 4
2401                 4
2403                 4
2405                 4
2407                 4
2409                 4
2411                 4
2413                 4
2415                 4
2417                 4
2419                 4
2421                 4
2423                 4
2425                 4
2427                 4
2429                 4
2431                 4
2433                 4
2435                 4
2437                 4
2439                 4
2441                 4
2443                 4
2445                 4
2447                 4
2449                 4
2451                 4
2453                 4
2455                 4
2457                 4
2459                 4
2461                 4
2463                 4
2465                 4
2467                 4
2469                 4
2471                 4
2473                 4
2475                 4
2477                 4
2479                 4
2481                 4
2483                 4
2485                 4
2487                 4
2489                 4
2491                 4
2493                 4
2495                 4
2497                 4
2499                 4
2501                 4
2503                 4
2505                 4
2507                 4
2509                 4
2511                 4
2513                 4
2515                 4
2517                 4
2519                 4
2521                 4
2523                 4
2525                 4
2527                 4
2529                 4
2531                 4
2533                 4
2535                 4
2537                 4
2539                 4
2541                 4
2543                 4
2545                 4
2547                 4
2549                 4
2551                 5
2553                 5
2555                 5
2557                 5
2559                 5
2561                 5
2563                 5
2565                 5
2567                 5
2569                 5
2571                 5
2573                 5
2575                 5
2577                 5
2579                 5
2581                 5
2583                 5
2585                 5
2587                 5
2589                 5
2591                 5
2593                 5
2595                 5
2597                 5
2599                 5
2601                 5
2603                 5
2605                 5
2607                 5
2609                 5
2611                 5
2613                 5
2615                 5
2617                 5
2619                 5
2621                 5
2623                 5
2625                 5
2627                 5
2629                 5
2631                 5
2633                 5
2635                 5
2637                 5
2639                 5
2641                 5
2643                 5
2645                 5
2647                 5
2649                 5
2651                 5
2653                 5
2655                 5
2657                 5
2659                 5
2661                 5
2663                 5
2665                 5
2667                 5
2669                 5
2671                 5
2673                 5
2675                 5
2677                 5
2679                 5
2681                 5
2683                 5
2685                 5
2687                 5
2689                 5
2691                 5
2693                 5
2695                 5
2697                 5
2699                 5
2701                 5
2703                 5
2705                 5
2707                 5
2709                 5
2711                 5
2713                 5
2715                 5
2717                 5
2719                 5
2721                 5
2723                 5
2725                 5
2727                 5
2729                 5
2731                 5
2733                 5
2735                 5
2737                 5
2739                 5
2740.9774419792      6
2742.8832025866      6
2744.6931852871      6
2746.4122035958      6
2748.0448291145      6
2749.5954036903      6
2751.0680509614      6
2752.4666873243      6
2753.795032349       6
2755.0566186707      6
2756.2548013851      6
2757.3927669703      6
2758.4735417618      6
2759.5               6
2760.5               7
2761.5               7
2762.5               7
2763.5               7
2764.5               7
2765.5               7
2766.5               7
2767.5               7
2768.5               7
2769.5               7
2770.5               7
2771.5               7
2772.5               7
2773.5               7
2774.5               7
2775.5               7
2776.5               7
2777.5               7
2778.5               7
2779.5               7
2780.5               7
2781.5               7
2782.5               7
2783.5               7
2784.5               7
2785.5               7
2786.5               7
2787.5               7
2788.5               7
2789.5               7
2790.5               7
2791.5               7
2792.5               7
2793.5               7
2794.5               7
2795.5               7
2796.5               7
2797.5               7
2798.5               7
2799.5               7
2800.5               7
2801.5               7
2802.5               7
2803.5               7
2804.5               7
2805.5               7
2806.5               7
2807.5               7
2808.5               7
2809.5               7
2810.5               7
2811.5               7
2812.5               7
2813.5               7
2814.5               7
2815.5               7
2816.5               7
2817.5               7
2818.5               7
2819.5               7
2820.5               7
2821.5               7
2822.5               7
2823.5               7
2824.5               7
2825.5               7
2826.5               7
2827.5               7
2828.5               7
2829.5               7
2830.5               7
2831.5               7
2832.5               7
2833.5               7
2834.5               7
2835.5               7
2836.5               7
2837.5               7
2838.5               7
2839.5               7
2840.5               7
2841.5               7
2842.5               7
2843.5               7
2844.5               7
2845.5               7
2846.5               7
2847.5               7
2848.5               7
2849.5               7
2850.5               7
2851.5               7
2852.5               7
2853.5               7
2854.5               7
2855.5               7
2856.5               7
2857.5               7
2858.5               7
2859.5               7
2860.5               7
2861.5               7
2862.5               7
2863.5               7
2864.5               7
2865.5               7
2866.5               7
2867.5               7
2868.5               7
2869.5               7
2870.5               7
2871.5               7
2872.5               7
2873.5               7
2874.5               7
2875.5               7
2876.5               7
2877.5               7
2878.5               7
2879.5               7
2880.5               7
2881.5               7
2882.5               7
2883.5               7
2884.5               7
2885.5               7
2886.5               7
2887.5               7
2888.5               7
2889.5               7
2890.5               7
2891.5               7
2892.5               7
2893.5               7
2894.5               7
2895.5               7
2896.5               7
2897.5               7
2898.5               7
2899.5               7
2900.5               7
2901.5               7
2902.5               7
2903.5               7
2904.5               7
2905.5               7
2906.5               7
2907.5               7
2908.5               7
2909.5               7
2910.5               7
2911.5               7
2912.5               7
2913.5               7
2914.5               7
2915.5               7
2916.5               7
2917.5               7
2918.5               7
2919.5               7
2920.5               7
2921.5               7
2922.5               7
2923.5               7
2924.5               7
2925.5               7
2926.5               7
2927.5               7
2928.5               7
2929.5               7
2930.5               7
2931.5               7
2932.5               7
2933.5               7
2934.5               7
2935.5               7
2936.5               7
2937.5               7
2938.5               7
2939.5               7
2940.5               7
2941.5               7
2942.5               7
2943.5               7
2944.5               7
2945.5               7
2946.5               7
2947.5               7
2948.5               7
2949.5               7
2950.5               7
2951.5               7
2952.5               7
2953.5               7
2954.5               7
2955.5               7
2956.5               7
2957.5               7
2958.5               7
2959.5               7
2960.5               7
2961.5               7
2962.5               7
2963.5               7
2964.5               7
2965.5               7
2966.5               7
2967.5               7
2968.5               7
2969.5               7
2970.5               7
2971.5               7
2972.5               7
2973.5               7
2974.5               7
2975.5               7
2976.5               7
2977.5               7
2978.5               7
2979.5               7
2980.5               7
2981.5               7
2982.5               7
2983.5               7
2984.5               7
2985.5               7
2986.5               7
2987.5               7
2988.5               7
2989.5               7
2990.5               7
2991.5               7
2992.5               7
2993.5               7
2994.5               7
2995.5               7
2996.5               7
2997.5               7
2998.5               7
2999.5               7
3000.5               7
3001.5               7
3002.5               7
3003.5               7
3004.5               7
3005.5               7
3006.5               7
3007.5               7
3008.5               7
3009.5               7
3010.5               7
3011.5               7
3012.5               7
3013.5               7
3014.5               7
3015.5               7
3016.5               7
3017.5               7
3018.5               7
3019.5               7
3020.5               7
3021.5               7
3022.5               7
3023.5               7
3024.5               7
3025.5               7
3026.5               7
3027.5               7
3028.5               7
3029.5               7
3030.5               7
3031.5               7
3032.5               7
3033.5               7
3034.5               7
3035.5               7
3036.5               7
3037.5               7
3038.5               7
3039.5               7
3040.5               7
3041.5               7
3042.5               7
3043.5               7
3044.5               7
3045.5               7
3046.5               7
3047.5               7
3048.5               7
3049.5               7
3050.5               7
3051.5               7
3052.5               7
3053.5               7
3054.5               7
3055.5               7
3056.5               7
3057.5               7
3058.5               7
3059.5               7
3060.5               7
3061.5               7
3062.5               7
3063.5               7
3064.5               7
3065.5               7
3066.5               7
3067.5               7
3068.5               7
3069.5               7
3070.5               7
3071.5               7
3072.5               7
3073.5               7
3074.5               7
3075.5               7
3076.5               7
3077.5               7
3078.5               7
3079.5               7
3080.5               7
3081.5               7
3082.5               7
3083.5               7
3084.5               7
3085.5               7
3086.5               7
3087.5               7
3088.5               7
3089.5               7
3090.5               7
3091.5               7
3092.5               7
3093.5               7
3094.5               7
3095.5               7
3096.5               7
3097.5               7
3098.5               7
3099.5               7
3100.5               7
3101.5               7
3102.5               7
3103.5               7
3104.5               7
3105.5               7
3106.5               7
3107.5               7
3108.5               7
3109.5               7
3110.5               7
3111.5               7
3112.5               7
3113.5               7
3114.5               7
3115.5               7
3116.5               7
3117.5               7
3118.5               7
3119.5               7
3120.5               7
3121.5               7
3122.5               7
3123.5               7
3124.5               7
3125.5               7
3126.5               7
3127.5               7
3128.5               7
3129.5               7
3130.5               7
3131.5               7
3132.5               7
3133.5               7
3134.5               7
3135.5               7
3136.5               7
3137.5               7
3138.5               7
3139.5               7
3140.5               7
3141.5               7
3142.5               7
3143.5               7
3144.5               7
3145.5               7
3146.5               7
3147.5               7
3148.5               7
3149.5               7
3150.5               7
3151.5               7
3152.5               7
3153.5               7
3154.5               7
3155.5               7
3156.5               7
3157.5               7
3158.5               7
3159.5               7
3160.5               7
3161.5               7
3162.5               7
3163.5               7
3164.5               7
3165.5               7
3166.5               7
3167.5               7
3168.5               7
3169.5               7
3170.5               7
3171.5               7
3172.5               7
3173.5               7
3174.5               7
3175.5               7
3176.5               7
3177.5               7
3178.5               7
3179.5               7
3180.5               7
3181.5               7
3182.5               7
3183.5               7
3184.5               7
3185.5               7
3186.5               7
3187.5               7
3188.5               7
3189.5               7
3190.5               7
3191.5               7
3192.5               7
3193.5               7
3194.5               7
3195.5               7
3196.5               7
3197.5               7
3198.5               7
3199.5               7
3200.5               7
3201.5               7
3202.5               7
3203.5               7
3204.5               7
3205.5               7
3206.5               7
3207.5               7
3208.5               7
3209.5               7
3210.5               7
3211.5               7
3212.5               7
3213.5               7
3214.5               7
3215.5               7
3216.5               7
3217.5               7
3218.5               7
3219.5               7
3220.5               7
3221.5               7
3222.5               7
3223.5               7
3224.5               7
3225.5               7
3226.5               7
3227.5               7
3228.5               7
3229.5               7
3230.5               7
3231.5               7
3232.5               7
3233.5               7
3234.5               7
3235.5               7
3236.5               7
3237.5               7
3238.5               7
3239.5               7
3240.5               7
3241.5               7
3242.5               7
3243.5               7
3244.5               7
3245.5               7
3246.5               7
3247.5               7
3248.5               7
3249.5               7
3250.5               7
3251.5               7
3252.5               7
3253.5               7
3254.5               7
3255.5               7
3256.5               7
3257.5               7
3258.5               7
3259.5               7
3260.5               7
3261.5               7
3262.5               7
3263.5               7
3264.5               7
3265.5               7
3266.5               7
3267.5               7
3268.5               7
3269.5               7
3270.5               7
3271.5               7
3272.5               7
3273.5               7
3274.5               7
3275.5               7
3276.5               7
3277.5               7
3278.5               7
3279.5               7
3280.5               7
3281.5               7
3282.5               7
3283.5               7
3284.5               7
3285.5               7
3286.5               7
3287.5               7
3288.5               7
3289.5               7
3290.5               7
3291.5               7
3292.5               7
3293.5               7
3294.5               7
3295.5               7
3296.5               7
3297.5               7
3298.5               7
3299.5               7
3300.5               7
3301.5               7
3302.5               7
3303.5               7
3304.5               7
3305.5               7
3306.5               7
3307.5               7
3308.5               7
3309.5               7
3310.5               7
3311.5               7
3312.5               7
3313.5               7
3314.5               7
3315.5               7
3316.5               7
3317.5               7
3318.5               7
3319.5               7
3320.5               7
3321.5               7
3322.5               7
3323.5               7
3324.5               7
3325.5               7
3326.5               7
3327.5               7
3328.5               7
3329.5               7
3330.5               7
3331.5               7
3332.5               7
3333.5               7
3334.5               7
3335.5               7
3336.5               7
3337.5               7
3338.5               7
3339.5               7
3340.5               7
3341.5               7
3342.5               7
3343.5               7
3344.5               7
3345.5               7
3346.5               7
3347.5               7
3348.5               7
3349.5               7
3350.5               7
3351.5               7
3352.5               7
3353.5               7
3354.5               7
3355.5               7
3356.5               7
3357.5               7
3358.5               7
3359.5               7
3360.5               7
3361.5               7
3362.5               7
3363.5               7
3364.5               7
3365.5               7
3366.5               7
3367.5               7
3368.5               7
3369.5               7
3370.5               7
3371.5               7
3372.5               7
3373.5               7
3374.5               7
3375.5               7
3376.5               7
3377.5               7
3378.5               7
3379.5               7
3380.5               7
3381.5               7
3382.5               7
3383.5               7
3384.5               7
3385.5               7
3386.5               7
3387.5               7
3388.5               7
3389.5               7
3390.5               7
3391.5               7
3392.5               7
3393.5               7
3394.5               7
3395.5               7
3396.5               7
3397.5               7
3398.5               7
3399.5               7
3400.5               7
3401.5               7
3402.5               7
3403.5               7
3404.5               7
3405.5               7
3406.5               7
3407.5               7
3408.5               7
3409.5               7
3410.5               7
3411.5               7
3412.5               7
3413.5               7
3414.5               7
3415.5               7
3416.5               7
3417.5               7
3418.5               7
3419.5               7
3420.5               7
3421.5               7
3422.5               7
3423.5               7
3424.5               7
3425.5               7
3426.5               7
3427.5               7
3428.5               7
3429.5               7
3430.5               7
3431.5               7
3432.5               7
3433.5               7
3434.5               7
3435.5               7
3436.5               7
3437.5               7
3438.5               7
3439.5               7
3440.5               7
3441.5               7
3442.5               7
3443.5               7
3444.5               7
3445.5               7
3446.5               7
3447.5               7
3448.5               7
3449.5               7
3450.5               7
3451.5               7
3452.5               7
3453.5               7
3454.5               7
3455.5               7
3456.5               7
3457.5               7
3458.5               7
3459.5               7
3460.5               7
3461.5               7
3462.5               7
3463.5               7
3464.5               7
3465.5               7
3466.5               7
3467.5               7
3468.5               7
3469.5               7
3470.5               7
3471.5               7
3472.5               7
3473.5               7
3474.5               7
3475.5               7
3476.5               7
3477.5               7
3478.5               7
3479.5               7
3480.5               7
3481.5               7
3482.5               7
3483.5               7
3484.5               7
3485.5               7
3486.5               7
3487.5               7
3488.5               7
3489.5               7
3490.5               7
3491.5               7
3492.5               7
3493.5               7
3494.5               7
3495.5               7
3496.5               7
3497.5               7
3498.5               7
3499.5               7
3500.5               7
3501.5               7
3502.5               7
3503.5               7
3504.5               7
3505.5               7
3506.5               7
3507.5               7
3508.5               7
3509.5               7
3510.5               7
3511.5               7
3512.5               7
3513.5               7
3514.5               7
3515.5               7
3516.5               7
3517.5               7
3518.5               7
3519.5               7
3520.5               7
3521.5               7
3522.5               7
3523.5               7
3524.5               7
3525.5               7
3526.5               7
3527.5               7
3528.5               7
3529.5               7
3530.5               7
3531.5               7
3532.5               7
3533.5               7
3534.5               7
3535.5               7
3536.5               7
3537.5               7
3538.5               7
3539.5               7
3540.5               7
3541.5               7
3542.5               7
3543.5               7
3544.5               7
3545.5               7
3546.5               7
3547.5               7
3548.5               7
3549.5               7
3550.5               7
3551.5               7
3552.5               7
3553.5               7
3554.5               7
3555.5               7
3556.5               7
3557.5               7
3558.5               7
3559.5               7
3560.5               7
3561.5               7
3562.5               7
3563.5               7
3564.5               7
3565.5               7
3566.5               7
3567.5               7
3568.5               7
3569.5               7
3570.5               7
3571.5               7
3572.5               7
3573.5               7
3574.5               7
3575.5               7
3576.5               7
3577.5               7
3578.5               7
3579.5               7
3580.5               7
3581.5               7
3582.5               7
3583.5               7
3584.5               7
3585.5               7
3586.5               7
3587.5               7
3588.5               7
3589.5               7
3590.5               7
3591.5               7
3592.5               7
3593.5               7
3594.5               7
3595.5               7
3596.5               7
3597.5               7
3598.5               7
3599.5               7
3600.5               7
3601.5               7
3602.5               7
3603.5               7
3604.5               7
3605.5               7
3606.5               7
3607.5               7
3608.5               7
3609.5               7
3610.5               7
3611.5               7
3612.5               7
3613.5               7
3614.5               7
3615.5               7
3616.5               7
3617.5               7
3618.5               7
3619.5               7
3620.5               7
3621.5               7
3622.5               7
3623.5               7
3624.5               7
3625.5               7
3626.5               7
3627.5               7
3628.5               7
3629.5               7
3630.5               7
3631.5               7
3632.5               7
3633.5               7
3634.5               7
3635.5               7
3636.5               7
3637.5               7
3638.5               7
3639.5               7
3640.5               7
3641.5               7
3642.5               7
3643.5               7
3644.5               7
3645.5               7
3646.5               7
3647.5               7
3648.5               7
3649.5               7
3650.5               7
3651.5               7
3652.5               7
3653.5               7
3654.5               7
3655.5               7
3656.5               7
3657.5               7
3658.5               7
3659.5               7
3660.5               7
3661.5               7
3662.5               7
3663.5               7
3664.5               7
3665.5               7
3666.5               7
3667.5               7
3668.5               7
3669.5               7
3670.5               7
3671.5               7
3672.5               7
3673.5               7
3674.5               7
3675.5               7
3676.5               7
3677.5               7
3678.5               7
3679.5               7
3680.5               7
3681.5               7
3682.5               7
3683.5               7
3684.5               7
3685.5               7
3686.5               7
3687.5               7
3688.5               7
3689.5               7
3690.5               7
3691.5               7
3692.5               7
3693.5               7
3694.5               7
3695.5               7
3696.5               7
3697.5               7
3698.5               7
3699.5               7
3700.5               7
3701.5               7
3702.5               7
3703.5               7
3704.5               7
3705.5               7
3706.5               7
3707.5               7
3708.5               7
3709.5               7
3710.5               7
3711.5               7
3712.5               7
3713.5               7
3714.5               7
3715.5               7
3716.5               7
3717.5               7
3718.5               7
3719.5               7
3720.5               7
3721.5               7
3722.5               7
3723.5               7
3724.5               7
3725.5               7
3726.5               7
3727.5               7
3728.5               7
3729.5               7
3730.5               7
3731.5               7
3732.5               7
3733.5               7
3734.5               7
3735.5               7
3736.5               7
3737.5               7
3738.5               7
3739.5               7
3740.5               7
3741.5               7
3742.5               7
3743.5               7
3744.5               7
3745.5               7
3746.5               7
3747.5               7
3748.5               7
3749.5               7
3750.5               7
3751.5               7
3752.5               7
3753.5               7
3754.5               7
3755.5               7
3756.5               7
3757.5               7
3758.5               7
3759.5               7
3760.5               8
3761.5187209763      8
3762.5755848552      8
3763.6720197814      8
3764.8095073722      8
3765.9895847196      8
3767.2138464671      8
3768.483946965       8
3769.8016025056      8
3771.1685936425      8
3772.5867675969      8
3774.0580407534      8
3775.5844012497      8
3777.1679116635      8
3778.8107117992      8
3780.5150215798      8
3782.2831440465      8
3784.117468471       8
3786.0204735836      8
3787.9947309236      8
3790                 0
3792                 0
3794                 0
3796                 0
3798                 0
