x[nm]                E[kV/cm]            
-8                   -0
-6                   -0
-4                   -0
-2                   -0
0                    -293.22280207714
1.999                -0.00037588765155749
3.997                -0.0002171237052902
5.995                -0.00012541701633407
7.9929999999999      -7.2444561749775e-05
9.9909999999999      -4.1846077265091e-05
11.989               -2.4171522307905e-05
13.987               -1.3962164757686e-05
15.985               -8.0649623338229e-06
17.983               -4.6585536007139e-06
19.981               -2.6909050007704e-06
21.979               -1.5543566878496e-06
23.977               -8.9783369261099e-07
25.975               -5.1861084662611e-07
27.973               -2.9958018048264e-07
29.971               -1.7306587705588e-07
31.969               -9.9948966909599e-08
33.967               -5.7736042617945e-08
35.965               -3.3340030769525e-08
37.963               -1.9257201772477e-08
39.961               -1.1131124939585e-08
41.959               -6.4368486072362e-09
43.957               -3.6985207466993e-09
45.955               -2.1515433189933e-09
47.953               -1.2446944820623e-09
49.951               -7.290353394936e-10
51.948999999999      -3.9118969436242e-10
53.946999999999      -2.4893889641245e-10
55.944999999999      -1.4225079794997e-10
57.942999999999      -8.8906748718732e-11
59.940999999999      -3.5562699487493e-11
61.938999999999      -1.7781349743746e-11
63.936999999999      -1.7781349743746e-11
65.934999999999      -0
67.932999999999      -1.7781349743746e-11
69.930999999999      -0
71.928999999999      -1.7781349743746e-11
73.926999999999      -0
75.924999999999      1.7781349743746e-11
77.922999999999      -0
79.920999999999      -0
81.918999999999      -0
83.916999999999      -0
85.914999999999      -0
87.912999999999      -0
89.910999999999      -0
91.908999999999      -0
93.906999999999      -0
95.904999999999      -0
97.902999999999      -0
99.900999999999      -0
101.899              -1.7781349743746e-11
103.897              1.7781349743746e-11
105.895              -0
107.893              -1.7781349743746e-11
109.891              -0
111.889              -0
113.887              -0
115.885              -0
117.883              -0
119.881              -0
121.879              -1.7781349743746e-11
123.877              -0
125.875              -0
127.873              -1.7781349743746e-11
129.871              -1.7781349743747e-11
131.869              -1.7781349743746e-11
133.867              -0
135.865              -0
137.863              1.7781349743746e-11
139.861              -0
141.859              -0
143.857              -1.7781349743747e-11
145.855              -0
147.853              -0
149.851              -1.7781349743747e-11
151.849              -0
153.847              -0
155.845              -0
157.843              -0
159.841              -0
161.839              -0
163.837              1.7781349743746e-11
165.835              1.7781349743747e-11
167.833              -0
169.831              -0
171.829              1.7781349743747e-11
173.827              -0
175.825              -1.7781349743747e-11
177.823              -0
179.821              -0
181.819              -1.7781349743747e-11
183.817              -0
185.815              -0
187.813              -1.7781349743747e-11
189.811              1.7781349743746e-11
191.809              -0
193.807              -0
195.805              -0
197.803              -0
199.801              1.7781349743747e-11
201.799              -0
203.797              1.7781349743747e-11
205.795              -1.7781349743747e-11
207.793              -1.7781349743747e-11
209.791              -0
211.789              1.7781349743747e-11
213.787              -0
215.785              1.7781349743746e-11
217.783              -0
219.781              -0
221.779              -1.7781349743746e-11
223.777              -0
225.775              -1.7781349743747e-11
227.773              -1.7781349743746e-11
229.771              1.7781349743747e-11
231.769              -1.7781349743747e-11
233.767              1.7781349743746e-11
235.765              1.7781349743747e-11
237.763              -0
239.761              -0
241.759              -0
243.757              -0
245.755              -1.7781349743747e-11
247.753              -0
249.751              -0
251.749              -0
253.747              3.5562699487493e-11
255.745              1.7781349743746e-11
257.743              -0
259.741              -0
261.739              1.7781349743746e-11
263.737              -0
265.735              -0
267.733              -0
269.731              -0
271.729              -0
273.727              -0
275.725              -0
277.723              -0
279.721              -0
281.719              -0
283.717              -0
285.715              -0
287.713              -1.7781349743747e-11
289.711              -0
291.709              1.7781349743746e-11
293.707              -0
295.705              -0
297.703              -0
299.701              -0
301.699              -0
303.697              -0
305.695              -0
307.693              -0
309.691              -0
311.689              -0
313.687              -0
315.685              -0
317.683              -0
319.681              -0
321.679              -0
323.677              -0
325.675              1.7781349743746e-11
327.673              -0
329.671              -1.7781349743747e-11
331.669              -0
333.667              -0
335.665              -0
337.663              -0
339.661              -0
341.659              -0
343.657              -0
345.655              -0
347.653              -0
349.651              -0
351.649              -0
353.647              -0
355.645              -0
357.643              -0
359.641              -0
361.639              -0
363.637              -0
365.635              -0
367.633              -0
369.631              -0
371.629              -0
373.627              -0
375.625              -0
377.623              -0
379.621              -0
381.619              -0
383.617              -0
385.615              -0
387.613              -0
389.611              -0
391.609              -0
393.607              -0
395.605              -0
397.60299999999      -0
399.60099999999      -0
401.59899999999      -0
403.59699999999      -0
405.59499999999      -0
407.59299999999      -0
409.59099999999      -0
411.58899999999      -0
413.58699999999      -0
415.58499999999      -0
417.58299999999      -0
419.58099999999      -0
421.57899999999      -0
423.57699999999      -0
425.57499999999      -0
427.57299999999      -0
429.57099999999      -0
431.56899999999      -0
433.56699999999      -0
435.56499999999      -0
437.56299999999      -0
439.56099999999      -0
441.55899999999      -0
443.55699999999      -0
445.55499999999      -0
447.55299999999      -0
449.55099999999      -0
451.54899999999      -0
453.54699999999      -0
455.54499999999      -0
457.54299999999      -0
459.54099999999      -0
461.53899999999      -0
463.53699999999      1.7781349743747e-11
465.53499999999      -0
467.53299999999      -0
469.53099999999      -0
471.52899999999      -0
473.52699999999      -0
475.52499999999      -0
477.52299999999      -0
479.52099999999      -0
481.51899999999      -0
483.51699999999      -0
485.51499999999      -0
487.51299999999      -0
489.51099999999      -0
491.50899999999      -0
493.50699999999      -0
495.50499999999      -1.7781349743746e-11
497.50299999999      -0
499.50099999999      -0
501.49899999999      -0
503.49699999999      -0
505.49499999999      -0
507.49299999999      -0
509.49099999999      -0
511.48899999999      -0
513.48699999999      -0
515.48499999999      -0
517.48299999999      -0
519.48099999999      -0
521.47899999999      -0
523.47699999999      -0
525.47499999999      -0
527.47299999999      -0
529.47099999999      -0
531.46899999999      1.7781349743746e-11
533.46699999999      -0
535.46499999999      -0
537.46299999999      -0
539.46099999999      -0
541.45899999999      -1.7781349743747e-11
543.45699999999      -0
545.45499999999      -0
547.45299999999      -0
549.45099999999      -0
551.44899999999      -0
553.44699999999      -0
555.44499999999      1.7781349743746e-11
557.44299999999      1.7781349743746e-11
559.44099999999      -0
561.43899999999      -0
563.43699999999      -1.7781349743746e-11
565.43499999999      -1.7781349743747e-11
567.43299999999      -0
569.43099999999      -0
571.42899999999      -0
573.42699999999      -0
575.42499999999      -0
577.42299999999      -0
579.42099999999      -0
581.41899999999      -0
583.41699999999      -0
585.41499999999      -0
587.41299999999      -0
589.41099999999      -0
591.40899999999      -0
593.40699999999      -0
595.40499999999      -0
597.40299999999      -0
599.40099999999      -0
601.39899999999      -0
603.39699999999      -0
605.39499999999      -0
607.39299999999      -0
609.39099999999      -0
611.38899999999      -0
613.38699999999      1.7781349743746e-11
615.38499999999      -0
617.38299999999      -0
619.38099999999      -0
621.37899999999      -0
623.37699999999      -1.7781349743747e-11
625.37499999999      -0
627.37299999999      -0
629.37099999999      -0
631.369              -0
633.36699999999      -0
635.365              -0
637.363              -0
639.361              -0
641.359              -0
643.357              -0
645.355              -0
647.353              1.7781349743746e-11
649.351              -0
651.349              -0
653.347              -0
655.345              -0
657.343              -1.7781349743747e-11
659.341              1.7781349743746e-11
661.339              -1.7781349743746e-11
663.337              -0
665.335              -0
667.333              -0
669.331              -0
671.329              -0
673.327              -0
675.325              -0
677.323              -0
679.321              -0
681.319              -0
683.317              -0
685.315              -0
687.313              -0
689.311              -0
691.309              -0
693.307              -0
695.305              -0
697.303              -0
699.301              -0
701.299              -0
703.297              -0
705.295              -0
707.293              -0
709.291              -0
711.289              -0
713.287              -0
715.285              -0
717.283              -0
719.281              -0
721.279              -0
723.277              -0
725.275              -0
727.273              -0
729.271              -0
731.269              -0
733.267              -0
735.265              -0
737.263              -0
739.261              -0
741.259              -0
743.257              -0
745.255              -0
747.253              -0
749.251              -0
751.249              -0
753.247              -0
755.245              -0
757.243              -0
759.241              -0
761.239              -0
763.237              -0
765.235              -0
767.233              -0
769.231              -0
771.229              -0
773.227              -0
775.225              -0
777.223              -0
779.221              -0
781.219              -0
783.217              -0
785.215              1.7781349743747e-11
787.213              -0
789.211              1.7781349743746e-11
791.209              -0
793.207              -0
795.205              -1.7781349743746e-11
797.203              -0
799.201              1.7781349743746e-11
801.199              -0
803.197              -0
805.195              -0
807.193              -1.7781349743746e-11
809.191              -0
811.189              -0
813.187              -0
815.185              -0
817.183              -0
819.181              -1.7781349743747e-11
821.179              -0
823.177              -0
825.175              -0
827.173              -0
829.171              -0
831.169              -0
833.167              -0
835.165              -0
837.163              -0
839.161              -0
841.159              -0
843.157              -0
845.155              -0
847.153              -0
849.151              -0
851.149              -0
853.147              -0
855.145              -0
857.143              -0
859.141              -0
861.139              -0
863.137              -0
865.135              -0
867.133              -0
869.131              -0
871.129              -0
873.127              -0
875.125              -0
877.123              -0
879.121              -0
881.119              1.7781349743746e-11
883.117              -0
885.115              1.7781349743746e-11
887.113              -0
889.111              1.7781349743747e-11
891.109              1.7781349743746e-11
893.107              3.5562699487492e-11
895.105              5.3344049231237e-11
897.103              8.8906748718729e-11
899.101              1.6003214769371e-10
901.099              2.667202461562e-10
903.097              4.6231509333739e-10
905.095              8.0016073846856e-10
907.093              1.4047266297559e-09
909.091              2.4360449148932e-09
911.089              4.2141798892678e-09
913.087              7.30813474468e-09
915.085              1.2660321017547e-08
917.083              2.1924404234039e-08
919.081              3.7963181702897e-08
921.079              6.5719868652885e-08
923.077              1.1374729431074e-07
925.075              1.9694622976174e-07
927.073              3.4095738133633e-07
929.071              5.9026968609339e-07
931.069              1.0218763884233e-06
933.067              1.7690664860053e-06
935.065              3.062641898513e-06
937.063              5.3021139919894e-06
939.061              9.1790705833667e-06
941.059              1.5890943327089e-05
943.057              2.7510628632233e-05
945.055              4.7626776285431e-05
947.053              8.2452154324454e-05
949.051              0.00014274234558228
951.049              0.00024711755275819
953.047              0.00042781337142641
955.045              0.00074063649663229
957.043              0.0012822000962921
959.041              0.0022197620362884
961.039              0.0038428806261049
963.037              0.0066528407607725
965.035              0.011517465979936
967.033              0.019939121478365
969.031              0.034518652778767
971.029              0.059758469813074
973.027              0.10345257698211
975.025              0.1790921720611
977.023              0.31002773350887
979.021              0.53666693299968
981.019              0.92891312640338
983.017              1.6076311896167
985.015              2.7816060487238
987.013              4.8109158199357
989.011              8.3148145253625
991.009              14.353007872346
993.007              24.722973868712
995.005              42.424958343482
997.003              72.316398140148
999.001              121.78383953491
1001                 129.78541091812
1003                 92.365695319163
1005                 68.71221141088
1007                 52.929897649001
1009                 41.884421059333
1011                 33.837314497145
1013                 27.778525650444
1015                 23.093396291038
1017                 19.391305051677
1019                 16.414095327342
1021                 13.985132249257
1023                 11.979821201695
1025                 10.30790099545
1027                 8.9024395801651
1029                 7.7127795853649
1031                 6.6998872070911
1033                 5.8332069185418
1035                 5.0884851819433
1037                 4.4462330485118
1039                 3.8906194167332
1041                 3.4086605051442
1043                 2.9896168615196
1045                 2.6245382601431
1047                 2.3059156363736
1049                 2.0274116143959
1051                 1.7836495156587
1053                 1.5700464256163
1055                 1.3826798374517
1057                 1.2181801637112
1059                 1.073643378664
1061                 0.94655947650679
1063                 0.83475346709605
1065                 0.7363363940982
1067                 0.64966442876013
1069                 0.57330451953774
1071                 0.50600540115298
1073                 0.44667301345669
1075                 0.39434957207263
1077                 0.34819567941824
1079                 0.30747498167116
1081                 0.27154096770232
1083                 0.23982557864954
1085                 0.21182935439512
1087                 0.18711289019535
1089                 0.16528941346294
1091                 0.14601832216243
1093                 0.1289995507392
1095                 0.11396864996627
1097                 0.1006924852831
1099                 0.088965470403934
1101                 0.078606266917802
1103                 0.069454889093379
1105                 0.061370161912322
1107                 0.054227488028857
1109                 0.04791688429151
1111                 0.04234125439595
1113                 0.03741486898079
1115                 0.033062026698616
1117                 0.029215875123612
1119                 0.025817371440695
1121                 0.022814366449353
1123                 0.020160796658786
1125                 0.01781597179118
1127                 0.015743946164548
1129                 0.013912964202945
1131                 0.012294970730409
1133                 0.010865178996511
1135                 0.0096016892214834
1137                 0.0084851518877826
1139                 0.0074984701470271
1141                 0.0066265375409102
1143                 0.0058560057603074
1145                 0.005175080044495
1147                 0.0045733379927526
1149                 0.0040415699942287
1151                 0.0035716379187534
1153                 0.0031563503100074
1155                 0.0027893522691613
1157                 0.0024650281638117
1159                 0.0021784155102011
1161                 0.0019251289451461
1163                 0.0017012932396199
1165                 0.0015034837730354
1167                 0.0013286742017726
1169                 0.0011741901317919
1171                 0.0010376682091362
1173                 0.00091701979343384
1175                 0.00081039924992865
1177                 0.00071617549224356
1179                 0.00063290711338482
1181                 0.00055932028786287
1183                 0.00049428932058504
1185                 0.00043681943395768
1187                 0.00038603147345384
1189                 0.00034114856717338
1191                 0.00030148409990716
1193                 0.00026643135697668
1195                 0.00023545412730641
1197                 0.0002080785321823
1199                 0.00018388584877016
1201                 0.00016250597312251
1203                 0.0001436118779452
1205                 0.00012691453221692
1207                 0.00011215856687841
1209                 9.9118224738959e-05
1211                 8.7594056452645e-05
1213                 7.7409758603153e-05
1215                 6.8409580222806e-05
1217                 6.0455800365844e-05
1219                 5.3426791879474e-05
1221                 4.7215014120638e-05
1223                 4.1725467525566e-05
1225                 3.6874183706459e-05
1227                 3.2586964238135e-05
1229                 2.8798190498946e-05
1231                 2.5449917728793e-05
1233                 2.249096908713e-05
1235                 1.9876011947417e-05
1237                 1.7565096044336e-05
1239                 1.5522854113215e-05
1241                 1.3718040037247e-05
1243                 1.2123102521855e-05
1245                 1.0713581133359e-05
1247                 9.4679641904349e-06
1249                 8.3671558570586e-06
1251                 7.3943340339611e-06
1253                 6.5346128508281e-06
1255                 5.7748650306166e-06
1257                 5.1034199088917e-06
1259                 4.5100811973953e-06
1261                 3.9856828948359e-06
1263                 3.5222846861416e-06
1265                 3.1127456168178e-06
1267                 2.75081291079e-06
1269                 2.4309976254244e-06
1271                 2.1483614887075e-06
1273                 1.8985879535194e-06
1275                 1.6778400890871e-06
1277                 1.4827605809842e-06
1279                 1.3103651497204e-06
1281                 1.158007023605e-06
1283                 1.0233769387469e-06
1285                 9.0439655764385e-07
1287                 7.9923623275135e-07
1289                 7.0629724291393e-07
1291                 6.2419402979685e-07
1293                 5.5159432577057e-07
1295                 4.87503371005e-07
1297                 4.3080206069135e-07
1299                 3.8070879782026e-07
1301                 3.3644198538241e-07
1303                 2.9730884421042e-07
1305                 2.6275870368409e-07
1307                 2.3222312961479e-07
1309                 2.0522250565591e-07
1311                 1.8134826973437e-07
1313                 1.602451504823e-07
1315                 1.4162893080538e-07
1317                 1.2514433933575e-07
1319                 1.1061374038945e-07
1321                 9.7752916872196e-08
1323                 8.6401996668428e-08
1325                 7.6347816957423e-08
1327                 6.7466032760422e-08
1329                 5.9632299098666e-08
1331                 5.2686743856611e-08
1333                 4.6558312760681e-08
1335                 4.114042440051e-08
1337                 3.6379788070917e-08
1339                 3.2134295224751e-08
1341                 2.8386182293616e-08
1343                 2.5099922140726e-08
1345                 2.2168933355715e-08
1347                 1.9593215938585e-08
1349                 1.7319479184152e-08
1351                 1.5329959524024e-08
1353                 1.3518075547836e-08
1355                 1.1954881529164e-08
1357                 1.0569323194431e-08
1359                 9.3258734068513e-09
1361                 8.2422957348172e-09
1363                 7.265299473147e-09
1365                 6.4481753270229e-09
1367                 5.6843418860808e-09
1369                 5.0448534238967e-09
1371                 4.4586556668946e-09
1373                 3.9435121834686e-09
1375                 3.4638958368305e-09
1377                 3.0553337637684e-09
1379                 2.7000623958884e-09
1381                 2.3803181647963e-09
1383                 2.0961010704923e-09
1385                 1.8651746813703e-09
1387                 1.6342482922482e-09
1389                 1.4566126083082e-09
1391                 1.2967404927622e-09
1393                 1.1546319456102e-09
1395                 1.0125233984581e-09
1397                 9.0594198809413e-10
1399                 7.8159700933611e-10
1401                 6.750155989721e-10
1403                 6.2172489379009e-10
1405                 5.5067062021408e-10
1407                 4.9737991503207e-10
1409                 4.4408920985006e-10
1411                 3.9079850466806e-10
1413                 3.5527136788005e-10
1415                 3.1974423109205e-10
1417                 2.6645352591004e-10
1419                 2.4868995751604e-10
1421                 2.3092638912203e-10
1423                 1.9539925233403e-10
1425                 1.7763568394003e-10
1427                 1.4210854715202e-10
1429                 1.2434497875802e-10
1431                 1.2434497875802e-10
1433                 8.8817841970013e-11
1435                 8.8817841970013e-11
1437                 7.105427357601e-11
1439                 7.105427357601e-11
1441                 7.105427357601e-11
1443                 5.3290705182008e-11
1445                 5.3290705182008e-11
1447                 3.5527136788005e-11
1449                 1.7763568394003e-11
1451                 3.5527136788005e-11
1453                 1.7763568394003e-11
1455                 3.5527136788005e-11
1457                 3.5527136788005e-11
1459                 -0
1461                 -0
1463                 -0
1465                 -0
1467                 1.7763568394003e-11
1469                 1.7763568394003e-11
1471                 -0
1473                 1.7763568394003e-11
1475                 1.7763568394003e-11
1477                 -0
1479                 1.7763568394003e-11
1481                 3.5527136788005e-11
1483                 1.7763568394003e-11
1485                 1.7763568394003e-11
1487                 1.7763568394003e-11
1489                 -0
1491                 1.7763568394003e-11
1493                 1.7763568394003e-11
1495                 1.7763568394003e-11
1497                 -0
1499                 1.7763568394003e-11
1501                 1.7763568394003e-11
1503                 -0
1505                 3.5527136788005e-11
1507                 1.7763568394003e-11
1509                 1.7763568394003e-11
1511                 1.7763568394003e-11
1513                 3.5527136788005e-11
1515                 3.5527136788005e-11
1517                 3.5527136788005e-11
1519                 1.7763568394003e-11
1521                 3.5527136788005e-11
1523                 1.7763568394003e-11
1525                 -0
1527                 1.7763568394003e-11
1529                 1.7763568394003e-11
1531                 -0
1533                 -0
1535                 -0
1537                 -0
1539                 1.7763568394003e-11
1541                 1.7763568394003e-11
1543                 3.5527136788005e-11
1545                 1.7763568394003e-11
1547                 3.5527136788005e-11
1549                 7.105427357601e-11
1551                 5.3290705182008e-11
1553                 7.105427357601e-11
1555                 5.3290705182008e-11
1557                 7.105427357601e-11
1559                 8.8817841970013e-11
1561                 7.105427357601e-11
1563                 1.0658141036402e-10
1565                 1.0658141036402e-10
1567                 1.5987211554602e-10
1569                 1.7763568394003e-10
1571                 2.1316282072803e-10
1573                 2.3092638912203e-10
1575                 2.3092638912203e-10
1577                 2.8421709430404e-10
1579                 3.1974423109205e-10
1581                 3.7303493627405e-10
1583                 4.0856207306206e-10
1585                 4.4408920985006e-10
1587                 4.9737991503207e-10
1589                 5.6843418860808e-10
1591                 6.5725203057809e-10
1593                 7.6383344094211e-10
1595                 8.5265128291212e-10
1597                 9.5923269327614e-10
1599                 1.0835776720342e-09
1601                 1.2434497875802e-09
1603                 1.4033219031262e-09
1605                 1.5987211554602e-09
1607                 1.8118839761883e-09
1609                 2.0605739337043e-09
1611                 2.3270274596143e-09
1613                 2.6290081223124e-09
1615                 2.9842794901924e-09
1617                 3.3928415632545e-09
1619                 3.8369307731045e-09
1621                 4.3520742565306e-09
1623                 4.9027448767447e-09
1625                 5.5599969073228e-09
1627                 6.2883032114769e-09
1629                 7.123190925995e-09
1631                 8.0468964824831e-09
1633                 9.1127105861233e-09
1635                 1.0320633236915e-08
1637                 1.1652900866466e-08
1639                 1.3198331316744e-08
1641                 1.4921397450962e-08
1643                 1.6893153542696e-08
1645                 1.9113599591947e-08
1647                 2.1636026303895e-08
1649                 2.4478197246935e-08
1651                 2.7675639557856e-08
1653                 3.1317171078626e-08
1655                 3.5438318946035e-08
1657                 4.0092373865264e-08
1659                 4.5368153678282e-08
1661                 5.1354476227061e-08
1663                 5.8104632216782e-08
1665                 6.5760730194597e-08
1667                 7.4411588002476e-08
1669                 8.4199314187572e-08
1671                 9.5266017297035e-08
1673                 1.0778933301481e-07
1675                 1.2198242416162e-07
1677                 1.380229264214e-07
1679                 1.5619505688846e-07
1681                 1.7674750552032e-07
1683                 2.0000001654807e-07
1685                 2.2630786133959e-07
1687                 2.5609736553633e-07
1689                 2.8979485477976e-07
1691                 3.2791547255329e-07
1693                 3.7106318018232e-07
1695                 4.1987746612904e-07
1697                 4.7513992740278e-07
1699                 5.3763216101288e-07
1701                 6.083666903578e-07
1703                 6.8839156597278e-07
1705                 7.789680012138e-07
1707                 8.814460272788e-07
1709                 9.9738883818645e-07
1711                 1.1286083179129e-06
1713                 1.2770939861184e-06
1715                 1.4451018159889e-06
1717                 1.6352075249415e-06
1719                 1.8503421017613e-06
1721                 2.0937740430327e-06
1723                 2.3692514616869e-06
1725                 2.6809665598648e-06
1727                 3.0336799738961e-06
1729                 3.432809592141e-06
1731                 3.8844483185585e-06
1733                 4.3954884176856e-06
1735                 4.9737636231839e-06
1737                 5.6281557192506e-06
1739                 6.3686123041862e-06
1741                 7.2064665346261e-06
1743                 8.154596997656e-06
1745                 9.2274277108118e-06
1747                 1.0441425501995e-05
1749                 1.1815153300176e-05
1751                 1.336958987963e-05
1753                 1.5128538422005e-05
1755                 1.7118910733416e-05
1757                 1.9371100279386e-05
1759                 2.1919639436874e-05
1761                 2.4803430420661e-05
1763                 2.8066668988913e-05
1765                 3.1759181950974e-05
1767                 3.5937510745043e-05
1769                 4.0665533163065e-05
1771                 4.6015617982675e-05
1773                 5.206956643633e-05
1775                 5.8919980006067e-05
1777                 6.6671645981842e-05
1779                 7.5443171709821e-05
1781                 8.5368707658517e-05
1783                 9.6600061283425e-05
1785                 0.00010930904181805
1787                 0.00012369003599133
1789                 0.00013996308112496
1791                 0.000158377009285
1793                 0.00017921351513905
1795                 0.00020279131263123
1797                 0.00022947107325422
1799                 0.00025966086170115
1801                 0.000293822459696
1803                 0.00033247845365736
1805                 0.00037622006843208
1807                 0.00042571636882371
1809                 0.00048172443811723
1811                 0.00054510095992555
1813                 0.00061681534546665
1815                 0.00069796442403458
1817                 0.00078978942497088
1819                 0.00089369484257418
1821                 0.0010112698944909
1823                 0.0011443128400401
1825                 0.0012948585315087
1827                 0.001465209429341
1829                 0.0016579709338771
1831                 0.0018760910158733
1833                 0.0021229055136018
1835                 0.0024021889011294
1837                 0.0027182121087321
1839                 0.003075807697428
1841                 0.0034804438620029
1843                 0.0039383077066191
1845                 0.0044563999423985
1847                 0.0050426417352867
1849                 0.0057059955338445
1851                 0.0064566020618884
1853                 0.0073059348970617
1855                 0.0082669755130382
1857                 0.0093544112544919
1859                 0.010584859158058
1861                 0.011977119189766
1863                 0.013552460345068
1865                 0.015334944389878
1867                 0.01735179180784
1869                 0.01963379526515
1871                 0.022215787147672
1873                 0.02513716797381
1875                 0.028442502912895
1877                 0.032182196516573
1879                 0.036413253763357
1881                 0.041200140135089
1883                 0.046615751987389
1885                 0.052742511797987
1887                 0.059673603320931
1889                 0.067514364427979
1891                 0.076383856590923
1893                 0.086416632960606
1895                 0.097764728135274
1897                 0.11059989677875
1899                 0.12511612943911
1901                 0.14153247755999
1903                 0.16009622269664
1905                 0.18108642686698
1907                 0.20481790514282
1909                 0.23164566364642
1911                 0.26196984824978
1913                 0.29624125160055
1915                 0.33496742707584
1917                 0.37871945792745
1919                 0.42813942775055
1921                 0.48394863510381
1923                 0.54695658699089
1925                 0.61807079582366
1927                 0.69830738741672
1929                 0.78880250555358
1931                 0.89082446832478
1933                 1.0057865901203
1935                 1.1352605316794
1937                 1.2809899740418
1939                 1.4449043284159
1941                 1.6291320943651
1943                 1.8360133548967
1945                 2.0681107563369
1947                 2.3282181565598
1949                 2.6193659443585
1951                 2.9448218425898
1953                 3.3080858131562
1955                 3.7128775078266
1957                 4.1631145721688
1959                 4.6628800454585
1961                 5.2163771489155
1963                 5.8278699618519
1965                 6.501608905225
1967                 7.2417406311942
1969                 8.0522028932251
1971                 8.9366062547214
1973                 9.8981060519954
1975                 10.939269771377
1977                 12.061946766799
1979                 13.267148798821
1981                 14.554950924968
1983                 15.924422500984
1985                 17.373597187156
1987                 18.899488737496
1989                 20.49815601433
1991                 22.164816390262
1993                 23.894001988634
1995                 25.679748749905
1997                 27.515804827818
1999                 29.395842910525
2001                 25.769597900265
2003                 21.677127677258
2005                 18.375607640699
2007                 15.676592373293
2009                 13.445286294704
2011                 11.583101242465
2013                 10.016459412565
2015                 8.6894385101388
2017                 7.5588331914211
2019                 6.5907693468148
2021                 5.7583373801862
2023                 5.0399075689178
2025                 4.4179105978515
2027                 3.8779409448608
2029                 3.4080880383769
2031                 2.9984305830411
2033                 2.640649455401
2035                 2.3277279174216
2037                 2.0537169442925
2039                 1.8135496801008
2041                 1.6028933737999
2043                 1.4180302079581
2045                 1.2557606219943
2047                 1.1133243142147
2049                 0.98833526241293
2051                 0.8787279569944
2053                 0.78271267673458
2055                 0.69873811565202
2057                 0.62546003338326
2059                 0.56171487891277
2061                 0.506497552486
2063                 0.45894263772439
2065                 0.4183085666476
2067                 0.38396428378107
2069                 0.35537805867847
2071                 0.33210816230422
2073                 0.31379517601238
2075                 0.30015574708386
2077                 0.29097763967201
2079                 0.2861159614298
2081                 0.28549047112136
2083                 0.28908389355209
2085                 0.29694118728329
2087                 0.30916972576733
2089                 0.32594036639466
2091                 0.34748939254925
2093                 0.37412132430248
2095                 0.40621259998375
2097                 0.44421613687007
2099                 0.48866678202586
2101                 0.5401876652833
2103                 0.5994974624457
2105                 0.66741857130737
2107                 0.74488618983182
2109                 0.83295826923901
2111                 0.93282628798264
2113                 1.0458267596647
2115                 1.1734533410568
2117                 1.3173693497315
2119                 1.4794204260227
2121                 1.6616469852515
2123                 1.8662959960558
2125                 2.0958314925856
2127                 2.3529430792024
2129                 2.6405515195549
2131                 2.9618103230433
2133                 3.3201020551843
2135                 3.7190279234167
2137                 4.1623890410136
2139                 4.6541576797132
2141                 5.1984368201197
2143                 5.7994064427547
2145                 6.4612553199694
2147                 7.188097620805
2149                 7.9838744718508
2151                 8.8522417526171
2153                 9.7964468361944
2155                 10.819198655518
2157                 11.922537259306
2159                 13.107710710845
2161                 14.375068510741
2163                 15.723981362665
2165                 17.152796740199
2167                 18.658838115133
2169                 20.238452804779
2171                 21.887109357372
2173                 23.599540651578
2175                 25.369924100112
2177                 27.192086290171
2179                 29.059716777784
2181                 30.96657506406
2183                 32.906676132995
2185                 34.87444305275
2187                 36.864819431628
2189                 38.873339216234
2191                 40.896155670609
2193                 42.930034805622
2195                 44.972320721719
2197                 47.020881234925
2199                 49.074041946167
2201                 51.130515889248
2203                 53.189334395523
2205                 55.249783157372
2207                 57.311345904782
2209                 59.373656782356
2211                 61.436461502851
2213                 63.499586667124
2215                 65.562916240456
2217                 67.626374006959
2219                 69.689910818447
2221                 71.753495554123
2223                 73.817108861043
2225                 75.880738918155
2227                 77.944378632342
2229                 80.008023822042
2231                 82.071672065158
2233                 84.135321982846
2235                 86.198972803899
2237                 88.262624104232
2239                 90.326275654711
2241                 92.38992733362
2243                 94.453579077367
2245                 96.517230853337
2247                 98.580882645027
2249                 100.64453444427
2251                 102.70818624711
2253                 104.77183805161
2255                 106.83548985689
2257                 108.89914166249
2259                 110.96279346827
2261                 113.02644527408
2263                 115.09009707995
2265                 117.15374888583
2267                 119.2174006917
2269                 121.28105249756
2271                 123.34470430346
2273                 125.40835610931
2275                 127.47200791519
2277                 129.53565972104
2279                 131.59931152693
2281                 133.66296333281
2283                 135.72661513868
2285                 137.79026694454
2287                 139.85391875041
2289                 141.91757055627
2291                 143.98122236216
2293                 146.04487416802
2295                 148.10852597391
2297                 150.17217777977
2299                 152.23582958566
2301                 154.29948139154
2303                 156.36313319741
2305                 158.42678500327
2307                 160.49043680916
2309                 162.55408861502
2311                 164.6177404209
2313                 166.68139222675
2315                 168.74504403264
2317                 170.8086958385
2319                 172.87234764437
2321                 174.93599945025
2323                 176.9996512561
2325                 179.06330306198
2327                 181.12695486787
2329                 183.19060667372
2331                 185.25425847958
2333                 187.31791028546
2335                 189.38156209131
2337                 191.4452138972
2339                 193.50886570306
2341                 195.57251750893
2343                 197.63616931479
2345                 199.69982112068
2347                 201.76347292654
2349                 203.82712473245
2351                 205.89077653831
2353                 207.95442834418
2355                 210.01808015006
2357                 212.08173195593
2359                 214.14538376181
2361                 216.20903556766
2363                 218.27268737354
2365                 220.33633917943
2367                 222.39999098529
2369                 224.46364279118
2371                 226.52729459704
2373                 228.59094640292
2375                 230.65459820877
2377                 232.71825001467
2379                 234.78190182052
2381                 236.84555362639
2383                 238.90920543227
2385                 240.97285723816
2387                 243.036509044
2389                 245.10016084989
2391                 247.16381265575
2393                 249.22746446162
2395                 251.29111626748
2397                 253.35476807337
2399                 255.41841987923
2401                 257.4820716851
2403                 259.54572349098
2405                 261.60937529685
2407                 263.67302710272
2409                 265.73667890858
2411                 267.80033071445
2413                 269.86398252033
2415                 271.9276343262
2417                 273.99128613208
2419                 276.05493793793
2421                 278.11858974383
2423                 280.18224154968
2425                 282.24589335556
2427                 284.30954516141
2429                 286.37319696731
2431                 288.43684877316
2433                 290.50050057903
2435                 292.56415238489
2437                 294.62780419076
2439                 296.69145599664
2441                 298.75510780252
2443                 300.81875960838
2445                 302.88241141426
2447                 304.94606322013
2449                 307.00971502601
2451                 309.07336683189
2453                 311.13701863775
2455                 313.20067044363
2457                 315.2643222495
2459                 317.32797405537
2461                 319.39162586125
2463                 321.45527766712
2465                 323.518929473
2467                 325.58258127887
2469                 327.64623308475
2471                 329.70988489063
2473                 331.77353669649
2475                 333.83718850237
2477                 335.90084030823
2479                 337.96449211411
2481                 340.02814391997
2483                 342.09179572584
2485                 344.15544753172
2487                 346.21909933758
2489                 348.28275114346
2491                 350.34640294933
2493                 352.41005475519
2495                 354.47370656106
2497                 356.53735836693
2499                 358.6010101728
2501                 360.66466197868
2503                 362.72831378456
2505                 364.79196559043
2507                 366.85561739629
2509                 368.91926920216
2511                 370.98292100803
2513                 373.04657281391
2515                 375.11022461977
2517                 377.17387642564
2519                 379.23752823152
2521                 381.30118003738
2523                 383.36483184326
2525                 385.42848364911
2527                 387.492135455
2529                 389.55578726086
2531                 391.61943906673
2533                 393.68309087259
2535                 395.74674267848
2537                 397.81039448434
2539                 399.87404629022
2541                 401.93769809609
2543                 404.00134990196
2545                 406.06500170782
2547                 408.12865351371
2549                 410.19230531957
2551                 440.4333765014
2553                 440.57687474232
2555                 440.72037298323
2557                 440.86387122416
2559                 441.00736946507
2561                 441.150867706
2563                 441.29436594692
2565                 441.43786418785
2567                 441.58136242877
2569                 441.72486066969
2571                 441.86835891062
2573                 442.01185715154
2575                 442.15535539245
2577                 442.29885363338
2579                 442.44235187429
2581                 442.5858501152
2583                 442.72934835612
2585                 442.87284659704
2587                 443.01634483794
2589                 443.15984307885
2591                 443.30334131977
2593                 443.44683956069
2595                 443.5903378016
2597                 443.73383604252
2599                 443.87733428343
2601                 444.02083252435
2603                 444.16433076527
2605                 444.30782900617
2607                 444.4513272471
2609                 444.59482548802
2611                 444.73832372893
2613                 444.88182196986
2615                 445.02532021077
2617                 445.16881845169
2619                 445.31231669261
2621                 445.45581493352
2623                 445.59931317445
2625                 445.74281141537
2627                 445.88630965628
2629                 446.0298078972
2631                 446.17330613812
2633                 446.31680437903
2635                 446.46030261996
2637                 446.60380086087
2639                 446.74729910179
2641                 446.89079734271
2643                 447.03429558362
2645                 447.17779382454
2647                 447.32129206546
2649                 447.46479030638
2651                 447.60828854729
2653                 447.75178678821
2655                 447.89528502912
2657                 448.03878327003
2659                 448.18228151096
2661                 448.32577975188
2663                 448.46927799279
2665                 448.61277623371
2667                 448.75627447463
2669                 448.89977271555
2671                 449.04327095647
2673                 449.18676919738
2675                 449.3302674383
2677                 449.47376567923
2679                 449.61726392014
2681                 449.76076216106
2683                 449.90426040198
2685                 450.04775864289
2687                 450.19125688381
2689                 450.33475512473
2691                 450.47825336564
2693                 450.62175160656
2695                 450.76524984748
2697                 450.9087480884
2699                 451.05224632931
2701                 451.19574457023
2703                 451.33924281114
2705                 451.48274105206
2707                 451.62623929297
2709                 451.76973753389
2711                 451.91323577481
2713                 452.05673401572
2715                 452.20023225665
2717                 452.34373049756
2719                 452.48722873848
2721                 452.63072697939
2723                 452.77422522031
2725                 452.91772346123
2727                 453.06122170215
2729                 453.20471994306
2731                 453.34821818398
2733                 453.4917164249
2735                 453.63521466582
2737                 453.77871290673
2739                 453.92221114765
2740.9774419792      424.01994106085
2742.8832025866      424.14763022705
2744.6931852871      424.26890211239
2746.4122035958      424.38407923048
2748.0448291145      424.49346788632
2749.5954036903      424.59735899098
2751.0680509614      424.69602883515
2752.4666873243      424.78973982398
2753.795032349       424.87874117492
2755.0566186707      424.96326958048
2756.2548013851      425.0435498377
2757.3927669703      425.11979544598
2758.4735417618      425.19220917488
2759.5               425.26098360335
2760.5               451.98498489526
2761.5               445.0970693312
2762.5               438.20915376715
2763.5               431.3212382031
2764.5               424.43332263905
2765.5               417.545407075
2766.5               410.65749151095
2767.5               403.7695759469
2768.5               396.88166038284
2769.5               389.99374481879
2770.5               383.10582925474
2771.5               376.21791369069
2772.5               369.32999812664
2773.5               362.44208256258
2774.5               355.55416699853
2775.5               348.66625143448
2776.5               341.77833587043
2777.5               334.89042030638
2778.5               328.00250474232
2779.5               321.11458917827
2780.5               314.22667361422
2781.5               307.33875805017
2782.5               300.45084248614
2783.5               293.56292692213
2784.5               286.67501135822
2785.5               279.78709579458
2786.5               272.89918023177
2787.5               266.01126467128
2788.5               259.12334911721
2789.5               252.23543358033
2790.5               245.34751808838
2791.5               238.45960271059
2792.5               231.57168761504
2793.5               224.68377319844
2794.5               217.79586037082
2795.5               210.90795116105
2796.5               204.02004996433
2797.5               197.13216603141
2798.5               190.24431827555
2799.5               183.35654425128
2800.5               176.46891636339
2801.5               169.58157012198
2802.5               162.69475164896
2803.5               155.80889461537
2804.5               148.92474005531
2805.5               142.04351539454
2806.5               135.16719039769
2807.5               128.29882593574
2808.5               121.44302455998
2809.5               114.60647807437
2810.5               107.79858583536
2811.5               101.03208957067
2812.5               94.323640170173
2813.5               87.69418639059
2814.5               81.169064178999
2815.5               74.777677573397
2816.5               68.552703208089
2817.5               62.528818145922
2818.5               56.741033604564
2819.5               51.222796120616
2820.5               46.004071693635
2821.5               41.109641656725
2822.5               36.557806965047
2823.5               32.35962893563
2824.5               28.518747591162
2825.5               25.031734942864
2826.5               21.888877001492
2827.5               19.075243874547
2828.5               16.571901937164
2829.5               14.357139229757
2830.5               12.407605566973
2831.5               10.699303334019
2832.5               9.2083968874834
2833.5               7.9118340411499
2834.5               6.7877910069303
2835.5               5.8159628239252
2836.5               4.9777261185957
2837.5               4.2562016570558
2838.5               3.6362421238367
2839.5               3.1043671336262
2840.5               2.6486635443113
2841.5               2.258665264836
2842.5               1.9252232621025
2843.5               1.6403735136761
2844.5               1.3972082577074
2845.5               1.1897540231876
2846.5               1.012858514704
2847.5               0.86208739695559
2848.5               0.73363129876824
2849.5               0.62422286482455
2850.5               0.53106336769915
2851.5               0.45175820596599
2852.5               0.38426051895746
2853.5               0.326822116965
2854.5               0.27795093611394
2855.5               0.23637426441514
2856.5               0.20100703825188
2857.5               0.17092456947809
2858.5               0.14533912668258
2859.5               0.12357985678113
2860.5               0.10507559278006
2861.5               0.08934014889217
2862.5               0.075959754795019
2863.5               0.064582326158025
2864.5               0.054908309259361
2865.5               0.046682873020565
2866.5               0.039689253432673
2867.5               0.033743082494819
2868.5               0.028687557700469
2869.5               0.024389328741048
2870.5               0.020734995678229
2871.5               0.017628128450298
2872.5               0.014986730423328
2873.5               0.012741080257506
2874.5               0.010831895802532
2875.5               0.0092087722536327
2876.5               0.0078288536009552
2877.5               0.0066557027067482
2878.5               0.0056583403340582
2879.5               0.0048104279337657
2880.5               0.0040895726938217
2881.5               0.003476736585295
2882.5               0.0029557339065178
2883.5               0.0025128040137545
2884.5               0.0021362480384646
2885.5               0.0018161200210365
2886.5               0.0015439643030746
2887.5               0.0013125922193602
2888.5               0.0011158922941235
2889.5               0.00094866883681988
2890.5               0.00080650470302146
2891.5               0.00068564466548793
2892.5               0.00058289622240082
2893.5               0.0004955452581612
2894.5               0.00042128438959566
2895.5               0.00035815199250777
2896.5               0.00030448040089226
2897.5               0.00025885185994667
2898.5               0.00022006106492611
2899.5               0.00018708333993089
2900.5               0.00015904755512608
2901.5               0.0001352131318022
2902.5               0.00011495046692289
2903.5               9.7724301983959e-05
2904.5               8.3079605417424e-05
2905.5               7.0629520010357e-05
2906.5               6.004517105751e-05
2907.5               5.1046962212808e-05
2908.5               4.3397201388018e-05
2909.5               3.6893812449534e-05
2910.5               3.1365001706973e-05
2911.5               2.666472820323e-05
2912.5               2.2668822374783e-05
2913.5               1.9271733098236e-05
2914.5               1.6383723266955e-05
2915.5               1.3928498354687e-05
2916.5               1.184121245501e-05
2917.5               1.0066716349399e-05
2918.5               8.5581475239849e-06
2919.5               7.2756445312905e-06
2920.5               6.185334466835e-06
2921.5               5.2584181453597e-06
2922.5               4.4704062673873e-06
2923.5               3.8004821512061e-06
2924.5               3.2309532826957e-06
2925.5               2.7467694785344e-06
2926.5               2.3351454103704e-06
2927.5               1.9852097743467e-06
2928.5               1.68770775133e-06
2929.5               1.4347945054283e-06
2930.5               1.2197776122491e-06
2931.5               1.0369860525827e-06
2932.5               8.8158813582595e-07
2933.5               7.4947159589556e-07
2934.5               6.3715921427843e-07
2935.5               5.4167559326856e-07
2936.5               4.6050052660007e-07
2937.5               3.9149128383542e-07
2938.5               3.3282265832213e-07
2939.5               2.8294699916387e-07
2940.5               2.4054536140738e-07
2941.5               2.0449864024386e-07
2942.5               1.738520438721e-07
2943.5               1.4779955037625e-07
2944.5               1.2565282148103e-07
2945.5               1.0682121853733e-07
2946.5               9.0814022968289e-08
2947.5               7.7207129578483e-08
2948.5               6.563416476979e-08
2949.5               5.580202966371e-08
2950.5               4.7437609396184e-08
2951.5               4.0329961592533e-08
2952.5               3.4283687000425e-08
2953.5               2.9147795288509e-08
2954.5               2.4777957463584e-08
2955.5               2.1065371669238e-08
2956.5               1.7907897387204e-08
2957.5               1.5225598559709e-08
2958.5               1.294298002108e-08
2959.5               1.1004530620085e-08
2960.5               9.3547392054916e-09
2961.5               7.9536377484146e-09
2962.5               6.7612582199672e-09
2963.5               5.7487348215091e-09
2964.5               4.8872017543999e-09
2965.5               4.1544545581473e-09
2966.5               3.530509218308e-09
2967.5               3.0042635046357e-09
2968.5               2.5535129566379e-09
2969.5               2.1693757901176e-09
2970.5               1.845190666927e-09
2971.5               1.5676349107707e-09
2972.5               1.3322676295502e-09
2973.5               1.1346479311669e-09
2974.5               9.6367358537464e-10
2975.5               8.1934459217337e-10
2976.5               6.9499961341535e-10
2977.5               5.9285909514983e-10
2978.5               5.0404125317982e-10
2979.5               4.2854608750531e-10
2980.5               3.6415315207705e-10
2981.5               3.0864200084579e-10
2982.5               2.6423307986079e-10
2983.5               2.2204460492503e-10
2984.5               1.8873791418628e-10
2985.5               1.6209256159527e-10
2986.5               1.3988810110277e-10
2987.5               1.1768364061027e-10
2988.5               9.9920072216264e-11
2989.5               8.6597395920762e-11
2990.5               7.105427357601e-11
2991.5               5.9952043329758e-11
2992.5               5.1070259132757e-11
2993.5               4.2188474935756e-11
2994.5               3.5527136788005e-11
2995.5               3.3306690738755e-11
2996.5               2.4424906541753e-11
2997.5               2.4424906541753e-11
2998.5               1.7763568394003e-11
2999.5               1.5543122344752e-11
3000.5               1.3322676295502e-11
3001.5               1.1102230246252e-11
3002.5               8.8817841970013e-12
3003.5               8.8817841970013e-12
3004.5               6.6613381477509e-12
3005.5               6.6613381477509e-12
3006.5               6.6613381477509e-12
3007.5               4.4408920985006e-12
3008.5               2.2204460492503e-12
3009.5               4.4408920985006e-12
3010.5               2.2204460492503e-12
3011.5               2.2204460492503e-12
3012.5               -0
3013.5               2.2204460492503e-12
3014.5               -0
3015.5               2.2204460492503e-12
3016.5               -0
3017.5               2.2204460492503e-12
3018.5               2.2204460492503e-12
3019.5               2.2204460492503e-12
3020.5               4.4408920985006e-12
3021.5               2.2204460492503e-12
3022.5               2.2204460492503e-12
3023.5               -0
3024.5               -0
3025.5               -0
3026.5               -2.2204460492503e-12
3027.5               -2.2204460492503e-12
3028.5               -0
3029.5               -0
3030.5               -0
3031.5               2.2204460492503e-12
3032.5               -2.2204460492503e-12
3033.5               -0
3034.5               -2.2204460492503e-12
3035.5               -0
3036.5               -0
3037.5               -0
3038.5               -0
3039.5               -0
3040.5               -0
3041.5               2.2204460492503e-12
3042.5               2.2204460492503e-12
3043.5               -0
3044.5               -0
3045.5               2.2204460492503e-12
3046.5               -0
3047.5               2.2204460492503e-12
3048.5               2.2204460492503e-12
3049.5               2.2204460492503e-12
3050.5               2.2204460492503e-12
3051.5               2.2204460492503e-12
3052.5               -0
3053.5               2.2204460492503e-12
3054.5               -0
3055.5               -0
3056.5               -0
3057.5               -0
3058.5               -2.2204460492503e-12
3059.5               -2.2204460492503e-12
3060.5               -0
3061.5               -0
3062.5               -2.2204460492503e-12
3063.5               -2.2204460492503e-12
3064.5               -0
3065.5               -2.2204460492503e-12
3066.5               -0
3067.5               2.2204460492503e-12
3068.5               -0
3069.5               -0
3070.5               2.2204460492503e-12
3071.5               -0
3072.5               -2.2204460492503e-12
3073.5               -0
3074.5               -2.2204460492503e-12
3075.5               -0
3076.5               -2.2204460492503e-12
3077.5               -0
3078.5               -2.2204460492503e-12
3079.5               -0
3080.5               -0
3081.5               -0
3082.5               -0
3083.5               -2.2204460492503e-12
3084.5               -0
3085.5               -2.2204460492503e-12
3086.5               -0
3087.5               -0
3088.5               -0
3089.5               2.2204460492503e-12
3090.5               2.2204460492503e-12
3091.5               2.2204460492503e-12
3092.5               2.2204460492503e-12
3093.5               4.4408920985006e-12
3094.5               2.2204460492503e-12
3095.5               2.2204460492503e-12
3096.5               -0
3097.5               2.2204460492503e-12
3098.5               -0
3099.5               2.2204460492503e-12
3100.5               -0
3101.5               2.2204460492503e-12
3102.5               -0
3103.5               -0
3104.5               -2.2204460492503e-12
3105.5               -0
3106.5               -2.2204460492503e-12
3107.5               -0
3108.5               -2.2204460492503e-12
3109.5               -2.2204460492503e-12
3110.5               -0
3111.5               -0
3112.5               2.2204460492503e-12
3113.5               2.2204460492503e-12
3114.5               2.2204460492503e-12
3115.5               -0
3116.5               2.2204460492503e-12
3117.5               2.2204460492503e-12
3118.5               -0
3119.5               2.2204460492503e-12
3120.5               -0
3121.5               -0
3122.5               -2.2204460492503e-12
3123.5               -0
3124.5               -2.2204460492503e-12
3125.5               -2.2204460492503e-12
3126.5               -2.2204460492503e-12
3127.5               -2.2204460492503e-12
3128.5               -2.2204460492503e-12
3129.5               -0
3130.5               2.2204460492503e-12
3131.5               -0
3132.5               2.2204460492503e-12
3133.5               -2.2204460492503e-12
3134.5               -0
3135.5               -2.2204460492503e-12
3136.5               -0
3137.5               -2.2204460492503e-12
3138.5               -2.2204460492503e-12
3139.5               -0
3140.5               -2.2204460492503e-12
3141.5               -2.2204460492503e-12
3142.5               -2.2204460492503e-12
3143.5               -0
3144.5               -0
3145.5               -0
3146.5               -0
3147.5               -0
3148.5               -0
3149.5               -0
3150.5               -0
3151.5               -0
3152.5               -0
3153.5               -0
3154.5               2.2204460492503e-12
3155.5               -0
3156.5               -0
3157.5               -2.2204460492503e-12
3158.5               -2.2204460492503e-12
3159.5               -2.2204460492503e-12
3160.5               -4.4408920985006e-12
3161.5               -2.2204460492503e-12
3162.5               -2.2204460492503e-12
3163.5               -2.2204460492503e-12
3164.5               -0
3165.5               -0
3166.5               -0
3167.5               -0
3168.5               2.2204460492503e-12
3169.5               -0
3170.5               2.2204460492503e-12
3171.5               2.2204460492503e-12
3172.5               -0
3173.5               2.2204460492503e-12
3174.5               -0
3175.5               -0
3176.5               2.2204460492503e-12
3177.5               -2.2204460492503e-12
3178.5               -0
3179.5               -2.2204460492503e-12
3180.5               -0
3181.5               -2.2204460492503e-12
3182.5               -0
3183.5               -0
3184.5               -0
3185.5               -0
3186.5               -0
3187.5               2.2204460492503e-12
3188.5               2.2204460492503e-12
3189.5               2.2204460492503e-12
3190.5               -0
3191.5               2.2204460492503e-12
3192.5               -2.2204460492503e-12
3193.5               -0
3194.5               -2.2204460492503e-12
3195.5               -0
3196.5               -2.2204460492503e-12
3197.5               -0
3198.5               -0
3199.5               -0
3200.5               -0
3201.5               -0
3202.5               -0
3203.5               -0
3204.5               -0
3205.5               -2.2204460492503e-12
3206.5               -0
3207.5               -0
3208.5               -0
3209.5               -0
3210.5               -0
3211.5               -0
3212.5               -2.2204460492503e-12
3213.5               -0
3214.5               -0
3215.5               -0
3216.5               -0
3217.5               2.2204460492503e-12
3218.5               2.2204460492503e-12
3219.5               -0
3220.5               2.2204460492503e-12
3221.5               -0
3222.5               2.2204460492503e-12
3223.5               -0
3224.5               4.4408920985006e-12
3225.5               2.2204460492503e-12
3226.5               2.2204460492503e-12
3227.5               -0
3228.5               -0
3229.5               -0
3230.5               -0
3231.5               2.2204460492503e-12
3232.5               -0
3233.5               2.2204460492503e-12
3234.5               2.2204460492503e-12
3235.5               -0
3236.5               2.2204460492503e-12
3237.5               -0
3238.5               -0
3239.5               -2.2204460492503e-12
3240.5               -0
3241.5               2.2204460492503e-12
3242.5               -2.2204460492503e-12
3243.5               -0
3244.5               -2.2204460492503e-12
3245.5               -0
3246.5               -2.2204460492503e-12
3247.5               -0
3248.5               -0
3249.5               -0
3250.5               -0
3251.5               -0
3252.5               -0
3253.5               -0
3254.5               -0
3255.5               -0
3256.5               -2.2204460492503e-12
3257.5               -2.2204460492503e-12
3258.5               -0
3259.5               -0
3260.5               -2.2204460492503e-12
3261.5               -0
3262.5               -2.2204460492503e-12
3263.5               -2.2204460492503e-12
3264.5               -2.2204460492503e-12
3265.5               -0
3266.5               -2.2204460492503e-12
3267.5               -0
3268.5               -0
3269.5               -0
3270.5               2.2204460492503e-12
3271.5               2.2204460492503e-12
3272.5               2.2204460492503e-12
3273.5               2.2204460492503e-12
3274.5               2.2204460492503e-12
3275.5               4.4408920985006e-12
3276.5               2.2204460492503e-12
3277.5               4.4408920985006e-12
3278.5               2.2204460492503e-12
3279.5               2.2204460492503e-12
3280.5               2.2204460492503e-12
3281.5               2.2204460492503e-12
3282.5               2.2204460492503e-12
3283.5               -0
3284.5               -0
3285.5               -0
3286.5               -0
3287.5               -2.2204460492503e-12
3288.5               2.2204460492503e-12
3289.5               -0
3290.5               -0
3291.5               -0
3292.5               -0
3293.5               -0
3294.5               -2.2204460492503e-12
3295.5               -2.2204460492503e-12
3296.5               -0
3297.5               -2.2204460492503e-12
3298.5               -0
3299.5               -0
3300.5               -0
3301.5               -0
3302.5               -0
3303.5               2.2204460492503e-12
3304.5               -0
3305.5               -0
3306.5               -0
3307.5               -0
3308.5               -0
3309.5               -0
3310.5               2.2204460492503e-12
3311.5               -2.2204460492503e-12
3312.5               -0
3313.5               -0
3314.5               -2.2204460492503e-12
3315.5               -2.2204460492503e-12
3316.5               -2.2204460492503e-12
3317.5               -2.2204460492503e-12
3318.5               -2.2204460492503e-12
3319.5               -0
3320.5               -2.2204460492503e-12
3321.5               -2.2204460492503e-12
3322.5               -2.2204460492503e-12
3323.5               -4.4408920985006e-12
3324.5               -2.2204460492503e-12
3325.5               -2.2204460492503e-12
3326.5               -2.2204460492503e-12
3327.5               -0
3328.5               -0
3329.5               -0
3330.5               -0
3331.5               -0
3332.5               -0
3333.5               2.2204460492503e-12
3334.5               2.2204460492503e-12
3335.5               2.2204460492503e-12
3336.5               2.2204460492503e-12
3337.5               2.2204460492503e-12
3338.5               4.4408920985006e-12
3339.5               2.2204460492503e-12
3340.5               2.2204460492503e-12
3341.5               2.2204460492503e-12
3342.5               2.2204460492503e-12
3343.5               -0
3344.5               -0
3345.5               -0
3346.5               -0
3347.5               -2.2204460492503e-12
3348.5               -0
3349.5               -0
3350.5               -0
3351.5               -0
3352.5               -0
3353.5               2.2204460492503e-12
3354.5               -0
3355.5               2.2204460492503e-12
3356.5               -0
3357.5               2.2204460492503e-12
3358.5               -0
3359.5               -0
3360.5               -2.2204460492503e-12
3361.5               -0
3362.5               -0
3363.5               -0
3364.5               -2.2204460492503e-12
3365.5               -0
3366.5               -2.2204460492503e-12
3367.5               -0
3368.5               -0
3369.5               -0
3370.5               -2.2204460492503e-12
3371.5               -0
3372.5               -2.2204460492503e-12
3373.5               -0
3374.5               -0
3375.5               -0
3376.5               2.2204460492503e-12
3377.5               2.2204460492503e-12
3378.5               2.2204460492503e-12
3379.5               2.2204460492503e-12
3380.5               -0
3381.5               2.2204460492503e-12
3382.5               -0
3383.5               -0
3384.5               -0
3385.5               -0
3386.5               -0
3387.5               -2.2204460492503e-12
3388.5               -0
3389.5               -2.2204460492503e-12
3390.5               -0
3391.5               -0
3392.5               -0
3393.5               -2.2204460492503e-12
3394.5               -0
3395.5               -0
3396.5               -0
3397.5               -2.2204460492503e-12
3398.5               -0
3399.5               -0
3400.5               -0
3401.5               -0
3402.5               -2.2204460492503e-12
3403.5               -2.2204460492503e-12
3404.5               -0
3405.5               -2.2204460492503e-12
3406.5               -2.2204460492503e-12
3407.5               -2.2204460492503e-12
3408.5               -2.2204460492503e-12
3409.5               -2.2204460492503e-12
3410.5               -0
3411.5               -0
3412.5               -0
3413.5               -0
3414.5               2.2204460492503e-12
3415.5               -0
3416.5               2.2204460492503e-12
3417.5               2.2204460492503e-12
3418.5               2.2204460492503e-12
3419.5               -0
3420.5               -0
3421.5               -0
3422.5               -0
3423.5               -0
3424.5               -0
3425.5               -0
3426.5               -2.2204460492503e-12
3427.5               -0
3428.5               -2.2204460492503e-12
3429.5               -0
3430.5               -2.2204460492503e-12
3431.5               -2.2204460492503e-12
3432.5               -0
3433.5               -0
3434.5               -0
3435.5               -0
3436.5               -0
3437.5               2.2204460492503e-12
3438.5               -0
3439.5               -0
3440.5               -0
3441.5               2.2204460492503e-12
3442.5               2.2204460492503e-12
3443.5               -0
3444.5               2.2204460492503e-12
3445.5               -0
3446.5               -0
3447.5               -0
3448.5               -0
3449.5               -0
3450.5               -0
3451.5               -0
3452.5               -0
3453.5               -0
3454.5               -0
3455.5               2.2204460492503e-12
3456.5               2.2204460492503e-12
3457.5               2.2204460492503e-12
3458.5               -0
3459.5               -0
3460.5               -2.2204460492503e-12
3461.5               -2.2204460492503e-12
3462.5               -2.2204460492503e-12
3463.5               -2.2204460492503e-12
3464.5               -2.2204460492503e-12
3465.5               -0
3466.5               -0
3467.5               -0
3468.5               -0
3469.5               -2.2204460492503e-12
3470.5               -0
3471.5               -0
3472.5               2.2204460492503e-12
3473.5               -0
3474.5               2.2204460492503e-12
3475.5               -0
3476.5               -0
3477.5               -0
3478.5               -2.2204460492503e-12
3479.5               -0
3480.5               -0
3481.5               -0
3482.5               -0
3483.5               2.2204460492503e-12
3484.5               2.2204460492503e-12
3485.5               2.2204460492503e-12
3486.5               -0
3487.5               -0
3488.5               2.2204460492503e-12
3489.5               -0
3490.5               -2.2204460492503e-12
3491.5               -0
3492.5               -2.2204460492503e-12
3493.5               -2.2204460492503e-12
3494.5               -2.2204460492503e-12
3495.5               -2.2204460492503e-12
3496.5               -0
3497.5               -0
3498.5               -0
3499.5               -2.2204460492503e-12
3500.5               -2.2204460492503e-12
3501.5               -2.2204460492503e-12
3502.5               -2.2204460492503e-12
3503.5               -0
3504.5               -2.2204460492503e-12
3505.5               -0
3506.5               -2.2204460492503e-12
3507.5               -0
3508.5               2.2204460492503e-12
3509.5               -0
3510.5               -0
3511.5               -0
3512.5               -0
3513.5               2.2204460492503e-12
3514.5               -0
3515.5               2.2204460492503e-12
3516.5               2.2204460492503e-12
3517.5               2.2204460492503e-12
3518.5               2.2204460492503e-12
3519.5               -0
3520.5               -0
3521.5               -0
3522.5               -2.2204460492503e-12
3523.5               -0
3524.5               -0
3525.5               2.2204460492503e-12
3526.5               -0
3527.5               -0
3528.5               -0
3529.5               2.2204460492503e-12
3530.5               -0
3531.5               2.2204460492503e-12
3532.5               -0
3533.5               -0
3534.5               -0
3535.5               -0
3536.5               2.2204460492503e-12
3537.5               -0
3538.5               2.2204460492503e-12
3539.5               -0
3540.5               -2.2204460492503e-12
3541.5               -2.2204460492503e-12
3542.5               -2.2204460492503e-12
3543.5               -2.2204460492503e-12
3544.5               -4.4408920985006e-12
3545.5               -2.2204460492503e-12
3546.5               -4.4408920985006e-12
3547.5               -4.4408920985006e-12
3548.5               -4.4408920985006e-12
3549.5               -6.6613381477509e-12
3550.5               -8.8817841970013e-12
3551.5               -8.8817841970013e-12
3552.5               -8.8817841970013e-12
3553.5               -1.1102230246252e-11
3554.5               -1.3322676295502e-11
3555.5               -1.5543122344752e-11
3556.5               -1.7763568394003e-11
3557.5               -2.2204460492503e-11
3558.5               -2.2204460492503e-11
3559.5               -2.8865798640254e-11
3560.5               -3.5527136788005e-11
3561.5               -3.9968028886506e-11
3562.5               -4.8849813083507e-11
3563.5               -5.7731597280508e-11
3564.5               -6.6613381477509e-11
3565.5               -7.7715611723761e-11
3566.5               -9.3258734068513e-11
3567.5               -1.0880185641327e-10
3568.5               -1.2878587085652e-10
3569.5               -1.4876988529977e-10
3570.5               -1.7763568394003e-10
3571.5               -2.0872192862953e-10
3572.5               -2.4424906541753e-10
3573.5               -2.8865798640254e-10
3574.5               -3.3750779948605e-10
3575.5               -3.9745984281581e-10
3576.5               -4.6629367034257e-10
3577.5               -5.4622972811558e-10
3578.5               -6.4614980033184e-10
3579.5               -7.5717210279436e-10
3580.5               -8.9261931179863e-10
3581.5               -1.0480505352461e-09
3582.5               -1.2323475573339e-09
3583.5               -1.4521717162097e-09
3584.5               -1.7053025658242e-09
3585.5               -2.0095036745715e-09
3586.5               -2.3603341503531e-09
3587.5               -2.7777780076121e-09
3588.5               -3.2662761384472e-09
3589.5               -3.8435921112523e-09
3590.5               -4.5230486023229e-09
3591.5               -5.3179682879545e-09
3592.5               -6.2572169667874e-09
3593.5               -7.3585582072155e-09
3594.5               -8.657519146027e-09
3595.5               -1.0182965581862e-08
3596.5               -1.1979306435705e-08
3597.5               -1.4088730182493e-08
3598.5               -1.6573409311604e-08
3599.5               -1.9493295866368e-08
3600.5               -2.2930546350608e-08
3601.5               -2.6973978606293e-08
3602.5               -3.1725733151688e-08
3603.5               -3.7321257195799e-08
3604.5               -4.3898218393679e-08
3605.5               -5.1636472875316e-08
3606.5               -6.0740301677242e-08
3607.5               -7.1447292526727e-08
3608.5               -8.4041662518075e-08
3609.5               -9.8854258112624e-08
3610.5               -1.1627809826109e-07
3611.5               -1.3677725618777e-07
3612.5               -1.6088685939053e-07
3613.5               -1.8924639633155e-07
3614.5               -2.2260859822154e-07
3615.5               -2.6184610035784e-07
3616.5               -3.0800473282966e-07
3617.5               -3.6229463873383e-07
3618.5               -4.2615910800237e-07
3619.5               -5.0127901829455e-07
3620.5               -5.8964166882447e-07
3621.5               -6.9357852794383e-07
3622.5               -8.1584072830765e-07
3623.5               -9.5964791668735e-07
3624.5               -1.1288103785034e-06
3625.5               -1.3277889898688e-06
3626.5               -1.5618417670282e-06
3627.5               -1.8371548726748e-06
3628.5               -2.1609936062816e-06
3629.5               -2.5419200078147e-06
3630.5               -2.9899926978771e-06
3631.5               -3.5170488743574e-06
3632.5               -4.1370107339844e-06
3633.5               -4.8662540663713e-06
3634.5               -5.7240434614414e-06
3635.5               -6.7330385711273e-06
3636.5               -7.9198958502502e-06
3637.5               -9.3159591152414e-06
3638.5               -1.0958112195425e-05
3639.5               -1.2889733724819e-05
3640.5               -1.5161847333189e-05
3641.5               -1.7834473897693e-05
3642.5               -2.0978214720913e-05
3643.5               -2.4676110044197e-05
3644.5               -2.9025846171038e-05
3645.5               -3.4142324523145e-05
3646.5               -4.0160701431091e-05
3647.5               -4.7239954170664e-05
3648.5               -5.5567090928577e-05
3649.5               -6.5362073531361e-05
3650.5               -7.6883652777582e-05
3651.5               -9.0436171884534e-05
3652.5               -0.00010637763114829
3653.5               -0.00012512914260299
3654.5               -0.00014718603225106
3655.5               -0.00017313095401761
3656.5               -0.00020364925523708
3657.5               -0.00023954709771346
3658.5               -0.00028177274291608
3659.5               -0.00033144160305199
3660.5               -0.000389865706385
3661.5               -0.00045858834285539
3662.5               -0.00053942484701253
3663.5               -0.00063451053300412
3664.5               -0.00074635709834681
3665.5               -0.0008779189708541
3666.5               -0.0010326713328901
3667.5               -0.0012147019168296
3668.5               -0.0014288189564837
3669.5               -0.0016806781899525
3670.5               -0.001976932200165
3671.5               -0.0023254061143341
3672.5               -0.0027353042342249
3673.5               -0.0032174530817386
3674.5               -0.0037845872413733
3675.5               -0.0044516855757237
3676.5               -0.005236366649175
3677.5               -0.006159353755919
3678.5               -0.0072450218513431
3679.5               -0.0085220407530784
3680.5               -0.010024131513742
3681.5               -0.011790955845026
3682.5               -0.01386916200774
3683.5               -0.016313614508157
3684.5               -0.01918883987706
3685.5               -0.022570726339044
3686.5               -0.026548521723235
3687.5               -0.031227181733762
3688.5               -0.036730129573392
3689.5               -0.043202498452022
3690.5               -0.050814940828481
3691.5               -0.059768102254054
3692.5               -0.070297874552594
3693.5               -0.082681561988096
3694.5               -0.097245116523759
3695.5               -0.11437162368955
3696.5               -0.13451125021158
3697.5               -0.15819289791885
3698.5               -0.18603784688986
3699.5               -0.21877571371176
3700.5               -0.25726309889285
3701.5               -0.30250535056453
3702.5               -0.35568192944258
3703.5               -0.4181759212174
3704.5               -0.49160830609907
3705.5               -0.57787765780581
3706.5               -0.67920600163918
3707.5               -0.79819160727856
3708.5               -0.93786951667285
3709.5               -1.1017805980607
3710.5               -1.2940498553848
3711.5               -1.5194745831804
3712.5               -1.7836227082402
3713.5               -2.0929412583226
3714.5               -2.4548742923369
3715.5               -2.8779887516239
3716.5               -3.3721054743174
3717.5               -3.9484309753424
3718.5               -4.6196834579337
3719.5               -5.4002038345025
3720.5               -6.3060392895897
3721.5               -7.3549831991171
3722.5               -8.5665512577271
3723.5               -9.9618699044512
3724.5               -11.56345030781
3725.5               -13.39482035025
3726.5               -15.479989653597
3727.5               -17.842730354762
3728.5               -20.505670650233
3729.5               -23.489220062018
3730.5               -26.810374580652
3731.5               -30.481483774707
3732.5               -34.509095284831
3733.5               -38.893016779895
3734.5               -43.625741916018
3735.5               -48.692366765724
3736.5               -54.071073010726
3737.5               -59.734178362192
3738.5               -65.649666706742
3739.5               -71.783030469275
3740.5               -78.099206344053
3741.5               -84.564376873069
3742.5               -91.147446252726
3743.5               -97.821068284716
3744.5               -104.56218804978
3745.5               -111.35213579248
3746.5               -118.17636612254
3747.5               -125.02396137269
3748.5               -131.88701692635
3749.5               -138.76000639291
3750.5               -145.63919539661
3751.5               -152.52214295524
3752.5               -159.4073045611
3753.5               -166.29373362298
3754.5               -173.18086791055
3755.5               -180.06838364595
3756.5               -186.95609997188
3757.5               -193.84391886407
3758.5               -200.73178875542
3759.5               -207.6196833087
3760.5               -126.55922790121
3761.5187209763      -65.762958278119
3762.5755848552      -34.251984632145
3763.6720197814      -17.683219868694
3764.8095073722      -8.9873807308961
3765.9895847196      -4.4776194435928
3767.2138464671      -2.1807413705533
3768.483946965       -1.0362838807466
3769.8016025056      -0.4797923804288
3771.1685936425      -0.21618300160751
3772.5867675969      -0.094696364480295
3774.0580407534      -0.040287098921949
3775.5844012497      -0.016630934650752
3777.1679116635      -0.0066565651870437
3778.8107117992      -0.002583985517974
3780.5150215798      -0.00098067442530064
3782.2831440465      -0.00038823904156947
3784.117468471       -0.00022992395831343
3786.0204735836      -0.00035652834877355
3787.9947309236      -0.00097327521238974
3790                 -4758.2579429988
3792                 -0
3794                 -0
3796                 -0
3798                 -0
