x[nm]                E[kV/cm]            
-8                   -0
-6                   -0
-4                   -0
-2                   -0
0                    -293.22280207815
1.999                -0.00037588758487743
3.997                -0.00021712368084084
5.995                -0.00012541698966204
7.9929999999999      -7.24445172964e-05
9.9909999999999      -4.1846066151747e-05
11.989               -2.4171504526556e-05
13.987               -1.396215808968e-05
15.985               -8.0649423298044e-06
17.983               -4.6585358193641e-06
19.981               -2.6909005554329e-06
21.979               -1.5543344611624e-06
23.977               -8.9782035659868e-07
25.975               -5.1859973328252e-07
27.973               -2.9954906312059e-07
29.971               -1.7302364635024e-07
31.969               -9.9933408228573e-08
33.967               -5.7716038599483e-08
35.965               -3.3331140094653e-08
37.963               -1.9246088428888e-08
39.961               -1.1108898252406e-08
41.959               -6.4123992513386e-09
43.957               -3.6918527405454e-09
45.955               -2.1293166318136e-09
47.953               -1.2224677948826e-09
49.951               -7.0014064616002e-10
51.948999999999      -3.9785770051633e-10
53.946999999999      -2.2226687179683e-10
55.944999999999      -1.2669211692419e-10
57.942999999999      -6.4457392821081e-11
59.940999999999      -3.3340030769525e-11
61.938999999999      -1.333601230781e-11
63.936999999999      -4.4453374359366e-12
65.934999999999      4.4453374359366e-12
67.932999999999      8.8906748718732e-12
69.930999999999      1.1113343589841e-11
71.928999999999      1.333601230781e-11
73.926999999999      1.333601230781e-11
75.924999999999      1.5558681025778e-11
77.922999999999      1.5558681025778e-11
79.920999999999      1.333601230781e-11
81.918999999999      1.333601230781e-11
83.916999999999      1.333601230781e-11
85.914999999999      1.333601230781e-11
87.912999999999      1.333601230781e-11
89.910999999999      1.333601230781e-11
91.908999999999      1.5558681025778e-11
93.906999999999      1.5558681025778e-11
95.904999999999      1.5558681025778e-11
97.902999999999      1.5558681025778e-11
99.900999999999      1.333601230781e-11
101.899              1.5558681025778e-11
103.897              1.333601230781e-11
105.895              1.5558681025778e-11
107.893              1.5558681025778e-11
109.891              1.5558681025778e-11
111.889              1.5558681025778e-11
113.887              1.7781349743746e-11
115.885              1.333601230781e-11
117.883              1.5558681025778e-11
119.881              1.7781349743746e-11
121.879              1.5558681025778e-11
123.877              1.333601230781e-11
125.875              1.5558681025778e-11
127.873              1.7781349743746e-11
129.871              1.333601230781e-11
131.869              1.7781349743746e-11
133.867              1.7781349743747e-11
135.865              1.5558681025778e-11
137.863              1.7781349743746e-11
139.861              2.0004018461715e-11
141.859              2.0004018461715e-11
143.857              1.7781349743747e-11
145.855              1.7781349743746e-11
147.853              2.0004018461715e-11
149.851              1.7781349743747e-11
151.849              2.0004018461715e-11
153.847              2.0004018461715e-11
155.845              2.0004018461715e-11
157.843              2.2226687179683e-11
159.841              2.4449355897652e-11
161.839              2.0004018461715e-11
163.837              2.2226687179683e-11
165.835              2.2226687179683e-11
167.833              2.2226687179683e-11
169.831              2.4449355897651e-11
171.829              2.4449355897652e-11
173.827              2.4449355897652e-11
175.825              2.2226687179683e-11
177.823              2.2226687179683e-11
179.821              2.667202461562e-11
181.819              2.2226687179683e-11
183.817              2.667202461562e-11
185.815              2.4449355897652e-11
187.813              2.667202461562e-11
189.811              2.667202461562e-11
191.809              2.8894693333588e-11
193.807              2.667202461562e-11
195.805              2.8894693333588e-11
197.803              2.8894693333588e-11
199.801              2.8894693333588e-11
201.799              2.8894693333588e-11
203.797              3.1117362051557e-11
205.795              2.8894693333588e-11
207.793              3.1117362051557e-11
209.791              3.1117362051556e-11
211.789              3.1117362051557e-11
213.787              3.1117362051557e-11
215.785              2.8894693333588e-11
217.783              3.3340030769525e-11
219.781              2.8894693333588e-11
221.779              3.1117362051556e-11
223.777              3.3340030769525e-11
225.775              3.1117362051557e-11
227.773              3.1117362051556e-11
229.771              2.8894693333588e-11
231.769              2.8894693333588e-11
233.767              3.1117362051556e-11
235.765              2.8894693333588e-11
237.763              2.667202461562e-11
239.761              2.667202461562e-11
241.759              2.8894693333588e-11
243.757              3.1117362051557e-11
245.755              2.667202461562e-11
247.753              2.8894693333588e-11
249.751              3.3340030769525e-11
251.749              2.8894693333588e-11
253.747              3.1117362051556e-11
255.745              3.1117362051556e-11
257.743              2.8894693333588e-11
259.741              2.8894693333589e-11
261.739              3.1117362051556e-11
263.737              3.1117362051556e-11
265.735              2.8894693333589e-11
267.733              2.8894693333588e-11
269.731              2.8894693333588e-11
271.729              2.8894693333589e-11
273.727              3.1117362051556e-11
275.725              3.1117362051556e-11
277.723              2.8894693333589e-11
279.721              2.8894693333588e-11
281.719              3.1117362051556e-11
283.717              2.8894693333589e-11
285.715              2.8894693333588e-11
287.713              2.8894693333589e-11
289.711              2.8894693333588e-11
291.709              3.1117362051556e-11
293.707              2.8894693333589e-11
295.705              2.667202461562e-11
297.703              2.8894693333588e-11
299.701              3.1117362051557e-11
301.699              2.8894693333588e-11
303.697              3.1117362051556e-11
305.695              2.667202461562e-11
307.693              2.8894693333588e-11
309.691              3.1117362051556e-11
311.689              2.8894693333589e-11
313.687              3.1117362051556e-11
315.685              3.1117362051556e-11
317.683              3.1117362051557e-11
319.681              2.8894693333588e-11
321.679              3.1117362051556e-11
323.677              3.1117362051557e-11
325.675              3.1117362051556e-11
327.673              3.1117362051556e-11
329.671              3.1117362051557e-11
331.669              3.1117362051556e-11
333.667              3.1117362051556e-11
335.665              3.1117362051557e-11
337.663              3.1117362051556e-11
339.661              3.1117362051556e-11
341.659              3.3340030769525e-11
343.657              3.1117362051556e-11
345.655              3.3340030769525e-11
347.653              3.3340030769524e-11
349.651              3.3340030769524e-11
351.649              3.1117362051557e-11
353.647              3.1117362051556e-11
355.645              3.1117362051556e-11
357.643              3.3340030769525e-11
359.641              3.1117362051556e-11
361.639              3.3340030769524e-11
363.637              3.3340030769525e-11
365.635              3.3340030769524e-11
367.633              3.3340030769524e-11
369.631              3.3340030769525e-11
371.629              3.3340030769524e-11
373.627              3.1117362051556e-11
375.625              3.1117362051557e-11
377.623              3.3340030769524e-11
379.621              3.3340030769524e-11
381.619              3.1117362051557e-11
383.617              3.3340030769524e-11
385.615              3.1117362051556e-11
387.613              3.3340030769525e-11
389.611              3.1117362051556e-11
391.609              3.1117362051556e-11
393.607              3.1117362051557e-11
395.605              2.8894693333588e-11
397.60299999999      3.1117362051556e-11
399.60099999999      2.8894693333589e-11
401.59899999999      3.3340030769524e-11
403.59699999999      3.3340030769524e-11
405.59499999999      3.3340030769525e-11
407.59299999999      3.3340030769524e-11
409.59099999999      3.1117362051557e-11
411.58899999999      3.3340030769524e-11
413.58699999999      3.3340030769524e-11
415.58499999999      3.3340030769525e-11
417.58299999999      3.1117362051556e-11
419.58099999999      3.1117362051556e-11
421.57899999999      3.1117362051557e-11
423.57699999999      3.1117362051556e-11
425.57499999999      3.1117362051556e-11
427.57299999999      3.1117362051557e-11
429.57099999999      3.1117362051556e-11
431.56899999999      3.1117362051556e-11
433.56699999999      2.8894693333589e-11
435.56499999999      2.8894693333588e-11
437.56299999999      3.3340030769524e-11
439.56099999999      3.1117362051557e-11
441.55899999999      3.1117362051556e-11
443.55699999999      3.1117362051556e-11
445.55499999999      3.1117362051557e-11
447.55299999999      3.1117362051556e-11
449.55099999999      3.1117362051556e-11
451.54899999999      2.8894693333589e-11
453.54699999999      3.1117362051556e-11
455.54499999999      3.1117362051556e-11
457.54299999999      3.1117362051557e-11
459.54099999999      2.8894693333588e-11
461.53899999999      3.1117362051556e-11
463.53699999999      2.8894693333589e-11
465.53499999999      3.1117362051556e-11
467.53299999999      2.8894693333588e-11
469.53099999999      3.1117362051557e-11
471.52899999999      2.8894693333588e-11
473.52699999999      2.8894693333589e-11
475.52499999999      2.8894693333588e-11
477.52299999999      2.8894693333588e-11
479.52099999999      2.8894693333589e-11
481.51899999999      2.8894693333588e-11
483.51699999999      3.1117362051556e-11
485.51499999999      2.8894693333589e-11
487.51299999999      3.1117362051556e-11
489.51099999999      2.8894693333588e-11
491.50899999999      2.8894693333589e-11
493.50699999999      2.8894693333588e-11
495.50499999999      2.8894693333588e-11
497.50299999999      2.8894693333589e-11
499.50099999999      2.8894693333588e-11
501.49899999999      2.667202461562e-11
503.49699999999      2.8894693333589e-11
505.49499999999      3.1117362051556e-11
507.49299999999      2.8894693333588e-11
509.49099999999      2.8894693333589e-11
511.48899999999      2.6672024615619e-11
513.48699999999      2.8894693333587e-11
515.48499999999      2.4449355897651e-11
517.48299999999      2.667202461562e-11
519.48099999999      2.6672024615619e-11
521.47899999999      2.6672024615619e-11
523.47699999999      2.6672024615619e-11
525.47499999999      2.6672024615619e-11
527.47299999999      2.6672024615619e-11
529.47099999999      2.667202461562e-11
531.46899999999      2.6672024615619e-11
533.46699999999      2.6672024615619e-11
535.46499999999      2.4449355897651e-11
537.46299999999      2.6672024615619e-11
539.46099999999      2.4449355897651e-11
541.45899999999      2.667202461562e-11
543.45699999999      2.4449355897651e-11
545.45499999999      2.2226687179682e-11
547.45299999999      2.4449355897651e-11
549.45099999999      2.4449355897651e-11
551.44899999999      2.4449355897651e-11
553.44699999999      2.4449355897652e-11
555.44499999999      2.2226687179682e-11
557.44299999999      2.6672024615619e-11
559.44099999999      2.4449355897651e-11
561.43899999999      2.2226687179682e-11
563.43699999999      2.2226687179682e-11
565.43499999999      2.2226687179684e-11
567.43299999999      2.2226687179682e-11
569.43099999999      2.4449355897651e-11
571.42899999999      2.0004018461714e-11
573.42699999999      2.2226687179682e-11
575.42499999999      2.2226687179684e-11
577.42299999999      2.2226687179682e-11
579.42099999999      2.2226687179682e-11
581.41899999999      2.2226687179682e-11
583.41699999999      2.0004018461714e-11
585.41499999999      2.0004018461714e-11
587.41299999999      2.0004018461715e-11
589.41099999999      1.7781349743746e-11
591.40899999999      1.7781349743746e-11
593.40699999999      1.7781349743746e-11
595.40499999999      1.7781349743746e-11
597.40299999999      1.7781349743746e-11
599.40099999999      2.0004018461715e-11
601.39899999999      1.5558681025778e-11
603.39699999999      1.7781349743746e-11
605.39499999999      1.5558681025778e-11
607.39299999999      1.5558681025778e-11
609.39099999999      1.5558681025778e-11
611.38899999999      1.7781349743747e-11
613.38699999999      1.5558681025778e-11
615.38499999999      1.5558681025778e-11
617.38299999999      1.5558681025778e-11
619.38099999999      1.5558681025778e-11
621.37899999999      1.7781349743746e-11
623.37699999999      1.5558681025778e-11
625.37499999999      1.7781349743746e-11
627.37299999999      1.5558681025778e-11
629.37099999999      1.7781349743746e-11
631.369              1.5558681025778e-11
633.36699999999      1.7781349743747e-11
635.365              1.7781349743746e-11
637.363              1.7781349743746e-11
639.361              1.5558681025778e-11
641.359              1.5558681025778e-11
643.357              1.5558681025778e-11
645.355              1.333601230781e-11
647.353              1.5558681025778e-11
649.351              1.7781349743746e-11
651.349              1.5558681025778e-11
653.347              1.5558681025778e-11
655.345              1.5558681025778e-11
657.343              1.333601230781e-11
659.341              1.7781349743746e-11
661.339              1.5558681025778e-11
663.337              1.3336012307809e-11
665.335              1.5558681025778e-11
667.333              1.5558681025778e-11
669.331              1.333601230781e-11
671.329              1.3336012307809e-11
673.327              1.3336012307809e-11
675.325              1.3336012307809e-11
677.323              1.3336012307809e-11
679.321              1.3336012307809e-11
681.319              1.333601230781e-11
683.317              1.3336012307809e-11
685.315              1.3336012307809e-11
687.313              1.1113343589841e-11
689.311              1.3336012307809e-11
691.309              1.333601230781e-11
693.307              1.1113343589841e-11
695.305              1.3336012307809e-11
697.303              1.1113343589841e-11
699.301              8.8906748718729e-12
701.299              1.1113343589841e-11
703.297              1.1113343589842e-11
705.295              1.3336012307809e-11
707.293              1.1113343589841e-11
709.291              1.3336012307809e-11
711.289              1.1113343589841e-11
713.287              1.1113343589841e-11
715.285              1.1113343589842e-11
717.283              1.1113343589841e-11
719.281              1.3336012307809e-11
721.279              8.8906748718729e-12
723.277              1.1113343589841e-11
725.275              1.1113343589841e-11
727.273              1.1113343589842e-11
729.271              1.3336012307809e-11
731.269              8.8906748718729e-12
733.267              8.8906748718729e-12
735.265              6.6680061539047e-12
737.263              8.8906748718729e-12
739.261              8.8906748718734e-12
741.259              8.8906748718729e-12
743.257              8.8906748718729e-12
745.255              6.6680061539047e-12
747.253              8.8906748718729e-12
749.251              4.4453374359365e-12
751.249              6.6680061539051e-12
753.247              6.6680061539047e-12
755.245              6.6680061539047e-12
757.243              8.8906748718729e-12
759.241              8.8906748718729e-12
761.239              6.6680061539051e-12
763.237              6.6680061539047e-12
765.235              6.6680061539047e-12
767.233              8.8906748718729e-12
769.231              8.8906748718729e-12
771.229              6.6680061539047e-12
773.227              8.8906748718734e-12
775.225              8.8906748718729e-12
777.223              6.6680061539047e-12
779.221              6.6680061539047e-12
781.219              6.6680061539047e-12
783.217              6.6680061539047e-12
785.215              6.6680061539051e-12
787.213              6.6680061539047e-12
789.211              6.6680061539047e-12
791.209              6.6680061539047e-12
793.207              6.6680061539047e-12
795.205              4.4453374359365e-12
797.203              6.6680061539051e-12
799.201              4.4453374359365e-12
801.199              4.4453374359365e-12
803.197              4.4453374359365e-12
805.195              4.4453374359365e-12
807.193              2.2226687179682e-12
809.191              2.2226687179684e-12
811.189              4.4453374359365e-12
813.187              4.4453374359365e-12
815.185              4.4453374359365e-12
817.183              2.2226687179682e-12
819.181              2.2226687179684e-12
821.179              2.2226687179682e-12
823.177              2.2226687179682e-12
825.175              2.2226687179682e-12
827.173              2.2226687179682e-12
829.171              2.2226687179682e-12
831.169              -0
833.167              2.2226687179682e-12
835.165              2.2226687179682e-12
837.163              -0
839.161              2.2226687179682e-12
841.159              -0
843.157              -0
845.155              -0
847.153              -0
849.151              -0
851.149              -0
853.147              -0
855.145              -0
857.143              -0
859.141              -2.2226687179682e-12
861.139              -0
863.137              -0
865.135              -0
867.133              -0
869.131              -0
871.129              -0
873.127              -2.2226687179682e-12
875.125              2.2226687179682e-12
877.123              -0
879.121              2.2226687179684e-12
881.119              2.2226687179682e-12
883.117              2.2226687179682e-12
885.115              4.4453374359365e-12
887.113              6.6680061539047e-12
889.111              1.1113343589842e-11
891.109              2.0004018461714e-11
893.107              3.1117362051555e-11
895.105              5.5566717949206e-11
897.103              9.3352086154666e-11
899.101              1.6003214769371e-10
901.099              2.7338825231011e-10
903.097              4.7342843692723e-10
905.095              8.1794208821231e-10
907.093              1.4136173046278e-09
909.091              2.4449355897651e-09
911.089              4.2297385702935e-09
913.087              7.3192480882698e-09
915.085              1.2669211692419e-08
917.083              2.1928849571475e-08
919.081              3.7960959034179e-08
921.079              6.5715423315449e-08
923.077              1.1376285299177e-07
925.075              1.9694622976174e-07
927.073              3.4095293599889e-07
929.071              5.9026524075595e-07
931.069              1.0218697204172e-06
933.067              1.7690753766801e-06
935.065              3.0626507891879e-06
937.063              5.3021006559771e-06
939.061              9.1790750287042e-06
941.059              1.5890938881752e-05
943.057              2.7510621964227e-05
945.055              4.76267785081e-05
947.053              8.2452154324454e-05
949.051              0.00014274233446894
951.049              0.00024711755053552
953.047              0.00042781337587175
955.045              0.00074063649218695
957.043              0.0012822000940695
959.041              0.0022197620407338
961.039              0.0038428806438863
963.037              0.0066528407518819
965.035              0.011517465988827
967.033              0.019939121487255
969.031              0.034518652769877
971.029              0.059758469810851
973.027              0.10345257698433
975.025              0.17909217205443
977.023              0.31002773350887
979.021              0.53666693299746
981.019              0.9289131264056
983.017              1.6076311896078
985.015              2.7816060487216
987.013              4.8109158199313
989.011              8.3148145253647
991.009              14.353007872344
993.007              24.722973868705
995.005              42.424958343473
997.003              72.316398140155
999.001              121.78383953491
1001                 129.78541091812
1003                 92.365695319165
1005                 68.712211410866
1007                 52.929897649003
1009                 41.884421059351
1011                 33.837314497154
1013                 27.778525650426
1015                 23.093396291047
1017                 19.391305051699
1019                 16.41409532734
1021                 13.985132249246
1023                 11.979821201686
1025                 10.307900995439
1027                 8.9024395801429
1029                 7.7127795853493
1031                 6.6998872070623
1033                 5.8332069184952
1035                 5.08848518191
1037                 4.4462330484873
1039                 3.8906194166954
1041                 3.408660505102
1043                 2.9896168614951
1045                 2.624538260112
1047                 2.3059156363558
1049                 2.0274116143626
1051                 1.7836495156387
1053                 1.5700464255919
1055                 1.3826798374295
1057                 1.2181801636912
1059                 1.0736433786329
1061                 0.94655947646904
1063                 0.83475346707385
1065                 0.73633639406712
1067                 0.64966442870906
1069                 0.57330451949111
1071                 0.50600540110413
1073                 0.44667301343226
1075                 0.39434957205264
1077                 0.34819567938715
1079                 0.30747498163342
1081                 0.27154096766457
1083                 0.23982557860069
1085                 0.21182935435959
1087                 0.18711289016204
1089                 0.1652894134363
1091                 0.14601832215355
1093                 0.12899955069701
1095                 0.11396864993074
1097                 0.10069248523426
1099                 0.088965470346203
1101                 0.078606266873393
1103                 0.069454889028986
1105                 0.061370161870133
1107                 0.054227488002212
1109                 0.047916884238219
1111                 0.042341254362643
1113                 0.037414868938601
1115                 0.033062026647546
1117                 0.029215875056998
1119                 0.025817371385184
1121                 0.022814366402724
1123                 0.020160796605495
1125                 0.017815971724566
1127                 0.015743946117919
1129                 0.013912964151874
1131                 0.012294970672677
1133                 0.01086517894322
1135                 0.0096016891859563
1137                 0.0084851518344919
1139                 0.0074984701248226
1141                 0.0066265375209262
1143                 0.0058560057558665
1145                 0.0051750800134087
1147                 0.004573337974989
1149                 0.0040415699942287
1151                 0.0035716378943285
1153                 0.0031563502655985
1155                 0.0027893522358546
1157                 0.0024650281371663
1159                 0.002178415474674
1161                 0.0019251289340438
1163                 0.0017012932262972
1165                 0.0015034837486105
1167                 0.0013286741773477
1169                 0.0011741901140283
1171                 0.0010376681602864
1173                 0.00091701976012715
1175                 0.00081039921662196
1177                 0.00071617545671643
1179                 0.0006329070689759
1181                 0.00055932024123351
1183                 0.00049428928727835
1185                 0.00043681940509188
1187                 0.00038603146013116
1189                 0.00034114854718936
1191                 0.00030148408880493
1193                 0.00026643133699267
1195                 0.00023545409399972
1197                 0.0002080785033165
1199                 0.00018388580436124
1201                 0.00016250593537492
1203                 0.00014361184463851
1205                 0.00012691451889424
1207                 0.00011215854689439
1209                 9.9118211416283e-05
1211                 8.7594040909522e-05
1213                 7.7409747500923e-05
1215                 6.8409553577453e-05
1217                 6.0455784822722e-05
1219                 5.3426778556798e-05
1221                 4.7215009679746e-05
1223                 4.1725467525566e-05
1225                 3.6874174824675e-05
1227                 3.2586926490552e-05
1229                 2.8798143869579e-05
1231                 2.5449873319872e-05
1233                 2.249089581241e-05
1235                 1.9875951995374e-05
1237                 1.7565033871847e-05
1239                 1.5522800822509e-05
1241                 1.3718011171449e-05
1243                 1.2123055892488e-05
1245                 1.0713543385776e-05
1247                 9.4679108997298e-06
1249                 8.3671047867995e-06
1251                 7.394285184148e-06
1253                 6.5345728827992e-06
1255                 5.7748161808036e-06
1257                 5.1033932635391e-06
1259                 4.5100367884743e-06
1261                 3.9856673517136e-06
1263                 3.5222647021271e-06
1265                 3.1127367350336e-06
1267                 2.7508240130203e-06
1269                 2.4309909640863e-06
1271                 2.1483437251391e-06
1273                 1.8985590877207e-06
1275                 1.6778156641806e-06
1277                 1.4827383765237e-06
1279                 1.3103407248138e-06
1281                 1.1579892600366e-06
1283                 1.0233525138403e-06
1285                 9.0436769184521e-07
1287                 7.9921624873691e-07
1289                 7.0629280202184e-07
1291                 6.2416960489031e-07
1293                 5.5159432577057e-07
1295                 4.8745674163797e-07
1297                 4.3077985623086e-07
1299                 3.8069325469792e-07
1301                 3.3642866270611e-07
1303                 2.9730662376437e-07
1305                 2.6273649922359e-07
1307                 2.3218538203196e-07
1309                 2.0518697851912e-07
1311                 1.8132828571993e-07
1313                 1.602407095902e-07
1315                 1.4160672634489e-07
1317                 1.251376779976e-07
1319                 1.1058265414476e-07
1321                 9.7724051073556e-08
1323                 8.6359808193492e-08
1325                 7.6316730712733e-08
1327                 6.7437166961781e-08
1329                 5.959233106978e-08
1331                 5.2657878057971e-08
1333                 4.6533887854139e-08
1335                 4.1120440386067e-08
1337                 3.6335379149932e-08
1339                 3.210764987216e-08
1341                 2.8372859617321e-08
1343                 2.5071056342085e-08
1345                 2.215339023337e-08
1347                 1.9571011478092e-08
1349                 1.7290613385512e-08
1351                 1.5274448372793e-08
1353                 1.3498091533393e-08
1355                 1.1921574838425e-08
1357                 1.0533796057643e-08
1359                 9.3036689463588e-09
1361                 8.2200912743247e-09
1363                 7.25641768895e-09
1365                 6.4082072981364e-09
1367                 5.6621374255883e-09
1369                 5.0004445029117e-09
1371                 4.4164671919589e-09
1373                 3.8991032624835e-09
1375                 3.441691376338e-09
1377                 3.0375701953744e-09
1379                 2.6822988274944e-09
1381                 2.3625545964023e-09
1383                 2.0872192862953e-09
1385                 1.8429702208778e-09
1387                 1.623146062002e-09
1389                 1.4299672557172e-09
1391                 1.2589929099249e-09
1393                 1.1080025785759e-09
1395                 9.7477581562089e-10
1397                 8.5931262105987e-10
1399                 7.5495165674511e-10
1401                 6.6391336872584e-10
1403                 5.8397731095283e-10
1405                 5.1292303737682e-10
1407                 4.5075054799781e-10
1409                 3.9523939676656e-10
1411                 3.4638958368305e-10
1413                 2.9976021664879e-10
1415                 2.5979218776229e-10
1417                 2.2648549702353e-10
1419                 1.9539925233403e-10
1421                 1.6875389974302e-10
1423                 1.4432899320127e-10
1425                 1.2434497875802e-10
1427                 1.0214051826551e-10
1429                 8.8817841970013e-11
1431                 7.5495165674511e-11
1433                 5.9952043329758e-11
1435                 5.1070259132757e-11
1437                 4.2188474935756e-11
1439                 3.3306690738755e-11
1441                 2.6645352591004e-11
1443                 1.9984014443253e-11
1445                 1.5543122344752e-11
1447                 8.8817841970013e-12
1449                 6.6613381477509e-12
1451                 2.2204460492503e-12
1453                 -0
1455                 -4.4408920985006e-12
1457                 -6.6613381477509e-12
1459                 -8.8817841970013e-12
1461                 -1.5543122344752e-11
1463                 -1.5543122344752e-11
1465                 -1.5543122344752e-11
1467                 -1.9984014443253e-11
1469                 -1.9984014443253e-11
1471                 -2.4424906541753e-11
1473                 -2.4424906541753e-11
1475                 -2.4424906541753e-11
1477                 -2.8865798640254e-11
1479                 -3.1086244689504e-11
1481                 -2.8865798640254e-11
1483                 -2.6645352591004e-11
1485                 -2.6645352591004e-11
1487                 -2.6645352591004e-11
1489                 -2.4424906541753e-11
1491                 -2.2204460492503e-11
1493                 -2.2204460492503e-11
1495                 -2.4424906541753e-11
1497                 -2.4424906541753e-11
1499                 -2.4424906541753e-11
1501                 -2.4424906541753e-11
1503                 -2.4424906541753e-11
1505                 -2.4424906541753e-11
1507                 -2.2204460492503e-11
1509                 -2.4424906541753e-11
1511                 -2.4424906541753e-11
1513                 -2.2204460492503e-11
1515                 -2.4424906541753e-11
1517                 -1.9984014443253e-11
1519                 -1.7763568394003e-11
1521                 -1.7763568394003e-11
1523                 -1.3322676295502e-11
1525                 -1.1102230246252e-11
1527                 -1.3322676295502e-11
1529                 -8.8817841970013e-12
1531                 -8.8817841970013e-12
1533                 -4.4408920985006e-12
1535                 -4.4408920985006e-12
1537                 -2.2204460492503e-12
1539                 2.2204460492503e-12
1541                 6.6613381477509e-12
1543                 1.1102230246252e-11
1545                 1.3322676295502e-11
1547                 1.9984014443253e-11
1549                 2.6645352591004e-11
1551                 3.5527136788005e-11
1553                 4.2188474935756e-11
1555                 4.8849813083507e-11
1557                 5.7731597280508e-11
1559                 6.883382752676e-11
1561                 7.9936057773011e-11
1563                 9.5479180117763e-11
1565                 1.1102230246252e-10
1567                 1.2878587085652e-10
1569                 1.5099033134902e-10
1571                 1.7319479184152e-10
1573                 1.9761969838328e-10
1575                 2.2648549702353e-10
1577                 2.5979218776229e-10
1579                 2.9753977059954e-10
1581                 3.4194869158455e-10
1583                 3.9301895071731e-10
1585                 4.4853010194856e-10
1587                 5.0848214527832e-10
1589                 5.8175686490358e-10
1591                 6.6169292267659e-10
1593                 7.5051076464661e-10
1595                 8.5265128291212e-10
1597                 9.6589403142389e-10
1599                 1.0991207943789e-09
1601                 1.2456702336294e-09
1603                 1.4122036873232e-09
1605                 1.6009416015095e-09
1607                 1.8163248682868e-09
1609                 2.0561330416058e-09
1611                 2.3292479056636e-09
1613                 2.6378899065094e-09
1615                 2.9864999362417e-09
1617                 3.379518886959e-09
1619                 3.8258285428583e-09
1621                 4.3320902420874e-09
1623                 4.9027448767447e-09
1625                 5.5466742310273e-09
1627                 6.2794214272799e-09
1629                 7.105427357601e-09
1631                 8.0380146982861e-09
1633                 9.0971674637785e-09
1635                 1.0296208330374e-08
1637                 1.1650680420416e-08
1639                 1.3185008640448e-08
1641                 1.4919177004913e-08
1643                 1.688205131245e-08
1645                 1.910471780775e-08
1647                 2.1613821843403e-08
1649                 2.4460433678541e-08
1651                 2.7680080449954e-08
1653                 3.1319391524676e-08
1655                 3.5442759838133e-08
1657                 4.0105696541559e-08
1659                 4.5379255908529e-08
1661                 5.1352255781012e-08
1663                 5.8106852662831e-08
1665                 6.57518484104e-08
1667                 7.440048577223e-08
1669                 8.4190432403375e-08
1671                 9.5268237743085e-08
1673                 1.07798214799e-07
1675                 1.2198464460766e-07
1677                 1.380318082056e-07
1679                 1.5619283644241e-07
1681                 1.7674528507428e-07
1683                 1.9999557565598e-07
1685                 2.2631008178564e-07
1687                 2.5608404286004e-07
1689                 2.8977931165741e-07
1691                 3.2789992943094e-07
1693                 3.7104319616788e-07
1695                 4.1985748211459e-07
1697                 4.7509773892784e-07
1699                 5.3760107476819e-07
1701                 6.0832894277496e-07
1703                 6.8836270017414e-07
1705                 7.7892359229281e-07
1707                 8.8140161835781e-07
1709                 9.9735997238781e-07
1711                 1.1285772316683e-06
1713                 1.2770562385356e-06
1715                 1.4450707297442e-06
1717                 1.6351875409271e-06
1719                 1.8503176768547e-06
1721                 2.0937518385722e-06
1723                 2.369211493658e-06
1725                 2.6809132691596e-06
1727                 3.0336200218528e-06
1729                 3.4327340969753e-06
1731                 3.8843550598244e-06
1733                 4.3953929385054e-06
1735                 4.9736637031117e-06
1737                 5.6280136107034e-06
1739                 6.3684524320706e-06
1741                 7.2063066625105e-06
1743                 8.1543927166194e-06
1745                 9.227212327545e-06
1747                 1.0441174591591e-05
1749                 1.1814849099068e-05
1751                 1.3369245710493e-05
1753                 1.5128145403054e-05
1755                 1.711845332153e-05
1757                 1.9370609560809e-05
1759                 2.1919066561793e-05
1761                 2.4802808695767e-05
1763                 2.8065940682609e-05
1765                 3.1758382590397e-05
1767                 3.5936611464393e-05
1769                 4.0664538403234e-05
1771                 4.6014489996082e-05
1773                 5.2068294120744e-05
1775                 5.8918552259257e-05
1777                 6.6670053922024e-05
1779                 7.5441362046291e-05
1781                 8.536664930503e-05
1783                 9.6597736476411e-05
1785                 0.00010930640836904
1787                 0.0001236870739163
1789                 0.00013995969272429
1791                 0.00015837317679512
1793                 0.00017920917860792
1795                 0.00020278641432725
1797                 0.00022946552213909
1799                 0.00025965458005928
1801                 0.00029381536537088
1803                 0.00033247039565865
1805                 0.00037621093573748
1807                 0.00042570603042691
1809                 0.00048171274524833
1811                 0.00054508773272843
1813                 0.00061680035301492
1815                 0.00069794747759033
1817                 0.00078977026918281
1819                 0.00089367317324118
1821                 0.0010112453696642
1823                 0.0011442851044485
1825                 0.0012948271543856
1827                 0.0014651739466132
1829                 0.0016579307726694
1831                 0.0018760455877675
1833                 0.0021228540880713
1835                 0.0024021306987976
1837                 0.0027181462458614
1839                 0.0030757332059039
1841                 0.0034803595627686
1843                 0.0039382123251386
1845                 0.0044562920153979
1847                 0.0050425195863291
1849                 0.0057058573221802
1851                 0.0064564456647709
1853                 0.0073057579164093
1855                 0.0082667752465682
1857                 0.0093541846513112
1859                 0.010584602774255
1861                 0.011976829081828
1863                 0.013552132085426
1865                 0.015334572982528
1867                 0.017351371552898
1869                 0.019633319747747
1871                 0.022215249149138
1873                 0.025136559227423
1875                 0.028441814203806
1877                 0.032181417286559
1879                 0.036412372150796
1881                 0.041199142701842
1883                 0.046614623578911
1885                 0.052741235234688
1887                 0.059672159196111
1889                 0.067512730779207
1891                 0.076382008658005
1893                 0.086414542688207
1895                 0.097762363882037
1897                 0.11059722278883
1899                 0.12511310531149
1901                 0.14152905774445
1903                 0.16009235570769
1905                 0.18108205460665
1907                 0.20481296213681
1909                 0.23164007606491
1911                 0.26196353285934
1913                 0.2962341146695
1915                 0.3349593631552
1917                 0.37871034835435
1919                 0.428129139185
1921                 0.48393701779448
1923                 0.54694347300988
1925                 0.61805599699483
1927                 0.69829069315519
1929                 0.78878368062307
1931                 0.89080325032853
1933                 1.0057626869275
1935                 1.135233618843
1937                 1.2809596919738
1939                 1.4448702798542
1941                 1.6290938416907
1943                 1.8359704179094
1945                 2.0680626103164
1947                 2.3281642307249
1949                 2.6193056214141
1951                 2.9447544589511
1953                 3.3080106606609
1955                 3.7127938370962
1957                 4.1630215977606
1959                 4.6627769535146
1961                 5.2162631073616
1963                 5.8277441334975
1965                 6.5014704638733
1967                 7.241588780782
1969                 8.0520368898807
1971                 8.9364254310165
1973                 9.8979098426777
1975                 10.939057739385
1977                 12.061718628062
1979                 13.26690444396
1981                 14.554690436162
1983                 15.924146161905
1985                 17.373305484509
1987                 18.899182353165
1989                 20.497835807742
1991                 22.164483371849
1993                 23.893657285396
1995                 25.679393566111
1997                 27.515440403225
1999                 29.395470479363
2001                 25.769116592393
2003                 21.676398317436
2005                 18.374631651576
2007                 15.675362831047
2009                 13.443789547878
2011                 11.581317777623
2013                 10.014364240905
2015                 8.6870012325035
2017                 7.5560178331968
2019                 6.5875340143839
2021                 5.7546337677739
2023                 5.0356803294549
2025                 4.4130965824052
2027                 3.8724683081948
2029                 3.4018752032594
2031                 2.9913850523666
2033                 2.63266645669
2035                 2.3186888624505
2037                 2.0434876817088
2039                 1.8019785170353
2041                 1.5898088375899
2043                 1.4032385157781
2045                 1.2390428218767
2047                 1.0944330556528
2049                 0.96699114976229
2051                 0.85461543260612
2053                 0.75547537401466
2055                 0.66797361478521
2057                 0.59071394372889
2059                 0.52247416277851
2061                 0.46218299433187
2063                 0.40890035069685
2065                 0.36180041521616
2067                 0.32015708657296
2069                 0.28333141880887
2071                 0.25076075408803
2073                 0.22194929703234
2075                 0.19645992134665
2077                 0.17390703345166
2079                 0.15395034568266
2081                 0.1362894343071
2083                 0.12065897670555
2085                 0.10682457748157
2087                 0.094579106504344
2089                 0.083739482790168
2091                 0.074143847308417
2093                 0.06564907565787
2095                 0.058128588169559
2097                 0.051470420590061
2099                 0.045575523353047
2101                 0.040356261608032
2103                 0.035735091672429
2105                 0.031643392692793
2107                 0.028020434930109
2109                 0.024812468446545
2111                 0.021971917827379
2113                 0.019456670490303
2115                 0.017229447548672
2117                 0.01525724752538
2119                 0.013510854404153
2121                 0.011964402513165
2123                 0.010594991610713
2125                 0.009382346355391
2127                 0.0083085149960027
2129                 0.0073576027381783
2131                 0.0065155357931168
2133                 0.0057698525246508
2135                 0.0051095186437422
2137                 0.0045247635571677
2139                 0.0040069355633499
2141                 0.0035483736438024
2143                 0.0031422939494874
2145                 0.0027826893256311
2147                 0.0024642403473329
2149                 0.0021822365559032
2151                 0.0019325067257547
2153                 0.0017113571093574
2155                 0.0015155167831793
2157                 0.0013420892153171
2159                 0.0011885094219899
2161                 0.0010525060090139
2163                 0.00093206756535125
2165                 0.00082541289136984
2167                 0.00073096466879363
2169                 0.00064732611937401
2171                 0.00057326032365523
2173                 0.0005076719600261
2175                 0.00044959106881848
2177                 0.00039815872598936
2179                 0.00035261433550815
2181                 0.00031228437391562
2183                 0.00027657244272561
2185                 0.00024495041994754
2187                 0.00021695068186389
2189                 0.00019215917079762
2191                 0.00017020926446065
2193                 0.00015077637360861
2195                 0.00013357313033424
2197                 0.00011834512481101
2199                 0.00010486718160507
2201                 9.2939982376805e-05
2203                 8.2387150435181e-05
2205                 7.3052637272752e-05
2207                 6.4798402199528e-05
2209                 5.7502387296182e-05
2211                 5.1056696648288e-05
2213                 4.5366015388737e-05
2215                 4.0346193053153e-05
2217                 3.5922995689219e-05
2219                 3.2031015617662e-05
2221                 2.8612696656438e-05
2223                 2.5617497012576e-05
2225                 2.3001118787391e-05
2227                 2.0724872928923e-05
2229                 1.8755097475065e-05
2231                 1.7062666834988e-05
2233                 1.5622552140826e-05
2235                 1.4413459314966e-05
2237                 1.3417507105373e-05
2239                 1.2619965072957e-05
2241                 1.2009047090089e-05
2243                 1.1575713720902e-05
2245                 1.1313556758097e-05
2247                 1.1218699302873e-05
2249                 1.1289740253773e-05
2251                 1.1527729881777e-05
2253                 1.1936187593875e-05
2255                 1.2521155223766e-05
2257                 1.3291276967919e-05
2259                 1.4257945935015e-05
2261                 1.5435461797608e-05
2263                 1.6841226191389e-05
2265                 1.8496033593607e-05
2267                 2.042435109928e-05
2269                 2.2654695897018e-05
2271                 2.5220052712882e-05
2273                 2.8158353426733e-05
2275                 3.1513047726861e-05
2277                 3.53337448189e-05
2279                 3.9676941732125e-05
2281                 4.4606867088959e-05
2283                 5.0196418133197e-05
2285                 5.6528257630362e-05
2287                 6.3696010688119e-05
2289                 7.1805676959968e-05
2291                 8.0977173855246e-05
2293                 9.1346123998193e-05
2295                 0.00010306586029074
2297                 0.00011630969076748
2299                 0.00013127345432906
2301                 0.00014817842730608
2303                 0.00016727458751475
2305                 0.0001888443201814
2307                 0.00021320658349921
2309                 0.00024072163373745
2311                 0.00027179633876884
2313                 0.00030689020436014
2315                 0.00034652217761888
2317                 0.00039127829198904
2319                 0.00044182036473828
2321                 0.00049889575359785
2323                 0.00056334843012706
2325                 0.00063613143641561
2327                 0.00071832098935687
2329                 0.0008111323923643
2331                 0.00091593798767775
2333                 0.0010342874601221
2335                 0.0011679307276857
2337                 0.0013188438208189
2339                 0.0014892580790793
2341                 0.0016816931402985
2343                 0.001898994168581
2345                 0.0021443739073312
2347                 0.0024214601301864
2349                 0.0027343492692289
2351                 0.0030876669088187
2353                 0.0034866361087182
2355                 0.0039371545623723
2357                 0.0044458816650383
2359                 0.0050203368284762
2361                 0.0056690104899282
2363                 0.0064014893830233
2365                 0.0072285979912934
2367                 0.0081625581627165
2369                 0.0092171693322207
2371                 0.010408011876795
2373                 0.011752676620791
2375                 0.013271023884265
2377                 0.014985475678131
2379                 0.016921345518117
2381                 0.019107210367242
2383                 0.021575330300116
2385                 0.024362121768817
2387                 0.027508691291533
2389                 0.031061437204549
2391                 0.035072727972985
2393                 0.039601666599332
2395                 0.044714951974445
2397                 0.050487848988201
2399                 0.057005280915678
2401                 0.064363059004702
2403                 0.072669265833714
2405                 0.082045811014009
2407                 0.092630179722164
2409                 0.10457739671343
2411                 0.11806223088273
2413                 0.13328166782234
2415                 0.15045768042565
2417                 0.16984033030187
2419                 0.19171123537332
2421                 0.21638744170271
2423                 0.24422574001814
2425                 0.27562746958587
2427                 0.31104385361358
2429                 0.35098191133009
2431                 0.39601099149689
2433                 0.44676997043469
2435                 0.50397515357181
2437                 0.56842891310804
2439                 0.64102908395869
2441                 0.72277912539276
2443                 0.81479903514259
2445                 0.91833697470234
2447                 1.0347815279221
2449                 1.1656744670363
2451                 1.3127238401234
2453                 1.477817118205
2455                 1.6630340480606
2457                 1.8706587453221
2459                 2.103190431697
2461                 2.3633520693478
2463                 2.6540959772436
2465                 2.9786053332659
2467                 3.3402902804647
2469                 3.7427771804821
2471                 4.1898894114478
2473                 4.6856180199994
2475                 5.2340805432705
2477                 5.839466460924
2479                 6.5059680688129
2481                 7.2376961355536
2483                 8.0385805540351
2485                 8.9122573559974
2487                 9.8619449085136
2489                 10.890313793739
2491                 11.999356656032
2493                 13.190265976259
2495                 14.463329022301
2497                 15.817849805191
2499                 17.252107430539
2501                 18.763358548139
2503                 20.347888614913
2505                 22.001112582857
2507                 23.717720855831
2509                 25.491861598257
2511                 27.317346498814
2513                 29.187864597138
2515                 31.097188231086
2517                 33.039356648432
2519                 35.008826048752
2521                 37.000579163735
2523                 39.010192178068
2525                 41.033861097164
2527                 43.068393021135
2529                 45.111169888523
2531                 47.160093076801
2533                 49.213516971638
2535                 51.270178548579
2537                 53.329128493631
2539                 55.38966773339
2541                 57.451291689463
2543                 59.513643265257
2545                 61.576474584972
2547                 63.639616838675
2549                 65.702957206053
2551                 71.534957650201
2553                 71.678454205175
2555                 71.821951477784
2557                 71.965449163176
2559                 72.108947085738
2561                 72.252445144421
2563                 72.395943281136
2565                 72.539441462538
2567                 72.682939669502
2569                 72.826437891069
2571                 72.969936120972
2573                 73.113434355625
2575                 73.256932592984
2577                 73.400430831885
2579                 73.543929071656
2581                 73.687427311926
2583                 73.830925552478
2585                 73.974423793186
2587                 74.117922033987
2589                 74.261420274837
2591                 74.40491851572
2593                 74.548416756617
2595                 74.691914997522
2597                 74.835413238434
2599                 74.978911479351
2601                 75.122409720267
2603                 75.265907961182
2605                 75.409406202098
2607                 75.552904443017
2609                 75.696402683934
2611                 75.839900924854
2613                 75.983399165769
2615                 76.126897406688
2617                 76.270395647609
2619                 76.413893888525
2621                 76.557392129446
2623                 76.700890370363
2625                 76.844388611279
2627                 76.987886852198
2629                 77.131385093114
2631                 77.274883334031
2633                 77.41838157495
2635                 77.561879815866
2637                 77.705378056783
2639                 77.848876297701
2641                 77.99237453862
2643                 78.135872779539
2645                 78.279371020455
2647                 78.422869261374
2649                 78.566367502289
2651                 78.709865743209
2653                 78.853363984126
2655                 78.996862225043
2657                 79.140360465961
2659                 79.283858706876
2661                 79.427356947797
2663                 79.570855188713
2665                 79.714353429632
2667                 79.857851670551
2669                 80.001349911467
2671                 80.144848152386
2673                 80.288346393302
2675                 80.431844634223
2677                 80.57534287514
2679                 80.718841116056
2681                 80.862339356975
2683                 81.005837597892
2685                 81.14933583881
2687                 81.292834079727
2689                 81.436332320647
2691                 81.579830561566
2693                 81.723328802485
2695                 81.866827043408
2697                 82.010325284332
2699                 82.153823525259
2701                 82.2973217662
2703                 82.440820007159
2705                 82.584318248152
2707                 82.727816489215
2709                 82.871314730408
2711                 83.014812971847
2713                 83.158311213756
2715                 83.301809456557
2717                 83.445307701067
2719                 83.58880594883
2721                 83.732304202822
2723                 83.875802468722
2725                 84.019300757447
2727                 84.16279908994
2729                 84.306297506468
2731                 84.449796084521
2733                 84.593294973393
2735                 84.736794461019
2737                 84.880295103359
2739                 85.023797975048
2740.9774419792      79.558120198914
2742.8832025866      79.784061214097
2744.6931852871      80.07081805904
2746.4122035958      80.457323783297
2748.0448291145      81.000585048975
2749.5954036903      81.782503571018
2751.0680509614      82.919067486702
2752.4666873243      84.573189307473
2753.795032349       86.973593391188
2755.0566186707      90.444335590768
2756.2548013851      95.453862165862
2757.3927669703      102.70151934471
2758.4735417618      113.27942626385
2759.5               128.99552448737
2760.5               147.91510445746
2761.5               141.03445349175
2762.5               134.15907326987
2763.5               127.29222015533
2764.5               120.43876679966
2765.5               113.60576234284
2766.5               106.80305725561
2767.5               100.04393417615
2768.5               93.345655940162
2769.5               86.729817965849
2770.5               80.222383836628
2771.5               73.853299215143
2772.5               67.655624551088
2773.5               61.664197898845
2774.5               55.913922755029
2775.5               50.437852416505
2776.5               45.26529114413
2777.5               40.420138942578
2778.5               35.919668507309
2779.5               31.773850254506
2780.5               27.985253614224
2781.5               24.5494710161
2782.5               21.455951392999
2783.5               18.689100054796
2784.5               16.229500237563
2785.5               14.055131338508
2786.5               12.142490311999
2787.5               10.467557171336
2788.5               9.006576718158
2789.5               7.7366530890988
2790.5               6.6361704800788
2791.5               5.6850631140914
2792.5               4.8649616089946
2793.5               4.1592430408088
2794.5               3.5530096966885
2795.5               3.0330179612292
2796.5               2.5875748220638
2797.5               2.2064156470303
2798.5               1.8805734683935
2799.5               1.6022471345489
2800.5               1.3646733749839
2801.5               1.1620060280637
2802.5               0.98920433292182
2803.5               0.84193120713394
2804.5               0.71646174464757
2805.5               0.60960170612301
2806.5               0.51861547981424
2807.5               0.44116281983086
2808.5               0.3752435842741
2809.5               0.31914967138835
2810.5               0.27142336704422
2811.5               0.23082135703678
2812.5               0.19628371203284
2813.5               0.16690721461599
2814.5               0.14192246122091
2815.5               0.12067423415862
2816.5               0.10260469794909
2817.5               0.087239028874198
2818.5               0.074173136541678
2819.5               0.063063180808509
2820.5               0.053616627455622
2821.5               0.045584620758099
2822.5               0.038755482250075
2823.5               0.032949171435703
2824.5               0.028012567758751
2825.5               0.023815453200626
2826.5               0.020247092289427
2827.5               0.017213321226173
2828.5               0.01463407084179
2829.5               0.012441258991913
2830.5               0.010576997508949
2831.5               0.0089920669554822
2832.5               0.0076446192931456
2833.5               0.0064990744497173
2834.5               0.0055251819408575
2835.5               0.0046972228417985
2836.5               0.0039933311524187
2837.5               0.0033949167832503
2838.5               0.0028861748502251
2839.5               0.00245366849283
2840.5               0.0020859741201029
2841.5               0.0017733798141073
2842.5               0.0015076288750748
2843.5               0.0012817018135713
2844.5               0.0010896309698971
2845.5               0.00092634290238536
2846.5               0.00078752443455343
2847.5               0.00066950870181159
2848.5               0.00056917832669257
2849.5               0.0004838830780507
2850.5               0.00041136986039803
2851.5               0.00034972321927285
2852.5               0.00029731473727423
2853.5               0.00025276001736074
2854.5               0.00021488212764709
2855.5               0.00018268049961634
2856.5               0.00015530451147328
2857.5               0.00013203101056902
2858.5               0.0001122452064628
2859.5               9.5424448343095e-05
2860.5               8.1124398310095e-05
2861.5               6.8967318522795e-05
2862.5               5.8632061428199e-05
2863.5               4.984561874366e-05
2864.5               4.2375887243651e-05
2865.5               3.6025546990004e-05
2866.5               3.0626856606375e-05
2867.5               2.6037194622575e-05
2868.5               2.2135331345652e-05
2869.5               1.8818187008662e-05
2870.5               1.5998145030949e-05
2871.5               1.3600705006667e-05
2872.5               1.1562537594045e-05
2873.5               9.8298080786208e-06
2874.5               8.3567397446416e-06
2875.5               7.1044192750946e-06
2876.5               6.0397709056303e-06
2877.5               5.1346682461428e-06
2878.5               4.3651993131277e-06
2879.5               3.7110403638962e-06
2880.5               3.1549141077392e-06
2881.5               2.6821278531486e-06
2882.5               2.2801893706514e-06
2883.5               1.9384893690244e-06
2884.5               1.647990632847e-06
2885.5               1.4010281823573e-06
2886.5               1.1910716857244e-06
2887.5               1.0125833505015e-06
2888.5               8.6084028794176e-07
2889.5               7.3183681337241e-07
2890.5               6.2216454210784e-07
2891.5               5.2893023294587e-07
2892.5               4.4966474987973e-07
2893.5               3.8227865317708e-07
2894.5               3.2499114510642e-07
2895.5               2.7629010190822e-07
2896.5               2.3488544442785e-07
2897.5               1.9968471320908e-07
2898.5               1.6976198224938e-07
2899.5               1.4432233186312e-07
2900.5               1.2269518734342e-07
2901.5               1.0430767360958e-07
2902.5               8.8675733422861e-08
2903.5               7.5386363818097e-08
2904.5               6.4088734319512e-08
2905.5               5.4485305156504e-08
2906.5               4.6320725033411e-08
2907.5               3.9379610683454e-08
2908.5               3.3477665084547e-08
2909.5               2.8461677459291e-08
2910.5               2.4196200598681e-08
2911.5               2.0570212200255e-08
2912.5               1.7486012637846e-08
2913.5               1.4865886299731e-08
2914.5               1.2638778912333e-08
2915.5               1.0744738432322e-08
2916.5               9.1349150466158e-09
2917.5               7.7671202802776e-09
2918.5               6.6013861044212e-09
2919.5               5.6132876125048e-09
2920.5               4.7739590058882e-09
2921.5               4.0567549319803e-09
2922.5               3.4483527144857e-09
2923.5               2.9309887850104e-09
2924.5               2.4913404672589e-09
2925.5               2.1183055309848e-09
2926.5               1.7985612998928e-09
2927.5               1.5298873279335e-09
2928.5               1.3011813848607e-09
2929.5               1.1057821325267e-09
2930.5               9.3924867883288e-10
2931.5               7.9936057773011e-10
2932.5               6.8167693711985e-10
2933.5               5.7731597280508e-10
2934.5               4.9071857688432e-10
2935.5               4.1744385725906e-10
2936.5               3.5527136788005e-10
2937.5               3.0198066269804e-10
2938.5               2.5757174171304e-10
2939.5               2.1760371282653e-10
2940.5               1.8651746813703e-10
2941.5               1.5765166949677e-10
2942.5               1.3322676295502e-10
2943.5               1.1546319456102e-10
2944.5               9.7699626167014e-11
2945.5               8.4376949871512e-11
2946.5               6.883382752676e-11
2947.5               6.2172489379009e-11
2948.5               5.1070259132757e-11
2949.5               4.4408920985006e-11
2950.5               3.7747582837255e-11
2951.5               3.3306690738755e-11
2952.5               2.8865798640254e-11
2953.5               2.2204460492503e-11
2954.5               2.2204460492503e-11
2955.5               1.5543122344752e-11
2956.5               1.5543122344752e-11
2957.5               1.1102230246252e-11
2958.5               8.8817841970013e-12
2959.5               8.8817841970013e-12
2960.5               6.6613381477509e-12
2961.5               4.4408920985006e-12
2962.5               6.6613381477509e-12
2963.5               4.4408920985006e-12
2964.5               4.4408920985006e-12
2965.5               2.2204460492503e-12
2966.5               2.2204460492503e-12
2967.5               2.2204460492503e-12
2968.5               4.4408920985006e-12
2969.5               -0
2970.5               -0
2971.5               -0
2972.5               -0
2973.5               -2.2204460492503e-12
2974.5               -0
2975.5               -2.2204460492503e-12
2976.5               -0
2977.5               -0
2978.5               2.2204460492503e-12
2979.5               -0
2980.5               2.2204460492503e-12
2981.5               -0
2982.5               -2.2204460492503e-12
2983.5               -0
2984.5               -2.2204460492503e-12
2985.5               -0
2986.5               -0
2987.5               2.2204460492503e-12
2988.5               2.2204460492503e-12
2989.5               -0
2990.5               2.2204460492503e-12
2991.5               -2.2204460492503e-12
2992.5               -0
2993.5               -2.2204460492503e-12
2994.5               -2.2204460492503e-12
2995.5               -0
2996.5               2.2204460492503e-12
2997.5               -0
2998.5               2.2204460492503e-12
2999.5               -0
3000.5               -2.2204460492503e-12
3001.5               -0
3002.5               -2.2204460492503e-12
3003.5               -2.2204460492503e-12
3004.5               -2.2204460492503e-12
3005.5               -0
3006.5               -2.2204460492503e-12
3007.5               -0
3008.5               -0
3009.5               2.2204460492503e-12
3010.5               -0
3011.5               2.2204460492503e-12
3012.5               2.2204460492503e-12
3013.5               2.2204460492503e-12
3014.5               2.2204460492503e-12
3015.5               2.2204460492503e-12
3016.5               2.2204460492503e-12
3017.5               -0
3018.5               2.2204460492503e-12
3019.5               -2.2204460492503e-12
3020.5               -0
3021.5               2.2204460492503e-12
3022.5               -0
3023.5               -0
3024.5               2.2204460492503e-12
3025.5               2.2204460492503e-12
3026.5               2.2204460492503e-12
3027.5               2.2204460492503e-12
3028.5               2.2204460492503e-12
3029.5               -0
3030.5               2.2204460492503e-12
3031.5               -0
3032.5               -0
3033.5               -0
3034.5               -2.2204460492503e-12
3035.5               -0
3036.5               -2.2204460492503e-12
3037.5               -0
3038.5               -0
3039.5               -2.2204460492503e-12
3040.5               -0
3041.5               -2.2204460492503e-12
3042.5               -0
3043.5               -2.2204460492503e-12
3044.5               -0
3045.5               -0
3046.5               -0
3047.5               2.2204460492503e-12
3048.5               4.4408920985006e-12
3049.5               2.2204460492503e-12
3050.5               2.2204460492503e-12
3051.5               2.2204460492503e-12
3052.5               -0
3053.5               -0
3054.5               -0
3055.5               -0
3056.5               2.2204460492503e-12
3057.5               -0
3058.5               -0
3059.5               -0
3060.5               -2.2204460492503e-12
3061.5               -2.2204460492503e-12
3062.5               -2.2204460492503e-12
3063.5               -2.2204460492503e-12
3064.5               -2.2204460492503e-12
3065.5               -2.2204460492503e-12
3066.5               -2.2204460492503e-12
3067.5               -4.4408920985006e-12
3068.5               -2.2204460492503e-12
3069.5               -2.2204460492503e-12
3070.5               -0
3071.5               -0
3072.5               -0
3073.5               -0
3074.5               -0
3075.5               2.2204460492503e-12
3076.5               -0
3077.5               -0
3078.5               2.2204460492503e-12
3079.5               -0
3080.5               -0
3081.5               -0
3082.5               -0
3083.5               -2.2204460492503e-12
3084.5               -0
3085.5               -0
3086.5               2.2204460492503e-12
3087.5               -0
3088.5               -0
3089.5               2.2204460492503e-12
3090.5               2.2204460492503e-12
3091.5               2.2204460492503e-12
3092.5               -0
3093.5               2.2204460492503e-12
3094.5               -0
3095.5               -0
3096.5               -0
3097.5               -2.2204460492503e-12
3098.5               -0
3099.5               -2.2204460492503e-12
3100.5               -2.2204460492503e-12
3101.5               -4.4408920985006e-12
3102.5               -0
3103.5               -2.2204460492503e-12
3104.5               -0
3105.5               2.2204460492503e-12
3106.5               -0
3107.5               2.2204460492503e-12
3108.5               -0
3109.5               2.2204460492503e-12
3110.5               -0
3111.5               2.2204460492503e-12
3112.5               2.2204460492503e-12
3113.5               -0
3114.5               2.2204460492503e-12
3115.5               -0
3116.5               -0
3117.5               -0
3118.5               -0
3119.5               -2.2204460492503e-12
3120.5               -2.2204460492503e-12
3121.5               -2.2204460492503e-12
3122.5               -2.2204460492503e-12
3123.5               -0
3124.5               -2.2204460492503e-12
3125.5               -0
3126.5               2.2204460492503e-12
3127.5               -0
3128.5               -0
3129.5               2.2204460492503e-12
3130.5               -0
3131.5               -0
3132.5               -0
3133.5               -0
3134.5               -2.2204460492503e-12
3135.5               -0
3136.5               -0
3137.5               2.2204460492503e-12
3138.5               2.2204460492503e-12
3139.5               -0
3140.5               2.2204460492503e-12
3141.5               -0
3142.5               -0
3143.5               -0
3144.5               -0
3145.5               -0
3146.5               -0
3147.5               -0
3148.5               2.2204460492503e-12
3149.5               -0
3150.5               -0
3151.5               -0
3152.5               -0
3153.5               2.2204460492503e-12
3154.5               -2.2204460492503e-12
3155.5               -0
3156.5               -0
3157.5               -0
3158.5               -2.2204460492503e-12
3159.5               -0
3160.5               -0
3161.5               -0
3162.5               -2.2204460492503e-12
3163.5               -0
3164.5               -2.2204460492503e-12
3165.5               -0
3166.5               -0
3167.5               -0
3168.5               -0
3169.5               -2.2204460492503e-12
3170.5               -2.2204460492503e-12
3171.5               -0
3172.5               -2.2204460492503e-12
3173.5               -0
3174.5               -0
3175.5               -0
3176.5               -2.2204460492503e-12
3177.5               -0
3178.5               -0
3179.5               -2.2204460492503e-12
3180.5               -0
3181.5               -0
3182.5               -0
3183.5               -0
3184.5               -0
3185.5               -0
3186.5               -0
3187.5               2.2204460492503e-12
3188.5               -0
3189.5               2.2204460492503e-12
3190.5               2.2204460492503e-12
3191.5               2.2204460492503e-12
3192.5               -0
3193.5               2.2204460492503e-12
3194.5               -0
3195.5               -0
3196.5               -0
3197.5               -0
3198.5               -0
3199.5               -0
3200.5               -0
3201.5               -0
3202.5               -0
3203.5               -2.2204460492503e-12
3204.5               -0
3205.5               -2.2204460492503e-12
3206.5               -0
3207.5               -0
3208.5               2.2204460492503e-12
3209.5               2.2204460492503e-12
3210.5               2.2204460492503e-12
3211.5               2.2204460492503e-12
3212.5               2.2204460492503e-12
3213.5               2.2204460492503e-12
3214.5               -0
3215.5               -0
3216.5               -0
3217.5               -2.2204460492503e-12
3218.5               -0
3219.5               -0
3220.5               -0
3221.5               -0
3222.5               -0
3223.5               -0
3224.5               -0
3225.5               -0
3226.5               -0
3227.5               -0
3228.5               2.2204460492503e-12
3229.5               -0
3230.5               -0
3231.5               -0
3232.5               -0
3233.5               -0
3234.5               -2.2204460492503e-12
3235.5               -0
3236.5               2.2204460492503e-12
3237.5               -0
3238.5               2.2204460492503e-12
3239.5               2.2204460492503e-12
3240.5               -0
3241.5               2.2204460492503e-12
3242.5               -0
3243.5               2.2204460492503e-12
3244.5               -0
3245.5               -0
3246.5               -0
3247.5               -0
3248.5               -0
3249.5               -0
3250.5               -2.2204460492503e-12
3251.5               -2.2204460492503e-12
3252.5               -0
3253.5               -2.2204460492503e-12
3254.5               -0
3255.5               -2.2204460492503e-12
3256.5               -0
3257.5               -0
3258.5               -0
3259.5               -0
3260.5               -0
3261.5               -2.2204460492503e-12
3262.5               -2.2204460492503e-12
3263.5               -2.2204460492503e-12
3264.5               -0
3265.5               -2.2204460492503e-12
3266.5               -0
3267.5               -0
3268.5               -0
3269.5               2.2204460492503e-12
3270.5               2.2204460492503e-12
3271.5               -0
3272.5               2.2204460492503e-12
3273.5               -0
3274.5               -0
3275.5               -2.2204460492503e-12
3276.5               -0
3277.5               -4.4408920985006e-12
3278.5               -2.2204460492503e-12
3279.5               -2.2204460492503e-12
3280.5               -2.2204460492503e-12
3281.5               -2.2204460492503e-12
3282.5               -0
3283.5               -2.2204460492503e-12
3284.5               -0
3285.5               -0
3286.5               2.2204460492503e-12
3287.5               -0
3288.5               -0
3289.5               2.2204460492503e-12
3290.5               -0
3291.5               4.4408920985006e-12
3292.5               2.2204460492503e-12
3293.5               2.2204460492503e-12
3294.5               2.2204460492503e-12
3295.5               2.2204460492503e-12
3296.5               -0
3297.5               2.2204460492503e-12
3298.5               -0
3299.5               2.2204460492503e-12
3300.5               -0
3301.5               2.2204460492503e-12
3302.5               -0
3303.5               -0
3304.5               2.2204460492503e-12
3305.5               -0
3306.5               -0
3307.5               -0
3308.5               -0
3309.5               -2.2204460492503e-12
3310.5               -0
3311.5               -0
3312.5               -2.2204460492503e-12
3313.5               -2.2204460492503e-12
3314.5               -2.2204460492503e-12
3315.5               -0
3316.5               -2.2204460492503e-12
3317.5               -0
3318.5               2.2204460492503e-12
3319.5               -0
3320.5               -0
3321.5               2.2204460492503e-12
3322.5               -0
3323.5               -0
3324.5               -0
3325.5               -0
3326.5               2.2204460492503e-12
3327.5               -0
3328.5               2.2204460492503e-12
3329.5               -0
3330.5               -0
3331.5               -0
3332.5               -0
3333.5               -0
3334.5               -2.2204460492503e-12
3335.5               -0
3336.5               -2.2204460492503e-12
3337.5               -2.2204460492503e-12
3338.5               -0
3339.5               -2.2204460492503e-12
3340.5               -0
3341.5               -2.2204460492503e-12
3342.5               -0
3343.5               -2.2204460492503e-12
3344.5               -0
3345.5               -0
3346.5               -0
3347.5               2.2204460492503e-12
3348.5               -0
3349.5               2.2204460492503e-12
3350.5               2.2204460492503e-12
3351.5               2.2204460492503e-12
3352.5               -0
3353.5               2.2204460492503e-12
3354.5               -0
3355.5               -0
3356.5               -0
3357.5               -0
3358.5               -2.2204460492503e-12
3359.5               -0
3360.5               -0
3361.5               -0
3362.5               -0
3363.5               2.2204460492503e-12
3364.5               -0
3365.5               -0
3366.5               -0
3367.5               2.2204460492503e-12
3368.5               -0
3369.5               -0
3370.5               -0
3371.5               -0
3372.5               -0
3373.5               -2.2204460492503e-12
3374.5               -2.2204460492503e-12
3375.5               -0
3376.5               -2.2204460492503e-12
3377.5               -2.2204460492503e-12
3378.5               -2.2204460492503e-12
3379.5               -0
3380.5               -2.2204460492503e-12
3381.5               -0
3382.5               -0
3383.5               -2.2204460492503e-12
3384.5               -0
3385.5               -0
3386.5               -0
3387.5               2.2204460492503e-12
3388.5               -0
3389.5               2.2204460492503e-12
3390.5               2.2204460492503e-12
3391.5               2.2204460492503e-12
3392.5               2.2204460492503e-12
3393.5               2.2204460492503e-12
3394.5               -0
3395.5               -0
3396.5               2.2204460492503e-12
3397.5               -0
3398.5               -0
3399.5               -0
3400.5               -0
3401.5               -0
3402.5               -2.2204460492503e-12
3403.5               -2.2204460492503e-12
3404.5               -2.2204460492503e-12
3405.5               -2.2204460492503e-12
3406.5               -2.2204460492503e-12
3407.5               -2.2204460492503e-12
3408.5               -2.2204460492503e-12
3409.5               -0
3410.5               -2.2204460492503e-12
3411.5               -0
3412.5               -0
3413.5               2.2204460492503e-12
3414.5               -0
3415.5               2.2204460492503e-12
3416.5               -0
3417.5               -0
3418.5               -0
3419.5               -0
3420.5               -0
3421.5               2.2204460492503e-12
3422.5               2.2204460492503e-12
3423.5               -0
3424.5               -0
3425.5               -0
3426.5               -0
3427.5               -0
3428.5               -0
3429.5               -0
3430.5               -2.2204460492503e-12
3431.5               -2.2204460492503e-12
3432.5               -4.4408920985006e-12
3433.5               -2.2204460492503e-12
3434.5               -2.2204460492503e-12
3435.5               -2.2204460492503e-12
3436.5               -0
3437.5               -2.2204460492503e-12
3438.5               -0
3439.5               2.2204460492503e-12
3440.5               -0
3441.5               -0
3442.5               2.2204460492503e-12
3443.5               2.2204460492503e-12
3444.5               -0
3445.5               -0
3446.5               -0
3447.5               -0
3448.5               -2.2204460492503e-12
3449.5               -2.2204460492503e-12
3450.5               -2.2204460492503e-12
3451.5               -0
3452.5               -2.2204460492503e-12
3453.5               -0
3454.5               2.2204460492503e-12
3455.5               -0
3456.5               2.2204460492503e-12
3457.5               2.2204460492503e-12
3458.5               2.2204460492503e-12
3459.5               -0
3460.5               -0
3461.5               -0
3462.5               -0
3463.5               -0
3464.5               -0
3465.5               -0
3466.5               -0
3467.5               2.2204460492503e-12
3468.5               2.2204460492503e-12
3469.5               2.2204460492503e-12
3470.5               2.2204460492503e-12
3471.5               -0
3472.5               -0
3473.5               -0
3474.5               -0
3475.5               -0
3476.5               -0
3477.5               -0
3478.5               -2.2204460492503e-12
3479.5               -2.2204460492503e-12
3480.5               -0
3481.5               -0
3482.5               -0
3483.5               -2.2204460492503e-12
3484.5               -0
3485.5               -0
3486.5               -2.2204460492503e-12
3487.5               -0
3488.5               2.2204460492503e-12
3489.5               -0
3490.5               -0
3491.5               -0
3492.5               2.2204460492503e-12
3493.5               -0
3494.5               -0
3495.5               -0
3496.5               -0
3497.5               -0
3498.5               2.2204460492503e-12
3499.5               -2.2204460492503e-12
3500.5               -0
3501.5               -2.2204460492503e-12
3502.5               -2.2204460492503e-12
3503.5               -0
3504.5               -0
3505.5               -0
3506.5               -0
3507.5               2.2204460492503e-12
3508.5               2.2204460492503e-12
3509.5               -0
3510.5               -2.2204460492503e-12
3511.5               -0
3512.5               -2.2204460492503e-12
3513.5               -0
3514.5               -0
3515.5               -0
3516.5               -0
3517.5               2.2204460492503e-12
3518.5               -0
3519.5               2.2204460492503e-12
3520.5               -0
3521.5               2.2204460492503e-12
3522.5               2.2204460492503e-12
3523.5               2.2204460492503e-12
3524.5               -0
3525.5               2.2204460492503e-12
3526.5               -0
3527.5               2.2204460492503e-12
3528.5               -0
3529.5               -0
3530.5               2.2204460492503e-12
3531.5               -0
3532.5               -2.2204460492503e-12
3533.5               -0
3534.5               -2.2204460492503e-12
3535.5               -0
3536.5               -4.4408920985006e-12
3537.5               -2.2204460492503e-12
3538.5               -2.2204460492503e-12
3539.5               -2.2204460492503e-12
3540.5               -2.2204460492503e-12
3541.5               -2.2204460492503e-12
3542.5               -2.2204460492503e-12
3543.5               -2.2204460492503e-12
3544.5               -4.4408920985006e-12
3545.5               -2.2204460492503e-12
3546.5               -4.4408920985006e-12
3547.5               -4.4408920985006e-12
3548.5               -4.4408920985006e-12
3549.5               -6.6613381477509e-12
3550.5               -6.6613381477509e-12
3551.5               -6.6613381477509e-12
3552.5               -8.8817841970013e-12
3553.5               -1.1102230246252e-11
3554.5               -1.3322676295502e-11
3555.5               -1.3322676295502e-11
3556.5               -1.7763568394003e-11
3557.5               -1.9984014443253e-11
3558.5               -2.6645352591004e-11
3559.5               -2.8865798640254e-11
3560.5               -3.5527136788005e-11
3561.5               -4.2188474935756e-11
3562.5               -4.8849813083507e-11
3563.5               -5.5511151231258e-11
3564.5               -6.6613381477509e-11
3565.5               -7.7715611723761e-11
3566.5               -9.3258734068513e-11
3567.5               -1.0658141036402e-10
3568.5               -1.2656542480727e-10
3569.5               -1.4876988529977e-10
3570.5               -1.7763568394003e-10
3571.5               -2.0650148258028e-10
3572.5               -2.4424906541753e-10
3573.5               -2.8643754035329e-10
3574.5               -3.352873534368e-10
3575.5               -3.9745984281581e-10
3576.5               -4.6629367034257e-10
3577.5               -5.4845017416483e-10
3578.5               -6.4614980033184e-10
3579.5               -7.5939254884361e-10
3580.5               -8.9261931179863e-10
3581.5               -1.0480505352461e-09
3582.5               -1.2345680033832e-09
3583.5               -1.4499512701605e-09
3584.5               -1.7053025658242e-09
3585.5               -2.0095036745715e-09
3586.5               -2.3603341503531e-09
3587.5               -2.7799984536614e-09
3588.5               -3.2662761384472e-09
3589.5               -3.8458125573015e-09
3590.5               -4.5230486023229e-09
3591.5               -5.3179682879545e-09
3592.5               -6.2572169667874e-09
3593.5               -7.3585582072155e-09
3594.5               -8.6552986999777e-09
3595.5               -1.0182965581862e-08
3596.5               -1.1979306435705e-08
3597.5               -1.4088730182493e-08
3598.5               -1.6573409311604e-08
3599.5               -1.9495516312418e-08
3600.5               -2.2930546350608e-08
3601.5               -2.6973978606293e-08
3602.5               -3.1727953597738e-08
3603.5               -3.7321257195799e-08
3604.5               -4.3898218393679e-08
3605.5               -5.1638693321365e-08
3606.5               -6.0742522123292e-08
3607.5               -7.1447292526727e-08
3608.5               -8.4041662518075e-08
3609.5               -9.8856478558673e-08
3610.5               -1.1628031870714e-07
3611.5               -1.3677725618777e-07
3612.5               -1.6088463894448e-07
3613.5               -1.8924639633155e-07
3614.5               -2.2260637777549e-07
3615.5               -2.6184610035784e-07
3616.5               -3.0800029193756e-07
3617.5               -3.6229685917988e-07
3618.5               -4.2615688755632e-07
3619.5               -5.0127901829455e-07
3620.5               -5.8964166882447e-07
3621.5               -6.9357852794383e-07
3622.5               -8.1584072830765e-07
3623.5               -9.5965013713339e-07
3624.5               -1.1288103785034e-06
3625.5               -1.3277889898688e-06
3626.5               -1.5618439874743e-06
3627.5               -1.8371526522287e-06
3628.5               -2.1609936062816e-06
3629.5               -2.5419222282608e-06
3630.5               -2.9899926978771e-06
3631.5               -3.5170466539114e-06
3632.5               -4.1370107339844e-06
3633.5               -4.8662540663713e-06
3634.5               -5.7240412409953e-06
3635.5               -6.7330385711273e-06
3636.5               -7.9198914093581e-06
3637.5               -9.3159568947954e-06
3638.5               -1.0958109974979e-05
3639.5               -1.2889733724819e-05
3640.5               -1.5161847333189e-05
3641.5               -1.7834476118139e-05
3642.5               -2.0978214720913e-05
3643.5               -2.4676112264643e-05
3644.5               -2.9025848391484e-05
3645.5               -3.4142326743591e-05
3646.5               -4.0160701431091e-05
3647.5               -4.723995639111e-05
3648.5               -5.5567090928577e-05
3649.5               -6.5362073531361e-05
3650.5               -7.6883650557136e-05
3651.5               -9.0436169664088e-05
3652.5               -0.00010637762892785
3653.5               -0.00012512914038254
3654.5               -0.00014718603225106
3655.5               -0.00017313095179716
3656.5               -0.00020364925523708
3657.5               -0.0002395470999339
3658.5               -0.00028177274291608
3659.5               -0.00033144160527243
3660.5               -0.00038986570416455
3661.5               -0.00045858834285539
3662.5               -0.00053942484701253
3663.5               -0.00063451053300412
3664.5               -0.00074635709834681
3665.5               -0.00087791896863365
3666.5               -0.0010326713328901
3667.5               -0.0012147019146092
3668.5               -0.0014288189587042
3669.5               -0.0016806781899525
3670.5               -0.0019769321979446
3671.5               -0.0023254061143341
3672.5               -0.0027353042364453
3673.5               -0.0032174530795182
3674.5               -0.0037845872413733
3675.5               -0.0044516855757237
3676.5               -0.0052363666513955
3677.5               -0.0061593537536986
3678.5               -0.0072450218513431
3679.5               -0.0085220407552988
3680.5               -0.010024131511521
3681.5               -0.011790955845026
3682.5               -0.01386916200774
3683.5               -0.016313614505936
3684.5               -0.019188839879281
3685.5               -0.022570726336824
3686.5               -0.026548521721015
3687.5               -0.031227181733762
3688.5               -0.036730129571172
3689.5               -0.043202498452022
3690.5               -0.05081494082626
3691.5               -0.059768102254054
3692.5               -0.070297874552594
3693.5               -0.082681561988096
3694.5               -0.097245116521538
3695.5               -0.11437162369177
3696.5               -0.1345112502138
3697.5               -0.15819289791663
3698.5               -0.18603784689208
3699.5               -0.2187757137162
3700.5               -0.25726309889063
3701.5               -0.30250535056453
3702.5               -0.3556819294448
3703.5               -0.41817592121962
3704.5               -0.49160830610129
3705.5               -0.57787765780803
3706.5               -0.67920600163918
3707.5               -0.79819160728078
3708.5               -0.93786951667285
3709.5               -1.1017805980629
3710.5               -1.2940498553871
3711.5               -1.5194745831804
3712.5               -1.7836227082402
3713.5               -2.0929412583226
3714.5               -2.4548742923347
3715.5               -2.8779887516261
3716.5               -3.3721054743174
3717.5               -3.9484309753401
3718.5               -4.6196834579337
3719.5               -5.4002038345002
3720.5               -6.3060392895897
3721.5               -7.3549831991149
3722.5               -8.5665512577271
3723.5               -9.961869904449
3724.5               -11.563450307808
3725.5               -13.39482035025
3726.5               -15.479989653597
3727.5               -17.84273035476
3728.5               -20.50567065023
3729.5               -23.489220062016
3730.5               -26.810374580648
3731.5               -30.481483774707
3732.5               -34.509095284827
3733.5               -38.893016779893
3734.5               -43.625741916016
3735.5               -48.692366765721
3736.5               -54.071073010722
3737.5               -59.73417836219
3738.5               -65.64966670674
3739.5               -71.783030469272
3740.5               -78.099206344051
3741.5               -84.564376873066
3742.5               -91.147446252724
3743.5               -97.821068284716
3744.5               -104.56218804977
3745.5               -111.35213579248
3746.5               -118.17636612254
3747.5               -125.02396137269
3748.5               -131.88701692635
3749.5               -138.76000639291
3750.5               -145.63919539662
3751.5               -152.52214295525
3752.5               -159.40730456111
3753.5               -166.29373362299
3754.5               -173.18086791055
3755.5               -180.06838364596
3756.5               -186.95609997189
3757.5               -193.84391886408
3758.5               -200.73178875543
3759.5               -207.61968330871
3760.5               -126.55922790122
3761.5187209763      -65.762958278122
3762.5755848552      -34.251984632143
3763.6720197814      -17.683219868696
3764.8095073722      -8.9873807308961
3765.9895847196      -4.4776194435928
3767.2138464671      -2.1807413705533
3768.483946965       -1.0362838807449
3769.8016025056      -0.47979238043045
3771.1685936425      -0.21618300160751
3772.5867675969      -0.094696364480295
3774.0580407534      -0.040287098923431
3775.5844012497      -0.016630934649324
3777.1679116635      -0.0066565651884207
3778.8107117992      -0.002583985517974
3780.5150215798      -0.00098067442530064
3782.2831440465      -0.00038823904156947
3784.117468471       -0.00022992395831343
3786.0204735836      -0.00035652834877355
3787.9947309236      -0.00097327521238974
3790                 -4758.2579429988
3792                 -0
3794                 -0
3796                 -0
3798                 -0
