x[nm]                E[kV/cm]            
-8                   -0
-6                   -0
-4                   -0
-2                   -0
0                    -293.22280207895
1.999                -0.00037588760710412
3.997                -0.00021712369639953
5.995                -0.00012541701633407
7.9929999999999      -7.2444543968425e-05
9.9909999999999      -4.1846077265091e-05
11.989               -2.4171522307905e-05
13.987               -1.3962182539036e-05
15.985               -8.0649623338229e-06
17.983               -4.6585536007139e-06
19.981               -2.6909138914452e-06
21.979               -1.5543477971747e-06
23.977               -8.9784258328586e-07
25.975               -5.1861973730098e-07
27.973               -2.9957128980777e-07
29.971               -1.7304809570614e-07
31.969               -9.9948966909599e-08
33.967               -5.7736042617945e-08
35.965               -3.3348921444396e-08
37.963               -1.9266092447349e-08
39.961               -1.1122234264713e-08
41.959               -6.4368486072362e-09
43.957               -3.7074114215711e-09
45.955               -2.1426526441214e-09
47.953               -1.2358038071904e-09
49.951               -7.2014466462173e-10
51.948999999999      -4.1786171897804e-10
53.946999999999      -2.311575466687e-10
55.944999999999      -1.4225079794997e-10
57.942999999999      -8.0016073846859e-11
59.940999999999      -4.4453374359366e-11
61.938999999999      -2.667202461562e-11
63.936999999999      -2.667202461562e-11
65.934999999999      -8.8906748718732e-12
67.932999999999      -8.8906748718732e-12
69.930999999999      -0
71.928999999999      -8.8906748718732e-12
73.926999999999      -0
75.924999999999      -0
77.922999999999      -0
79.920999999999      -0
81.918999999999      -0
83.916999999999      -0
85.914999999999      -0
87.912999999999      -0
89.910999999999      -0
91.908999999999      -0
93.906999999999      -0
95.904999999999      -0
97.902999999999      -0
99.900999999999      -0
101.899              -0
103.897              -0
105.895              -0
107.893              -0
109.891              -0
111.889              -0
113.887              -0
115.885              -0
117.883              -0
119.881              -0
121.879              -0
123.877              -0
125.875              -0
127.873              -0
129.871              -8.8906748718733e-12
131.869              -0
133.867              8.8906748718733e-12
135.865              -0
137.863              -0
139.861              -0
141.859              -0
143.857              -0
145.855              -8.8906748718732e-12
147.853              8.8906748718733e-12
149.851              -8.8906748718733e-12
151.849              -0
153.847              8.8906748718733e-12
155.845              -0
157.843              -0
159.841              -0
161.839              -8.8906748718733e-12
163.837              -0
165.835              8.8906748718733e-12
167.833              -8.8906748718733e-12
169.831              8.8906748718732e-12
171.829              -0
173.827              -0
175.825              -0
177.823              -0
179.821              -0
181.819              -0
183.817              -0
185.815              -0
187.813              -8.8906748718733e-12
189.811              -0
191.809              8.8906748718733e-12
193.807              -8.8906748718733e-12
195.805              -0
197.803              8.8906748718733e-12
199.801              -0
201.799              -0
203.797              -0
205.795              -0
207.793              -0
209.791              -0
211.789              -0
213.787              -0
215.785              -0
217.783              -0
219.781              -8.8906748718733e-12
221.779              -0
223.777              8.8906748718733e-12
225.775              -0
227.773              -0
229.771              -0
231.769              -8.8906748718733e-12
233.767              8.8906748718732e-12
235.765              -0
237.763              -0
239.761              -0
241.759              -8.8906748718732e-12
243.757              8.8906748718733e-12
245.755              -8.8906748718733e-12
247.753              8.8906748718732e-12
249.751              -0
251.749              -0
253.747              -0
255.745              -0
257.743              -0
259.741              -0
261.739              -0
263.737              -0
265.735              -0
267.733              -0
269.731              -0
271.729              -0
273.727              8.8906748718732e-12
275.725              -0
277.723              -0
279.721              -0
281.719              -8.8906748718732e-12
283.717              -0
285.715              -0
287.713              -0
289.711              -0
291.709              -0
293.707              -0
295.705              -0
297.703              -0
299.701              -0
301.699              -0
303.697              -0
305.695              -0
307.693              8.8906748718732e-12
309.691              -8.8906748718732e-12
311.689              -0
313.687              -0
315.685              -0
317.683              -0
319.681              8.8906748718732e-12
321.679              -8.8906748718732e-12
323.677              -0
325.675              -0
327.673              -0
329.671              -0
331.669              -0
333.667              -0
335.665              -0
337.663              -0
339.661              -0
341.659              -0
343.657              -0
345.655              -0
347.653              -0
349.651              -0
351.649              -0
353.647              -0
355.645              -0
357.643              -0
359.641              -0
361.639              -0
363.637              -0
365.635              -0
367.633              -0
369.631              -0
371.629              -0
373.627              -0
375.625              -0
377.623              -0
379.621              -0
381.619              -0
383.617              -0
385.615              -0
387.613              -0
389.611              -0
391.609              -0
393.607              -0
395.605              -0
397.60299999999      -0
399.60099999999      -0
401.59899999999      -0
403.59699999999      -0
405.59499999999      -0
407.59299999999      -0
409.59099999999      -0
411.58899999999      -0
413.58699999999      -0
415.58499999999      -0
417.58299999999      -0
419.58099999999      -0
421.57899999999      -0
423.57699999999      -0
425.57499999999      -0
427.57299999999      -0
429.57099999999      -0
431.56899999999      -0
433.56699999999      -0
435.56499999999      -0
437.56299999999      -0
439.56099999999      -0
441.55899999999      -0
443.55699999999      -0
445.55499999999      -0
447.55299999999      -0
449.55099999999      -0
451.54899999999      -0
453.54699999999      -0
455.54499999999      -0
457.54299999999      -0
459.54099999999      -0
461.53899999999      -0
463.53699999999      -0
465.53499999999      -0
467.53299999999      -0
469.53099999999      -0
471.52899999999      -0
473.52699999999      -0
475.52499999999      -0
477.52299999999      -0
479.52099999999      -0
481.51899999999      -0
483.51699999999      -0
485.51499999999      -0
487.51299999999      -0
489.51099999999      -0
491.50899999999      8.8906748718734e-12
493.50699999999      -0
495.50499999999      -0
497.50299999999      -0
499.50099999999      -0
501.49899999999      -0
503.49699999999      -0
505.49499999999      -0
507.49299999999      -0
509.49099999999      -0
511.48899999999      -0
513.48699999999      -0
515.48499999999      -0
517.48299999999      -0
519.48099999999      -0
521.47899999999      -0
523.47699999999      -0
525.47499999999      -0
527.47299999999      -0
529.47099999999      -0
531.46899999999      -0
533.46699999999      -0
535.46499999999      -0
537.46299999999      -0
539.46099999999      -0
541.45899999999      -0
543.45699999999      -0
545.45499999999      -0
547.45299999999      -0
549.45099999999      -0
551.44899999999      -0
553.44699999999      -0
555.44499999999      -0
557.44299999999      -0
559.44099999999      -0
561.43899999999      -0
563.43699999999      -0
565.43499999999      -0
567.43299999999      -0
569.43099999999      -0
571.42899999999      -0
573.42699999999      -0
575.42499999999      -0
577.42299999999      -0
579.42099999999      -0
581.41899999999      -0
583.41699999999      -0
585.41499999999      -0
587.41299999999      -0
589.41099999999      -0
591.40899999999      -0
593.40699999999      -0
595.40499999999      -0
597.40299999999      -0
599.40099999999      -0
601.39899999999      -0
603.39699999999      -0
605.39499999999      -0
607.39299999999      -0
609.39099999999      -0
611.38899999999      -0
613.38699999999      -0
615.38499999999      -0
617.38299999999      -0
619.38099999999      -0
621.37899999999      -0
623.37699999999      -0
625.37499999999      -0
627.37299999999      -0
629.37099999999      -0
631.369              -0
633.36699999999      -0
635.365              -0
637.363              -0
639.361              -0
641.359              -0
643.357              -0
645.355              -0
647.353              -0
649.351              -0
651.349              -0
653.347              -0
655.345              -0
657.343              -0
659.341              -0
661.339              -0
663.337              -0
665.335              -0
667.333              -0
669.331              -0
671.329              -0
673.327              -0
675.325              -0
677.323              -0
679.321              -0
681.319              -0
683.317              -0
685.315              -0
687.313              -0
689.311              -0
691.309              -0
693.307              -0
695.305              -0
697.303              -0
699.301              -0
701.299              -0
703.297              -0
705.295              -0
707.293              -0
709.291              -0
711.289              -0
713.287              -0
715.285              -0
717.283              -0
719.281              -0
721.279              -0
723.277              -0
725.275              -0
727.273              -0
729.271              -0
731.269              -0
733.267              -0
735.265              -0
737.263              -0
739.261              -0
741.259              -0
743.257              -0
745.255              -0
747.253              -0
749.251              -0
751.249              -0
753.247              -0
755.245              -0
757.243              -0
759.241              -0
761.239              -0
763.237              -0
765.235              -0
767.233              -0
769.231              -0
771.229              -0
773.227              -0
775.225              -0
777.223              -0
779.221              -0
781.219              -0
783.217              -0
785.215              -0
787.213              -0
789.211              -0
791.209              -0
793.207              -0
795.205              -0
797.203              -0
799.201              -0
801.199              -0
803.197              -0
805.195              -0
807.193              -0
809.191              -0
811.189              -0
813.187              -0
815.185              -0
817.183              -0
819.181              -0
821.179              -0
823.177              -0
825.175              -0
827.173              -0
829.171              -0
831.169              -0
833.167              -0
835.165              -0
837.163              -0
839.161              -0
841.159              -0
843.157              -0
845.155              -0
847.153              -0
849.151              -0
851.149              -0
853.147              -0
855.145              -0
857.143              -0
859.141              -0
861.139              -0
863.137              -0
865.135              -0
867.133              -0
869.131              -0
871.129              -0
873.127              -0
875.125              -0
877.123              -0
879.121              -0
881.119              -0
883.117              -0
885.115              -0
887.113              8.8906748718729e-12
889.111              8.8906748718734e-12
891.109              1.7781349743746e-11
893.107              3.5562699487492e-11
895.105              5.3344049231237e-11
897.103              8.8906748718729e-11
899.101              1.5114147282184e-10
901.099              2.7561092102808e-10
903.097              4.7120576820926e-10
905.095              8.0905141334044e-10
907.093              1.4136173046278e-09
909.091              2.4449355897651e-09
911.089              4.2230705641396e-09
913.087              7.3170254195518e-09
915.085              1.2660321017547e-08
917.083              2.193329490891e-08
919.081              3.7954291028025e-08
921.079              6.5710977978013e-08
923.077              1.1376507566049e-07
925.075              1.9694622976174e-07
927.073              3.4094849066145e-07
929.071              5.9026079541851e-07
931.069              1.0218674977485e-06
933.067              1.7690753766801e-06
935.065              3.0626507891879e-06
937.063              5.3020962106397e-06
939.061              9.1790705833667e-06
941.059              1.5890943327089e-05
943.057              2.7510619741558e-05
945.055              4.7626785176106e-05
947.053              8.2452154324454e-05
949.051              0.00014274233669161
951.049              0.00024711755275819
953.047              0.00042781338031708
955.045              0.00074063648774162
957.043              0.0012822000962921
959.041              0.0022197620362884
961.039              0.0038428806438863
963.037              0.0066528407518819
965.035              0.011517465988827
967.033              0.019939121487255
969.031              0.034518652769877
971.029              0.059758469804183
973.027              0.103452576991
975.025              0.17909217205221
977.023              0.31002773350887
979.021              0.53666693299968
981.019              0.92891312641227
983.017              1.6076311896078
985.015              2.7816060487238
987.013              4.8109158199357
989.011              8.3148145253625
991.009              14.353007872346
993.007              24.722973868703
995.005              42.424958343473
997.003              72.316398140157
999.001              121.78383953491
1001                 129.78541091813
1003                 92.365695319172
1005                 68.712211410871
1007                 52.92989764901
1009                 41.884421059351
1011                 33.837314497163
1013                 27.778525650426
1015                 23.093396291065
1017                 19.391305051712
1019                 16.414095327351
1021                 13.985132249266
1023                 11.979821201713
1025                 10.307900995459
1027                 8.9024395801651
1029                 7.7127795853649
1031                 6.6998872070911
1033                 5.8332069185152
1035                 5.0884851819433
1037                 4.4462330485118
1039                 3.8906194167243
1041                 3.4086605051353
1043                 2.9896168615196
1045                 2.6245382601342
1047                 2.3059156363825
1049                 2.0274116143959
1051                 1.7836495156676
1053                 1.5700464256252
1055                 1.3826798374517
1057                 1.218180163729
1059                 1.073643378664
1061                 0.94655947650679
1063                 0.83475346710493
1065                 0.73633639410708
1067                 0.64966442874237
1069                 0.57330451951998
1071                 0.50600540113521
1073                 0.44667301346557
1075                 0.39434957208151
1077                 0.34819567942712
1079                 0.30747498166228
1081                 0.27154096770232
1083                 0.23982557864066
1085                 0.21182935439512
1087                 0.18711289019535
1089                 0.16528941345406
1091                 0.1460183221802
1093                 0.12899955073031
1095                 0.11396864995739
1097                 0.10069248525646
1099                 0.088965470377289
1101                 0.07860626690892
1103                 0.069454889057852
1105                 0.061370161885677
1107                 0.054227488028857
1109                 0.047916884273747
1111                 0.04234125439595
1113                 0.037414868971908
1115                 0.033062026689734
1117                 0.029215875088084
1119                 0.025817371422932
1121                 0.022814366440471
1123                 0.020160796641022
1125                 0.017815971755653
1127                 0.015743946146785
1129                 0.013912964185181
1131                 0.012294970703763
1133                 0.010865178978747
1135                 0.0096016892214834
1137                 0.0084851518611373
1139                 0.0074984701559089
1141                 0.0066265375586738
1143                 0.0058560057869528
1145                 0.0051750800533767
1147                 0.0045733380105162
1149                 0.0040415700297558
1151                 0.0035716379276352
1153                 0.0031563502922438
1155                 0.0027893522691613
1157                 0.0024650281638117
1159                 0.0021784155013194
1161                 0.0019251289717914
1163                 0.0017012932485017
1165                 0.0015034837819172
1167                 0.0013286742017726
1169                 0.0011741901495554
1171                 0.0010376681913726
1173                 0.00091701979343384
1175                 0.00081039924992865
1177                 0.00071617548336178
1179                 0.00063290709562125
1181                 0.00055932026121752
1183                 0.00049428931170326
1185                 0.00043681943395768
1187                 0.00038603148233562
1189                 0.00034114857605516
1191                 0.00030148411767073
1193                 0.00026643136585847
1195                 0.00023545412730641
1197                 0.00020807852330051
1199                 0.00018388583988838
1201                 0.00016250596424072
1203                 0.00014361186906342
1205                 0.00012691455886227
1207                 0.00011215857576019
1209                 9.9118242502527e-05
1211                 8.7594074216213e-05
1213                 7.7409776366721e-05
1215                 6.8409580222806e-05
1217                 6.0455809247628e-05
1219                 5.3426818524827e-05
1221                 4.7215040765991e-05
1223                 4.1725511934487e-05
1225                 3.6874210351812e-05
1227                 3.2586955356351e-05
1229                 2.8798181617162e-05
1231                 2.5449917728793e-05
1233                 2.2490933559993e-05
1235                 1.9875985302065e-05
1237                 1.7565069398984e-05
1239                 1.5522836349646e-05
1241                 1.3718048919031e-05
1243                 1.2123093640071e-05
1245                 1.0713572251575e-05
1247                 9.4679464268665e-06
1249                 8.3671380934902e-06
1251                 7.3943162703927e-06
1253                 6.5346039690439e-06
1255                 5.7748472670482e-06
1257                 5.1034199088917e-06
1259                 4.5100634338269e-06
1261                 3.9857006584043e-06
1263                 3.5222935679258e-06
1265                 3.1127633803862e-06
1267                 2.750857319711e-06
1269                 2.4310153889928e-06
1271                 2.1483792522758e-06
1273                 1.8985879535194e-06
1275                 1.6778400890871e-06
1277                 1.4827694627684e-06
1279                 1.3103740315046e-06
1281                 1.1580159053892e-06
1283                 1.0233769387469e-06
1285                 9.0438767585965e-07
1287                 7.9924511453555e-07
1289                 7.0632388826652e-07
1291                 6.2419402979685e-07
1293                 5.5162985290735e-07
1295                 4.8748560743661e-07
1297                 4.3081094247555e-07
1299                 3.8071767960446e-07
1301                 3.364597489508e-07
1303                 2.9732660777881e-07
1305                 2.6276758546828e-07
1307                 2.322053660464e-07
1309                 2.0521362387171e-07
1311                 1.8134826973437e-07
1313                 1.6026291405069e-07
1315                 1.4163781258958e-07
1317                 1.2516210290414e-07
1319                 1.1062262217365e-07
1321                 9.7744035087999e-08
1323                 8.6393114884231e-08
1325                 7.6347816957423e-08
1327                 6.7474914544619e-08
1329                 5.9632299098666e-08
1331                 5.2686743856611e-08
1333                 4.6576076329075e-08
1335                 4.1149306184707e-08
1337                 3.637090628672e-08
1339                 3.2143177008948e-08
1341                 2.840394586201e-08
1343                 2.5091040356529e-08
1345                 2.2186696924109e-08
1347                 1.9610979506979e-08
1349                 1.7319479184152e-08
1351                 1.531219595563e-08
1353                 1.353583911623e-08
1355                 1.1963763313361e-08
1357                 1.0569323194431e-08
1359                 9.3436369752453e-09
1361                 8.2511775190142e-09
1363                 7.300826609935e-09
1365                 6.4481753270229e-09
1367                 5.7021054544748e-09
1369                 5.0359716396997e-09
1371                 4.4497738826976e-09
1373                 3.9257486150746e-09
1375                 3.4816594052245e-09
1377                 3.0730973321624e-09
1379                 2.7178259642824e-09
1381                 2.3980817331903e-09
1383                 2.1138646388863e-09
1385                 1.8740564655673e-09
1387                 1.6520118606422e-09
1389                 1.4654943925052e-09
1391                 1.2878587085652e-09
1393                 1.1457501614132e-09
1395                 1.0125233984581e-09
1397                 8.8817841970013e-10
1399                 7.9047879353311e-10
1401                 7.016609515631e-10
1403                 6.1284310959309e-10
1405                 5.4178883601708e-10
1407                 4.7961634663807e-10
1409                 4.1744385725906e-10
1411                 3.7303493627405e-10
1413                 3.2862601528905e-10
1415                 2.9309887850104e-10
1417                 2.5757174171304e-10
1419                 2.2204460492503e-10
1421                 1.9539925233403e-10
1423                 1.7763568394003e-10
1425                 1.5099033134902e-10
1427                 1.3322676295502e-10
1429                 1.1546319456102e-10
1431                 1.0658141036402e-10
1433                 8.8817841970013e-11
1435                 7.9936057773011e-11
1437                 7.105427357601e-11
1439                 6.2172489379009e-11
1441                 5.3290705182008e-11
1443                 5.3290705182008e-11
1445                 5.3290705182008e-11
1447                 4.4408920985006e-11
1449                 4.4408920985006e-11
1451                 3.5527136788005e-11
1453                 2.6645352591004e-11
1455                 3.5527136788005e-11
1457                 2.6645352591004e-11
1459                 1.7763568394003e-11
1461                 2.6645352591004e-11
1463                 1.7763568394003e-11
1465                 1.7763568394003e-11
1467                 8.8817841970013e-12
1469                 1.7763568394003e-11
1471                 8.8817841970013e-12
1473                 8.8817841970013e-12
1475                 8.8817841970013e-12
1477                 -0
1479                 -0
1481                 8.8817841970013e-12
1483                 -0
1485                 8.8817841970013e-12
1487                 8.8817841970013e-12
1489                 8.8817841970013e-12
1491                 8.8817841970013e-12
1493                 8.8817841970013e-12
1495                 8.8817841970013e-12
1497                 8.8817841970013e-12
1499                 8.8817841970013e-12
1501                 8.8817841970013e-12
1503                 -0
1505                 -0
1507                 -0
1509                 -8.8817841970013e-12
1511                 8.8817841970013e-12
1513                 -0
1515                 -0
1517                 1.7763568394003e-11
1519                 8.8817841970013e-12
1521                 1.7763568394003e-11
1523                 1.7763568394003e-11
1525                 8.8817841970013e-12
1527                 1.7763568394003e-11
1529                 1.7763568394003e-11
1531                 2.6645352591004e-11
1533                 2.6645352591004e-11
1535                 1.7763568394003e-11
1537                 2.6645352591004e-11
1539                 2.6645352591004e-11
1541                 3.5527136788005e-11
1543                 3.5527136788005e-11
1545                 4.4408920985006e-11
1547                 4.4408920985006e-11
1549                 5.3290705182008e-11
1551                 5.3290705182008e-11
1553                 6.2172489379009e-11
1555                 7.105427357601e-11
1557                 7.9936057773011e-11
1559                 8.8817841970013e-11
1561                 9.7699626167014e-11
1563                 1.1546319456102e-10
1565                 1.3322676295502e-10
1567                 1.5099033134902e-10
1569                 1.6875389974302e-10
1571                 1.9539925233403e-10
1573                 2.1316282072803e-10
1575                 2.4868995751604e-10
1577                 2.8421709430404e-10
1579                 3.1974423109205e-10
1581                 3.6415315207705e-10
1583                 4.0856207306206e-10
1585                 4.7073456244107e-10
1587                 5.3290705182008e-10
1589                 6.0396132539609e-10
1591                 6.838973831691e-10
1593                 7.6383344094211e-10
1595                 8.7041485130612e-10
1597                 9.8587804586714e-10
1599                 1.1191048088222e-09
1601                 1.2612133559742e-09
1603                 1.4299672557172e-09
1605                 1.6253665080512e-09
1607                 1.8296475445823e-09
1609                 2.0694557179013e-09
1611                 2.3359092438113e-09
1613                 2.6556534749034e-09
1615                 2.9931612743894e-09
1617                 3.3839597790575e-09
1619                 3.8369307731045e-09
1621                 4.3343106881366e-09
1623                 4.9116266609417e-09
1625                 5.5511151231258e-09
1627                 6.2883032114769e-09
1629                 7.105427357601e-09
1631                 8.0380146982861e-09
1633                 9.0949470177293e-09
1635                 1.0293987884324e-08
1637                 1.1652900866466e-08
1639                 1.318056774835e-08
1641                 1.4912515666765e-08
1643                 1.6884271758499e-08
1645                 1.9095836023553e-08
1647                 2.1618262735501e-08
1649                 2.4451551894344e-08
1651                 2.7675639557856e-08
1653                 3.1326052862823e-08
1655                 3.5438318946035e-08
1657                 4.0110137433658e-08
1659                 4.5377035462479e-08
1661                 5.1363358011258e-08
1663                 5.8104632216782e-08
1665                 6.5760730194597e-08
1667                 7.4402706218279e-08
1669                 8.4190432403375e-08
1671                 9.5274899081232e-08
1673                 1.07798214799e-07
1675                 1.2199130594581e-07
1677                 1.380318082056e-07
1679                 1.5620393867266e-07
1681                 1.7673862373613e-07
1683                 2.0000889833227e-07
1685                 2.2630786133959e-07
1687                 2.5608848375214e-07
1689                 2.8977709121136e-07
1691                 3.2789770898489e-07
1693                 3.7103653482973e-07
1695                 4.1985970256064e-07
1697                 4.7509551848179e-07
1699                 5.3760551566029e-07
1701                 6.0832228143681e-07
1703                 6.8836492062019e-07
1705                 7.7893247407701e-07
1707                 8.8139273657362e-07
1709                 9.9736219283386e-07
1711                 1.1285816725604e-06
1713                 1.2770584589816e-06
1715                 1.4450662888521e-06
1717                 1.6351808795889e-06
1719                 1.8503154564087e-06
1721                 2.0937473976801e-06
1723                 2.3692159345501e-06
1725                 2.6809043873754e-06
1727                 3.0336089196226e-06
1729                 3.4327296560832e-06
1731                 3.8843595007165e-06
1733                 4.3953995998436e-06
1735                 4.9736659235577e-06
1737                 5.6280224924876e-06
1739                 6.3684613138548e-06
1741                 7.2063066625105e-06
1743                 8.1543927166194e-06
1745                 9.227214547991e-06
1747                 1.0441167930253e-05
1749                 1.181484243773e-05
1751                 1.3369243490047e-05
1753                 1.51281476235e-05
1755                 1.7118439998853e-05
1757                 1.9370602899471e-05
1759                 2.1919062120901e-05
1761                 2.4802799813983e-05
1763                 2.8065931800825e-05
1765                 3.1758373708612e-05
1767                 3.5936613684839e-05
1769                 4.066452952145e-05
1771                 4.6014489996082e-05
1773                 5.2068287459406e-05
1775                 5.8918550038811e-05
1777                 6.6670047260686e-05
1779                 7.5441368707629e-05
1781                 8.5366655966368e-05
1783                 9.6597734255965e-05
1785                 0.00010930642169171
1787                 0.00012368706947541
1789                 0.00013995969716518
1791                 0.0001583731901178
1793                 0.00017920918971015
1795                 0.00020278641876814
1797                 0.00022946553102088
1799                 0.00025965458227972
1801                 0.00029381536315043
1803                 0.00033247038899731
1805                 0.00037621092907614
1807                 0.00042570603042691
1809                 0.00048171273192565
1811                 0.00054508773494888
1813                 0.00061680035301492
1815                 0.00069794747759033
1817                 0.00078977027584415
1819                 0.00089367317102074
1821                 0.0010112453718847
1823                 0.0011442851022281
1825                 0.0012948271521651
1827                 0.0014651739466132
1829                 0.001657930770449
1831                 0.0018760455855471
1833                 0.0021228540969531
1835                 0.0024021306987976
1837                 0.0027181462503023
1839                 0.0030757332059039
1841                 0.003480359564989
1843                 0.0039382123251386
1845                 0.0044562920198388
1847                 0.0050425195929904
1849                 0.0057058573244007
1851                 0.006456445680314
1853                 0.0073057579275115
1855                 0.0082667752554499
1857                 0.0093541846624134
1859                 0.010584602785357
1861                 0.01197682909293
1863                 0.013552132100969
1865                 0.01533457298919
1867                 0.017351371557339
1869                 0.019633319752188
1871                 0.022215249151358
1873                 0.025136559234085
1875                 0.028441814201585
1877                 0.032181417299881
1879                 0.036412372157457
1881                 0.041199142710724
1883                 0.046614623601116
1885                 0.05274123524579
1887                 0.059672159213875
1889                 0.067512730801411
1891                 0.076382008691311
1893                 0.086414542712632
1895                 0.097762363919784
1897                 0.11059722283768
1899                 0.12511310536034
1901                 0.14152905779774
1903                 0.16009235577208
1905                 0.18108205468437
1907                 0.20481296222563
1909                 0.23164007616039
1911                 0.2619635329637
1913                 0.29623411479385
1915                 0.3349593632862
1917                 0.37871034850312
1919                 0.42812913934931
1921                 0.48393701798766
1923                 0.54694347322304
1925                 0.61805599723463
1927                 0.69829069341942
1929                 0.78878368093172
1931                 0.89080325067492
1933                 1.0057626873117
1935                 1.1352336192783
1937                 1.2809596924601
1939                 1.4448702804071
1941                 1.6290938423147
1943                 1.8359704186022
1945                 2.0680626111069
1947                 2.3281642316064
1949                 2.6193056223978
1951                 2.9447544600547
1953                 3.3080106618932
1955                 3.7127938384707
1957                 4.1630215992772
1959                 4.6627769552021
1961                 5.2162631092223
1963                 5.8277441355514
1965                 6.5014704661426
1967                 7.2415887832644
1969                 8.0520368925896
1971                 8.9364254339763
1973                 9.8979098458951
1975                 10.939057742858
1977                 12.061718631804
1979                 13.266904447971
1981                 14.554690440427
1983                 15.924146166437
1985                 17.37330548929
1987                 18.899182358192
1989                 20.49783581298
1991                 22.164483377312
1993                 23.893657291039
1995                 25.679393571929
1997                 27.515440409198
1999                 29.395470485447
2001                 25.769116600189
2003                 21.676398329147
2005                 18.374631667193
2007                 15.675362850676
2009                 13.443789571737
2011                 11.581317806035
2013                 10.014364274271
2015                 8.6870012712836
2017                 7.5560178779899
2019                 6.5875340658472
2021                 5.7546338266778
2023                 5.0356803966878
2025                 4.4130966589595
2027                 3.8724683952207
2029                 3.4018753020515
2031                 2.9913851644014
2033                 2.6326665836329
2035                 2.3186890061666
2037                 2.0434878443609
2039                 1.8019787010193
2041                 1.5898090456457
2043                 1.4032387509744
2045                 1.2390430877129
2047                 1.094433356057
2049                 0.96699148918411
2051                 0.85461581607049
2053                 0.7554758071926
2055                 0.6679741040827
2057                 0.59071449640236
2059                 0.52247478698142
2061                 0.46218369931239
2063                 0.40890114687997
2065                 0.36180131437469
2067                 0.32015810200292
2069                 0.28333256553381
2071                 0.25076204907215
2073                 0.22195075942477
2075                 0.19646157277009
2077                 0.17390889833102
2079                 0.15395245157812
2081                 0.13629181237818
2083                 0.12066166211966
2085                 0.10682760993141
2087                 0.094582530847376
2089                 0.083743349668097
2091                 0.074148213897729
2093                 0.065654006524696
2095                 0.058134156235568
2097                 0.051476708193832
2099                 0.0455826234802
2101                 0.040364279243477
2103                 0.035744145376881
2105                 0.031653616359151
2107                 0.028031979741883
2109                 0.024825505118287
2111                 0.021986639140437
2113                 0.019473294141648
2115                 0.017248219368327
2117                 0.015278445095745
2119                 0.01353479119004
2121                 0.011991432495861
2123                 0.010625514477169
2125                 0.0094168134712191
2127                 0.0083474360579316
2129                 0.0074015532991467
2131                 0.0065651657532584
2133                 0.0058258958279822
2135                 0.0051728039984766
2137                 0.0045962268302446
2139                 0.0040876334939099
2141                 0.0036394995817091
2143                 0.0032451954101731
2145                 0.0028988879741121
2147                 0.002595454473564
2149                 0.0023304064988849
2151                 0.0020998235417125
2153                 0.0019002950057967
2155                 0.0017288696607665
2157                 0.0015830120325688
2159                 0.0014605648157584
2161                 0.0013597169612467
2163                 0.00127897693325
2165                 0.0012171505492375
2167                 0.0011733233495903
2169                 0.001146847123934
2171                 0.0011373301589401
2173                 0.0011446316339203
2175                 0.0011688593737347
2177                 0.0012103715274492
2179                 0.0012697817997065
2181                 0.0013479685545548
2183                 0.0014460877739708
2185                 0.0015655901641765
2187                 0.0017082425696202
2189                 0.0018761540676593
2191                 0.0020718071702674
2193                 0.0022980945058038
2195                 0.0025583614871039
2197                 0.0028564558274269
2199                 0.0031967843305836
2201                 0.0035843779766509
2203                 0.0040249662092151
2205                 0.0045250616054204
2207                 0.0050920558969381
2209                 0.0057343291715028
2211                 0.0064613735339947
2213                 0.0072839330389485
2215                 0.0082141622748111
2217                 0.009265805447356
2219                 0.010454398999826
2221                 0.011797500469868
2223                 0.01331494694945
2225                 0.01502914707352
2227                 0.016965410480907
2229                 0.019152319845617
2231                 0.02162215047008
2233                 0.024411343888531
2235                 0.027561041822111
2237                 0.031117688470417
2239                 0.035133709488377
2241                 0.039668277205251
2243                 0.044788172939292
2245                 0.050568758300784
2247                 0.057095068948243
2249                 0.064463045754692
2251                 0.072780919975202
2253                 0.082170771067425
2255                 0.092770277486665
2257                 0.10473468345928
2259                 0.11823900645247
2261                 0.13348051312256
2263                 0.15068149362918
2265                 0.17009236723986
2267                 0.19199515453927
2269                 0.21670735431911
2271                 0.24458626579182
2273                 0.27603379850305
2275                 0.31150181456496
2277                 0.3514980478414
2279                 0.39659264538194
2281                 0.44742537364861
2283                 0.50471352883719
2285                 0.56926058365825
2287                 0.64196559249829
2289                 0.72383336234161
2291                 0.81598537581051
2293                 0.91967142472171
2295                 1.036281875626
2297                 1.1673604410767
2299                 1.31461726947
2301                 1.4799420909561
2303                 1.6654170639718
2305                 1.8733288558259
2307                 2.106179359096
2309                 2.3666942951994
2311                 2.6578287877754
2313                 2.9827688072182
2315                 3.3449272028285
2317                 3.7479328633694
2319                 4.1956114019026
2321                 4.691955674172
2323                 5.2410844468476
2325                 5.8471876789223
2327                 6.5144572128428
2329                 7.2470022455473
2331                 8.0487498035176
2333                 8.9233316056525
2335                 9.8739601526443
2337                 10.903298564857
2339                 12.013330474945
2341                 13.205237953251
2343                 14.479296727181
2345                 15.834798525143
2347                 17.270009922248
2349                 18.782175361887
2351                 20.367569024584
2353                 22.021596100785
2355                 23.738939251823
2357                 25.513741287746
2359                 27.339811124527
2361                 29.210837609632
2363                 31.120595279734
2365                 33.06312762418
2367                 35.032896667069
2369                 37.024892033326
2371                 39.034697356293
2373                 41.058516180925
2375                 43.093162854966
2377                 45.136025989372
2379                 47.185012877744
2381                 49.238482977483
2383                 51.295177480499
2385                 53.354150479477
2387                 55.414705581001
2389                 57.476340262239
2391                 59.538698965653
2393                 61.601534941342
2395                 63.664680184834
2397                 65.728022439622
2399                 67.791488080511
2401                 69.855029699495
2403                 71.918617321183
2405                 73.982232331726
2407                 76.045863377781
2409                 78.109503656529
2411                 80.17314916323
2413                 82.236797581317
2415                 84.300447594075
2417                 86.364098465879
2419                 88.42774979291
2421                 90.491401357173
2423                 92.555053043073
2425                 94.618704790337
2427                 96.682356568003
2429                 98.746008360537
2431                 100.80966016019
2433                 102.87331196323
2435                 104.93696376781
2437                 107.0006155731
2439                 109.06426737873
2441                 111.1279191845
2443                 113.19157099032
2445                 115.25522279617
2447                 117.31887460204
2449                 119.3825264079
2451                 121.44617821377
2453                 123.50983001965
2455                 125.57348182551
2457                 127.6371336314
2459                 129.70078543726
2461                 131.76443724315
2463                 133.82808904901
2465                 135.8917408549
2467                 137.95539266077
2469                 140.01904446664
2471                 142.08269627252
2473                 144.14634807839
2475                 146.20999988426
2477                 148.27365169014
2479                 150.33730349601
2481                 152.40095530189
2483                 154.46460710776
2485                 156.52825891364
2487                 158.59191071951
2489                 160.65556252538
2491                 162.71921433126
2493                 164.78286613713
2495                 166.846517943
2497                 168.91016974887
2499                 170.97382155475
2501                 173.03747336061
2503                 175.10112516649
2505                 177.16477697236
2507                 179.22842877823
2509                 181.29208058411
2511                 183.35573238998
2513                 185.41938419585
2515                 187.48303600173
2517                 189.5466878076
2519                 191.61033961347
2521                 193.67399141934
2523                 195.73764322522
2525                 197.80129503109
2527                 199.86494683697
2529                 201.92859864284
2531                 203.99225044871
2533                 206.05590225458
2535                 208.11955406046
2537                 210.18320586633
2539                 212.2468576722
2541                 214.31050947808
2543                 216.37416128396
2545                 218.43781308983
2547                 220.5014648957
2549                 222.56511670158
2551                 239.5117674628
2553                 239.65526570371
2555                 239.79876394463
2557                 239.94226218555
2559                 240.08576042647
2561                 240.22925866739
2563                 240.3727569083
2565                 240.51625514923
2567                 240.65975339014
2569                 240.80325163106
2571                 240.94674987198
2573                 241.0902481129
2575                 241.23374635381
2577                 241.37724459473
2579                 241.52074283565
2581                 241.66424107657
2583                 241.80773931749
2585                 241.95123755841
2587                 242.09473579933
2589                 242.23823404025
2591                 242.38173228116
2593                 242.52523052207
2595                 242.668728763
2597                 242.81222700391
2599                 242.95572524483
2601                 243.09922348574
2603                 243.24272172666
2605                 243.38621996757
2607                 243.5297182085
2609                 243.67321644941
2611                 243.81671469033
2613                 243.96021293125
2615                 244.10371117217
2617                 244.24720941308
2619                 244.390707654
2621                 244.53420589492
2623                 244.67770413583
2625                 244.82120237675
2627                 244.96470061767
2629                 245.10819885859
2631                 245.25169709951
2633                 245.39519534042
2635                 245.53869358134
2637                 245.68219182226
2639                 245.82569006318
2641                 245.96918830409
2643                 246.11268654501
2645                 246.25618478593
2647                 246.39968302685
2649                 246.54318126776
2651                 246.68667950869
2653                 246.8301777496
2655                 246.97367599052
2657                 247.11717423143
2659                 247.26067247236
2661                 247.40417071327
2663                 247.54766895419
2665                 247.69116719511
2667                 247.83466543602
2669                 247.97816367694
2671                 248.12166191786
2673                 248.26516015878
2675                 248.40865839969
2677                 248.55215664061
2679                 248.69565488153
2681                 248.83915312245
2683                 248.98265136337
2685                 249.12614960429
2687                 249.2696478452
2689                 249.41314608612
2691                 249.55664432704
2693                 249.70014256796
2695                 249.84364080888
2697                 249.98713904979
2699                 250.13063729071
2701                 250.27413553163
2703                 250.41763377255
2705                 250.56113201346
2707                 250.70463025438
2709                 250.8481284953
2711                 250.99162673621
2713                 251.13512497713
2715                 251.27862321805
2717                 251.42212145897
2719                 251.56561969988
2721                 251.7091179408
2723                 251.85261618172
2725                 251.99611442263
2727                 252.13961266355
2729                 252.28311090447
2731                 252.42660914538
2733                 252.5701073863
2735                 252.71360562722
2737                 252.85710386814
2739                 253.00060210905
2740.9774419792      236.39275244287
2742.8832025866      236.5204416091
2744.6931852871      236.64171349457
2746.4122035958      236.75689061328
2748.0448291145      236.86627927187
2749.5954036903      236.97017038774
2751.0680509614      237.06884027443
2752.4666873243      237.16255141378
2753.795032349       237.25155326368
2755.0566186707      237.33608322325
2756.2548013851      237.41636804187
2757.3927669703      237.49262630543
2758.4735417618      237.5650733148
2759.5               237.63393092075
2760.5               251.0636302258
2761.5               244.17571474664
2762.5               237.28779940091
2763.5               230.39988438351
2764.5               223.51197015225
2765.5               216.62405775228
2766.5               209.73614950231
2767.5               202.84825040096
2768.5               195.9603709173
2769.5               189.07253234961
2770.5               182.18477677746
2771.5               175.29718492246
2772.5               168.40990709451
2773.5               161.52321489775
2774.5               154.63758442391
2775.5               147.75382492207
2776.5               140.87326966279
2777.5               133.99804666891
2778.5               127.13144445371
2779.5               120.27837993058
2780.5               113.4459605741
2781.5               106.64411019346
2782.5               99.886198957468
2783.5               93.189588201639
2784.5               86.575976765526
2785.5               80.071427774056
2786.5               73.705971722713
2787.5               67.512727729597
2788.5               61.52655615054
2789.5               55.782339427048
2790.5               50.313064203438
2791.5               45.14792567051
2792.5               40.310680544928
2793.5               35.818435863721
2794.5               31.680987541656
2795.5               27.900734810693
2796.5               24.473115273314
2797.5               21.387446343033
2798.5               18.628029582002
2799.5               16.175373495009
2800.5               14.007410430494
2801.5               12.100614867372
2802.5               10.430964819323
2803.5               8.9747191366074
2804.5               7.7090077760267
2805.5               6.6122487030751
2806.5               5.664414645723
2807.5               4.8471768985081
2808.5               4.1439534410515
2809.5               3.5398862922964
2810.5               3.0217694534707
2811.5               2.5779448328977
2812.5               2.1981797193305
2813.5               1.8735359655309
2814.5               1.5962381818868
2815.5               1.3595459381333
2816.5               1.1576331862284
2817.5               0.98547677890082
2818.5               0.83875498633867
2819.5               0.71375623229564
2820.5               0.60729781320212
2821.5               0.51665407316603
2822.5               0.43949333874194
2823.5               0.37382283495146
2824.5               0.31794078053871
2825.5               0.2703948765781
2826.5               0.22994644294005
2827.5               0.19553951200013
2828.5               0.1662742503683
2829.5               0.14138414297982
2830.5               0.1202164362013
2831.5               0.10221539543664
2832.5               0.086907987435492
2833.5               0.073891647141
2834.5               0.062823833495429
2835.5               0.053413118330514
2836.5               0.045411587454858
2837.5               0.038608363708281
2838.5               0.032824088445071
2839.5               0.027906221244933
2840.5               0.023725037623379
2841.5               0.020170221903815
2842.5               0.017147967366071
2843.5               0.0145785085226
2844.5               0.012394021489115
2845.5               0.010536837733444
2846.5               0.0089579245843296
2847.5               0.0076155928030452
2848.5               0.0064743973560155
2849.5               0.0055042025759455
2850.5               0.0046793871599782
2851.5               0.0039781681149265
2852.5               0.003382025917098
2853.5               0.0028752156921996
2854.5               0.002444351578923
2855.5               0.0020780533716014
2856.5               0.0017666460139232
2857.5               0.0015019041632591
2858.5               0.0012768349733072
2859.5               0.0010854934462401
2860.5               0.00092282541164224
2861.5               0.00078453405993884
2862.5               0.00066696645095732
2863.5               0.00056701705108964
2864.5               0.00048204567892896
2865.5               0.00040980781212951
2866.5               0.00034839525264729
2867.5               0.00029618577368495
2868.5               0.00025180023843774
2869.5               0.00021406617811692
2870.5               0.00018198682782966
2871.5               0.00015471479208884
2872.5               0.0001315296627169
2873.5               0.0001118189896232
2874.5               9.5062100413656e-05
2875.5               8.0816355829683e-05
2876.5               6.8705432454408e-05
2877.5               5.8409423964179e-05
2878.5               4.9656341261084e-05
2879.5               4.2214975959354e-05
2880.5               3.5888754190694e-05
2881.5               3.0510558524099e-05
2882.5               2.5938327041786e-05
2883.5               2.205128080135e-05
2884.5               1.8746733054797e-05
2885.5               1.5937395847487e-05
2886.5               1.3549061872453e-05
2887.5               1.151863493476e-05
2888.5               9.7924823805329e-06
2889.5               8.3250073501517e-06
2890.5               7.0774430760423e-06
2891.5               6.0168359183876e-06
2892.5               5.1151682889383e-06
2893.5               4.348621462924e-06
2894.5               3.6969494132677e-06
2895.5               3.1429325808574e-06
2896.5               2.6719426671207e-06
2897.5               2.2715318515054e-06
2898.5               1.931124149479e-06
2899.5               1.6417334158803e-06
2900.5               1.3957079936233e-06
2901.5               1.1865486371221e-06
2902.5               1.0087375379442e-06
2903.5               8.5756957091121e-07
2904.5               7.290590353648e-07
2905.5               6.1980198751144e-07
2906.5               5.269207292713e-07
2907.5               4.4795500642181e-07
2908.5               3.8082870190692e-07
2909.5               3.2375879754909e-07
2910.5               2.7523983092692e-07
2911.5               2.3399282511605e-07
2912.5               1.9892754110629e-07
2913.5               1.6911583244905e-07
2914.5               1.4377166124291e-07
2915.5               1.2222667322703e-07
2916.5               1.0391021376677e-07
2917.5               8.8338225623374e-08
2918.5               7.5099926277744e-08
2919.5               6.3846705700144e-08
2920.5               5.4278803673924e-08
2921.5               4.614530979552e-08
2922.5               3.9228620352105e-08
2923.5               3.335109965974e-08
2924.5               2.8355096048926e-08
2925.5               2.4105162310661e-08
2926.5               2.0492496588531e-08
2927.5               1.7421619702418e-08
2928.5               1.4812595594549e-08
2929.5               1.2592149545299e-08
2930.5               1.0704770403436e-08
2931.5               9.0993879098278e-09
2932.5               7.7382544816373e-09
2933.5               6.5769611978794e-09
2934.5               5.5910831520123e-09
2935.5               4.7517545453957e-09
2936.5               4.0412118096356e-09
2937.5               3.4350300381902e-09
2938.5               2.9198865547642e-09
2939.5               2.4824586830619e-09
2940.5               2.1094237467878e-09
2941.5               1.7963408538435e-09
2942.5               1.525446435835e-09
2943.5               1.2989609388114e-09
2944.5               1.1035616864774e-09
2945.5               9.3702823278363e-10
2946.5               7.9714013168086e-10
2947.5               6.7723604502135e-10
2948.5               5.7509552675583e-10
2949.5               4.9071857688432e-10
2950.5               4.1522341120981e-10
2951.5               3.530509218308e-10
2952.5               2.9976021664879e-10
2953.5               2.5535129566379e-10
2954.5               2.1760371282653e-10
2955.5               1.8207657603853e-10
2956.5               1.5765166949677e-10
2957.5               1.3322676295502e-10
2958.5               1.1102230246252e-10
2959.5               9.7699626167014e-11
2960.5               7.9936057773011e-11
2961.5               7.105427357601e-11
2962.5               5.9952043329758e-11
2963.5               5.1070259132757e-11
2964.5               4.2188474935756e-11
2965.5               3.5527136788005e-11
2966.5               3.1086244689504e-11
2967.5               2.6645352591004e-11
2968.5               2.2204460492503e-11
2969.5               1.7763568394003e-11
2970.5               1.5543122344752e-11
2971.5               1.5543122344752e-11
2972.5               1.3322676295502e-11
2973.5               1.1102230246252e-11
2974.5               8.8817841970013e-12
2975.5               8.8817841970013e-12
2976.5               4.4408920985006e-12
2977.5               6.6613381477509e-12
2978.5               4.4408920985006e-12
2979.5               2.2204460492503e-12
2980.5               2.2204460492503e-12
2981.5               2.2204460492503e-12
2982.5               -0
2983.5               2.2204460492503e-12
2984.5               -0
2985.5               -0
2986.5               -0
2987.5               2.2204460492503e-12
2988.5               -0
2989.5               -0
2990.5               -0
2991.5               -0
2992.5               2.2204460492503e-12
2993.5               -0
2994.5               -0
2995.5               2.2204460492503e-12
2996.5               -0
2997.5               -0
2998.5               -0
2999.5               -2.2204460492503e-12
3000.5               -0
3001.5               -2.2204460492503e-12
3002.5               -0
3003.5               -2.2204460492503e-12
3004.5               -0
3005.5               -0
3006.5               -0
3007.5               -0
3008.5               -0
3009.5               2.2204460492503e-12
3010.5               -0
3011.5               -0
3012.5               -2.2204460492503e-12
3013.5               -0
3014.5               -2.2204460492503e-12
3015.5               -0
3016.5               -2.2204460492503e-12
3017.5               -0
3018.5               -0
3019.5               -0
3020.5               -0
3021.5               -0
3022.5               -0
3023.5               2.2204460492503e-12
3024.5               -0
3025.5               -2.2204460492503e-12
3026.5               -0
3027.5               2.2204460492503e-12
3028.5               -0
3029.5               -0
3030.5               2.2204460492503e-12
3031.5               2.2204460492503e-12
3032.5               -0
3033.5               -0
3034.5               -0
3035.5               -0
3036.5               -0
3037.5               -0
3038.5               -0
3039.5               2.2204460492503e-12
3040.5               2.2204460492503e-12
3041.5               2.2204460492503e-12
3042.5               -0
3043.5               2.2204460492503e-12
3044.5               -2.2204460492503e-12
3045.5               -0
3046.5               2.2204460492503e-12
3047.5               -0
3048.5               -0
3049.5               2.2204460492503e-12
3050.5               2.2204460492503e-12
3051.5               2.2204460492503e-12
3052.5               2.2204460492503e-12
3053.5               2.2204460492503e-12
3054.5               2.2204460492503e-12
3055.5               2.2204460492503e-12
3056.5               2.2204460492503e-12
3057.5               -0
3058.5               -0
3059.5               -0
3060.5               -0
3061.5               -0
3062.5               -2.2204460492503e-12
3063.5               -0
3064.5               -2.2204460492503e-12
3065.5               -0
3066.5               -0
3067.5               -0
3068.5               -2.2204460492503e-12
3069.5               -0
3070.5               -0
3071.5               2.2204460492503e-12
3072.5               -0
3073.5               -2.2204460492503e-12
3074.5               -0
3075.5               -2.2204460492503e-12
3076.5               -2.2204460492503e-12
3077.5               -2.2204460492503e-12
3078.5               -2.2204460492503e-12
3079.5               -2.2204460492503e-12
3080.5               -0
3081.5               -0
3082.5               -0
3083.5               -0
3084.5               -0
3085.5               -0
3086.5               -0
3087.5               -2.2204460492503e-12
3088.5               -0
3089.5               -2.2204460492503e-12
3090.5               -0
3091.5               -0
3092.5               -2.2204460492503e-12
3093.5               -0
3094.5               -0
3095.5               -2.2204460492503e-12
3096.5               -0
3097.5               -0
3098.5               -0
3099.5               2.2204460492503e-12
3100.5               -0
3101.5               -0
3102.5               2.2204460492503e-12
3103.5               -0
3104.5               -0
3105.5               2.2204460492503e-12
3106.5               2.2204460492503e-12
3107.5               -0
3108.5               2.2204460492503e-12
3109.5               2.2204460492503e-12
3110.5               2.2204460492503e-12
3111.5               -0
3112.5               4.4408920985006e-12
3113.5               2.2204460492503e-12
3114.5               2.2204460492503e-12
3115.5               2.2204460492503e-12
3116.5               -0
3117.5               2.2204460492503e-12
3118.5               -0
3119.5               -0
3120.5               -0
3121.5               -0
3122.5               -2.2204460492503e-12
3123.5               -2.2204460492503e-12
3124.5               -0
3125.5               -2.2204460492503e-12
3126.5               -0
3127.5               -2.2204460492503e-12
3128.5               -0
3129.5               -0
3130.5               -2.2204460492503e-12
3131.5               -0
3132.5               -2.2204460492503e-12
3133.5               -2.2204460492503e-12
3134.5               -2.2204460492503e-12
3135.5               -0
3136.5               -0
3137.5               -2.2204460492503e-12
3138.5               -0
3139.5               -0
3140.5               -0
3141.5               -0
3142.5               -0
3143.5               -0
3144.5               -0
3145.5               2.2204460492503e-12
3146.5               -0
3147.5               2.2204460492503e-12
3148.5               -0
3149.5               -0
3150.5               -0
3151.5               -2.2204460492503e-12
3152.5               -0
3153.5               -2.2204460492503e-12
3154.5               -0
3155.5               -2.2204460492503e-12
3156.5               -0
3157.5               -0
3158.5               -0
3159.5               2.2204460492503e-12
3160.5               -0
3161.5               2.2204460492503e-12
3162.5               2.2204460492503e-12
3163.5               2.2204460492503e-12
3164.5               2.2204460492503e-12
3165.5               2.2204460492503e-12
3166.5               -0
3167.5               2.2204460492503e-12
3168.5               -0
3169.5               -0
3170.5               -0
3171.5               -2.2204460492503e-12
3172.5               -0
3173.5               -2.2204460492503e-12
3174.5               -0
3175.5               -2.2204460492503e-12
3176.5               -2.2204460492503e-12
3177.5               -0
3178.5               -2.2204460492503e-12
3179.5               -0
3180.5               -2.2204460492503e-12
3181.5               -0
3182.5               -0
3183.5               -0
3184.5               -0
3185.5               -0
3186.5               -2.2204460492503e-12
3187.5               -2.2204460492503e-12
3188.5               -0
3189.5               -2.2204460492503e-12
3190.5               -0
3191.5               -0
3192.5               -0
3193.5               2.2204460492503e-12
3194.5               2.2204460492503e-12
3195.5               2.2204460492503e-12
3196.5               2.2204460492503e-12
3197.5               2.2204460492503e-12
3198.5               2.2204460492503e-12
3199.5               2.2204460492503e-12
3200.5               2.2204460492503e-12
3201.5               -0
3202.5               -0
3203.5               2.2204460492503e-12
3204.5               -0
3205.5               -0
3206.5               -2.2204460492503e-12
3207.5               -2.2204460492503e-12
3208.5               -2.2204460492503e-12
3209.5               -2.2204460492503e-12
3210.5               -4.4408920985006e-12
3211.5               -2.2204460492503e-12
3212.5               -2.2204460492503e-12
3213.5               -2.2204460492503e-12
3214.5               -2.2204460492503e-12
3215.5               -2.2204460492503e-12
3216.5               -2.2204460492503e-12
3217.5               -0
3218.5               -0
3219.5               -0
3220.5               -0
3221.5               -0
3222.5               -0
3223.5               -0
3224.5               -2.2204460492503e-12
3225.5               -0
3226.5               -0
3227.5               -0
3228.5               -0
3229.5               -0
3230.5               -0
3231.5               -0
3232.5               2.2204460492503e-12
3233.5               -0
3234.5               -0
3235.5               2.2204460492503e-12
3236.5               2.2204460492503e-12
3237.5               -0
3238.5               2.2204460492503e-12
3239.5               2.2204460492503e-12
3240.5               2.2204460492503e-12
3241.5               -0
3242.5               -0
3243.5               -0
3244.5               -2.2204460492503e-12
3245.5               -0
3246.5               -2.2204460492503e-12
3247.5               -0
3248.5               -0
3249.5               -2.2204460492503e-12
3250.5               -0
3251.5               -0
3252.5               -2.2204460492503e-12
3253.5               -0
3254.5               2.2204460492503e-12
3255.5               -0
3256.5               2.2204460492503e-12
3257.5               2.2204460492503e-12
3258.5               2.2204460492503e-12
3259.5               2.2204460492503e-12
3260.5               2.2204460492503e-12
3261.5               2.2204460492503e-12
3262.5               2.2204460492503e-12
3263.5               2.2204460492503e-12
3264.5               -0
3265.5               2.2204460492503e-12
3266.5               -0
3267.5               2.2204460492503e-12
3268.5               -0
3269.5               2.2204460492503e-12
3270.5               -0
3271.5               -2.2204460492503e-12
3272.5               -0
3273.5               -2.2204460492503e-12
3274.5               -2.2204460492503e-12
3275.5               -2.2204460492503e-12
3276.5               -2.2204460492503e-12
3277.5               -0
3278.5               -2.2204460492503e-12
3279.5               -0
3280.5               -0
3281.5               2.2204460492503e-12
3282.5               -0
3283.5               2.2204460492503e-12
3284.5               2.2204460492503e-12
3285.5               -0
3286.5               -0
3287.5               -0
3288.5               -0
3289.5               -2.2204460492503e-12
3290.5               -0
3291.5               2.2204460492503e-12
3292.5               -0
3293.5               2.2204460492503e-12
3294.5               -0
3295.5               -2.2204460492503e-12
3296.5               -0
3297.5               -0
3298.5               -0
3299.5               -0
3300.5               -2.2204460492503e-12
3301.5               -2.2204460492503e-12
3302.5               -0
3303.5               -0
3304.5               -0
3305.5               -2.2204460492503e-12
3306.5               -2.2204460492503e-12
3307.5               -0
3308.5               -2.2204460492503e-12
3309.5               -0
3310.5               -2.2204460492503e-12
3311.5               -0
3312.5               -0
3313.5               -0
3314.5               2.2204460492503e-12
3315.5               -0
3316.5               2.2204460492503e-12
3317.5               -0
3318.5               -0
3319.5               -0
3320.5               -0
3321.5               -2.2204460492503e-12
3322.5               -2.2204460492503e-12
3323.5               -0
3324.5               -0
3325.5               -0
3326.5               -0
3327.5               -0
3328.5               -0
3329.5               -0
3330.5               -0
3331.5               -2.2204460492503e-12
3332.5               -0
3333.5               -0
3334.5               -0
3335.5               -0
3336.5               -0
3337.5               -0
3338.5               -0
3339.5               -0
3340.5               -0
3341.5               -0
3342.5               2.2204460492503e-12
3343.5               2.2204460492503e-12
3344.5               -0
3345.5               2.2204460492503e-12
3346.5               2.2204460492503e-12
3347.5               2.2204460492503e-12
3348.5               2.2204460492503e-12
3349.5               2.2204460492503e-12
3350.5               2.2204460492503e-12
3351.5               -0
3352.5               -0
3353.5               -2.2204460492503e-12
3354.5               -0
3355.5               -2.2204460492503e-12
3356.5               -2.2204460492503e-12
3357.5               -0
3358.5               -2.2204460492503e-12
3359.5               -0
3360.5               -0
3361.5               -0
3362.5               -0
3363.5               2.2204460492503e-12
3364.5               2.2204460492503e-12
3365.5               2.2204460492503e-12
3366.5               2.2204460492503e-12
3367.5               4.4408920985006e-12
3368.5               2.2204460492503e-12
3369.5               2.2204460492503e-12
3370.5               2.2204460492503e-12
3371.5               2.2204460492503e-12
3372.5               2.2204460492503e-12
3373.5               2.2204460492503e-12
3374.5               -0
3375.5               -0
3376.5               2.2204460492503e-12
3377.5               -0
3378.5               -0
3379.5               -0
3380.5               -2.2204460492503e-12
3381.5               -0
3382.5               -0
3383.5               -2.2204460492503e-12
3384.5               -2.2204460492503e-12
3385.5               -0
3386.5               -2.2204460492503e-12
3387.5               -2.2204460492503e-12
3388.5               -2.2204460492503e-12
3389.5               -4.4408920985006e-12
3390.5               -2.2204460492503e-12
3391.5               -4.4408920985006e-12
3392.5               -2.2204460492503e-12
3393.5               -2.2204460492503e-12
3394.5               -0
3395.5               -0
3396.5               -0
3397.5               -2.2204460492503e-12
3398.5               -0
3399.5               -0
3400.5               -0
3401.5               -0
3402.5               -0
3403.5               -2.2204460492503e-12
3404.5               -0
3405.5               -0
3406.5               -0
3407.5               2.2204460492503e-12
3408.5               2.2204460492503e-12
3409.5               2.2204460492503e-12
3410.5               2.2204460492503e-12
3411.5               2.2204460492503e-12
3412.5               -0
3413.5               2.2204460492503e-12
3414.5               -0
3415.5               -0
3416.5               -0
3417.5               -0
3418.5               -2.2204460492503e-12
3419.5               -2.2204460492503e-12
3420.5               -0
3421.5               -0
3422.5               -0
3423.5               2.2204460492503e-12
3424.5               -0
3425.5               2.2204460492503e-12
3426.5               2.2204460492503e-12
3427.5               2.2204460492503e-12
3428.5               2.2204460492503e-12
3429.5               -0
3430.5               2.2204460492503e-12
3431.5               -0
3432.5               2.2204460492503e-12
3433.5               -0
3434.5               -0
3435.5               -0
3436.5               -0
3437.5               -0
3438.5               -0
3439.5               -2.2204460492503e-12
3440.5               -0
3441.5               -0
3442.5               -0
3443.5               -0
3444.5               -0
3445.5               -2.2204460492503e-12
3446.5               -0
3447.5               -0
3448.5               -0
3449.5               2.2204460492503e-12
3450.5               -0
3451.5               -0
3452.5               -0
3453.5               -0
3454.5               -0
3455.5               -0
3456.5               -0
3457.5               -0
3458.5               -2.2204460492503e-12
3459.5               -0
3460.5               -0
3461.5               -0
3462.5               -2.2204460492503e-12
3463.5               -2.2204460492503e-12
3464.5               -4.4408920985006e-12
3465.5               -2.2204460492503e-12
3466.5               -2.2204460492503e-12
3467.5               -2.2204460492503e-12
3468.5               -2.2204460492503e-12
3469.5               -0
3470.5               -0
3471.5               -0
3472.5               2.2204460492503e-12
3473.5               -0
3474.5               -0
3475.5               -2.2204460492503e-12
3476.5               -0
3477.5               -2.2204460492503e-12
3478.5               -2.2204460492503e-12
3479.5               -0
3480.5               -2.2204460492503e-12
3481.5               -0
3482.5               -0
3483.5               2.2204460492503e-12
3484.5               -0
3485.5               -0
3486.5               -0
3487.5               -0
3488.5               2.2204460492503e-12
3489.5               -0
3490.5               -0
3491.5               -0
3492.5               2.2204460492503e-12
3493.5               -0
3494.5               -0
3495.5               -0
3496.5               -0
3497.5               -0
3498.5               2.2204460492503e-12
3499.5               2.2204460492503e-12
3500.5               -0
3501.5               2.2204460492503e-12
3502.5               -2.2204460492503e-12
3503.5               2.2204460492503e-12
3504.5               -0
3505.5               -0
3506.5               2.2204460492503e-12
3507.5               2.2204460492503e-12
3508.5               2.2204460492503e-12
3509.5               -0
3510.5               2.2204460492503e-12
3511.5               -0
3512.5               -0
3513.5               2.2204460492503e-12
3514.5               -0
3515.5               2.2204460492503e-12
3516.5               -0
3517.5               -0
3518.5               -0
3519.5               -0
3520.5               -0
3521.5               -0
3522.5               -0
3523.5               -0
3524.5               -0
3525.5               -2.2204460492503e-12
3526.5               -0
3527.5               -0
3528.5               -2.2204460492503e-12
3529.5               -0
3530.5               -2.2204460492503e-12
3531.5               -0
3532.5               -2.2204460492503e-12
3533.5               -2.2204460492503e-12
3534.5               -2.2204460492503e-12
3535.5               -0
3536.5               -0
3537.5               -2.2204460492503e-12
3538.5               -0
3539.5               -2.2204460492503e-12
3540.5               -2.2204460492503e-12
3541.5               -2.2204460492503e-12
3542.5               -2.2204460492503e-12
3543.5               -0
3544.5               -2.2204460492503e-12
3545.5               -2.2204460492503e-12
3546.5               -2.2204460492503e-12
3547.5               -4.4408920985006e-12
3548.5               -4.4408920985006e-12
3549.5               -6.6613381477509e-12
3550.5               -6.6613381477509e-12
3551.5               -6.6613381477509e-12
3552.5               -8.8817841970013e-12
3553.5               -1.1102230246252e-11
3554.5               -1.3322676295502e-11
3555.5               -1.7763568394003e-11
3556.5               -1.7763568394003e-11
3557.5               -2.2204460492503e-11
3558.5               -2.6645352591004e-11
3559.5               -2.8865798640254e-11
3560.5               -3.5527136788005e-11
3561.5               -3.9968028886506e-11
3562.5               -4.8849813083507e-11
3563.5               -5.7731597280508e-11
3564.5               -6.6613381477509e-11
3565.5               -7.9936057773011e-11
3566.5               -9.1038288019263e-11
3567.5               -1.0880185641327e-10
3568.5               -1.2656542480727e-10
3569.5               -1.4876988529977e-10
3570.5               -1.7763568394003e-10
3571.5               -2.0428103653103e-10
3572.5               -2.4202861936828e-10
3573.5               -2.8643754035329e-10
3574.5               -3.352873534368e-10
3575.5               -3.9523939676656e-10
3576.5               -4.6629367034257e-10
3577.5               -5.4622972811558e-10
3578.5               -6.4614980033184e-10
3579.5               -7.5939254884361e-10
3580.5               -8.9261931179863e-10
3581.5               -1.0480505352461e-09
3582.5               -1.2367884494324e-09
3583.5               -1.4499512701605e-09
3584.5               -1.7075230118735e-09
3585.5               -2.0072832285223e-09
3586.5               -2.3647750424516e-09
3587.5               -2.7777780076121e-09
3588.5               -3.2707170305457e-09
3589.5               -3.8435921112523e-09
3590.5               -4.5230486023229e-09
3591.5               -5.3201887340038e-09
3592.5               -6.2549965207381e-09
3593.5               -7.3585582072155e-09
3594.5               -8.657519146027e-09
3595.5               -1.0180745135813e-08
3596.5               -1.1979306435705e-08
3597.5               -1.4088730182493e-08
3598.5               -1.6573409311604e-08
3599.5               -1.9493295866368e-08
3600.5               -2.2928325904559e-08
3601.5               -2.6971758160244e-08
3602.5               -3.1727953597738e-08
3603.5               -3.731903674975e-08
3604.5               -4.3898218393679e-08
3605.5               -5.1638693321365e-08
3606.5               -6.0738081231193e-08
3607.5               -7.1447292526727e-08
3608.5               -8.4039442072026e-08
3609.5               -9.8854258112624e-08
3610.5               -1.1627809826109e-07
3611.5               -1.3677725618777e-07
3612.5               -1.6088907983658e-07
3613.5               -1.892486167776e-07
3614.5               -2.2260637777549e-07
3615.5               -2.6184832080389e-07
3616.5               -3.0800473282966e-07
3617.5               -3.6229907962593e-07
3618.5               -4.2615910800237e-07
3619.5               -5.012812387406e-07
3620.5               -5.8964388927052e-07
3621.5               -6.9358074838988e-07
3622.5               -8.158385078616e-07
3623.5               -9.5965013713339e-07
3624.5               -1.1288103785034e-06
3625.5               -1.3277889898688e-06
3626.5               -1.5618417670282e-06
3627.5               -1.8371548726748e-06
3628.5               -2.1609936062816e-06
3629.5               -2.5419200078147e-06
3630.5               -2.9899926978771e-06
3631.5               -3.5170466539114e-06
3632.5               -4.1370085135384e-06
3633.5               -4.8662518459253e-06
3634.5               -5.7240434614414e-06
3635.5               -6.7330385711273e-06
3636.5               -7.9198936298042e-06
3637.5               -9.3159591152414e-06
3638.5               -1.0958109974979e-05
3639.5               -1.2889733724819e-05
3640.5               -1.5161847333189e-05
3641.5               -1.7834473897693e-05
3642.5               -2.0978214720913e-05
3643.5               -2.4676110044197e-05
3644.5               -2.9025848391484e-05
3645.5               -3.4142326743591e-05
3646.5               -4.0160701431091e-05
3647.5               -4.7239954170664e-05
3648.5               -5.5567088708131e-05
3649.5               -6.5362073531361e-05
3650.5               -7.6883652777582e-05
3651.5               -9.0436169664088e-05
3652.5               -0.00010637763336874
3653.5               -0.00012512914260299
3654.5               -0.00014718603225106
3655.5               -0.00017313095401761
3656.5               -0.00020364925523708
3657.5               -0.00023954709771346
3658.5               -0.00028177274291608
3659.5               -0.00033144160527243
3660.5               -0.000389865706385
3661.5               -0.00045858834285539
3662.5               -0.00053942484701253
3663.5               -0.00063451053300412
3664.5               -0.00074635709834681
3665.5               -0.00087791896863365
3666.5               -0.0010326713328901
3667.5               -0.0012147019146092
3668.5               -0.0014288189587042
3669.5               -0.0016806781899525
3670.5               -0.0019769321979446
3671.5               -0.0023254061143341
3672.5               -0.0027353042342249
3673.5               -0.0032174530817386
3674.5               -0.0037845872435938
3675.5               -0.0044516855779442
3676.5               -0.0052363666469546
3677.5               -0.0061593537536986
3678.5               -0.0072450218513431
3679.5               -0.0085220407575193
3680.5               -0.010024131513742
3681.5               -0.011790955845026
3682.5               -0.01386916200552
3683.5               -0.016313614505936
3684.5               -0.01918883987706
3685.5               -0.022570726336824
3686.5               -0.026548521721015
3687.5               -0.031227181733762
3688.5               -0.036730129568951
3689.5               -0.043202498449801
3690.5               -0.05081494082626
3691.5               -0.059768102254054
3692.5               -0.070297874550374
3693.5               -0.082681561988096
3694.5               -0.097245116521538
3695.5               -0.11437162369177
3696.5               -0.1345112502138
3697.5               -0.15819289791885
3698.5               -0.18603784688986
3699.5               -0.21877571371398
3700.5               -0.25726309889063
3701.5               -0.30250535056453
3702.5               -0.35568192944258
3703.5               -0.41817592121962
3704.5               -0.49160830610129
3705.5               -0.57787765780803
3706.5               -0.6792060016414
3707.5               -0.79819160727856
3708.5               -0.93786951667285
3709.5               -1.1017805980607
3710.5               -1.2940498553848
3711.5               -1.5194745831826
3712.5               -1.7836227082424
3713.5               -2.0929412583226
3714.5               -2.4548742923391
3715.5               -2.8779887516239
3716.5               -3.3721054743174
3717.5               -3.9484309753424
3718.5               -4.619683457936
3719.5               -5.4002038345025
3720.5               -6.3060392895919
3721.5               -7.3549831991149
3722.5               -8.5665512577271
3723.5               -9.9618699044535
3724.5               -11.56345030781
3725.5               -13.394820350252
3726.5               -15.479989653597
3727.5               -17.842730354765
3728.5               -20.50567065023
3729.5               -23.489220062018
3730.5               -26.810374580652
3731.5               -30.481483774709
3732.5               -34.509095284831
3733.5               -38.893016779895
3734.5               -43.625741916016
3735.5               -48.692366765726
3736.5               -54.071073010726
3737.5               -59.734178362194
3738.5               -65.649666706742
3739.5               -71.783030469275
3740.5               -78.099206344056
3741.5               -84.564376873066
3742.5               -91.147446252726
3743.5               -97.821068284714
3744.5               -104.56218804977
3745.5               -111.35213579247
3746.5               -118.17636612254
3747.5               -125.02396137268
3748.5               -131.88701692635
3749.5               -138.76000639291
3750.5               -145.63919539661
3751.5               -152.52214295524
3752.5               -159.4073045611
3753.5               -166.29373362298
3754.5               -173.18086791055
3755.5               -180.06838364595
3756.5               -186.95609997188
3757.5               -193.84391886407
3758.5               -200.73178875543
3759.5               -207.61968330871
3760.5               -126.55922790122
3761.5187209763      -65.762958278124
3762.5755848552      -34.251984632143
3763.6720197814      -17.683219868696
3764.8095073722      -8.9873807308981
3765.9895847196      -4.4776194435928
3767.2138464671      -2.1807413705533
3768.483946965       -1.0362838807449
3769.8016025056      -0.47979238043045
3771.1685936425      -0.21618300160591
3772.5867675969      -0.094696364480295
3774.0580407534      -0.040287098923431
3775.5844012497      -0.016630934649324
3777.1679116635      -0.0066565651884207
3778.8107117992      -0.002583985517974
3780.5150215798      -0.00098067442530064
3782.2831440465      -0.00038823904156947
3784.117468471       -0.00022992395831343
3786.0204735836      -0.00035652834877355
3787.9947309236      -0.00097327521238974
3790                 -4758.2579429988
3792                 -0
3794                 -0
3796                 -0
3798                 -0
