x[nm]                E[kV/cm]            
-8                   -0
-6                   -0
-4                   -0
-2                   -0
0                    -293.22280207539
1.999                -0.00037588760710412
3.997                -0.00021712371418088
5.995                -0.00012541701633407
7.9929999999999      -7.2444543968425e-05
9.9909999999999      -4.1846077265091e-05
11.989               -2.4171522307905e-05
13.987               -1.3962182539036e-05
15.985               -8.0649623338229e-06
17.983               -4.6585536007139e-06
19.981               -2.6909138914452e-06
21.979               -1.5543566878496e-06
23.977               -8.9784258328586e-07
25.975               -5.1861973730098e-07
27.973               -2.9957128980777e-07
29.971               -1.7303920503127e-07
31.969               -9.9948966909599e-08
33.967               -5.7736042617945e-08
35.965               -3.3348921444396e-08
37.963               -1.9266092447349e-08
39.961               -1.1131124939585e-08
41.959               -6.4190672574925e-09
43.957               -3.7074114215711e-09
45.955               -2.1337619692496e-09
47.953               -1.2446944820623e-09
49.951               -7.2014466462173e-10
51.948999999999      -4.0897104410617e-10
53.946999999999      -2.4004822154058e-10
55.944999999999      -1.5114147282184e-10
57.942999999999      -8.0016073846859e-11
59.940999999999      -4.4453374359366e-11
61.938999999999      -2.667202461562e-11
63.936999999999      -2.667202461562e-11
65.934999999999      -8.8906748718732e-12
67.932999999999      -0
69.930999999999      -8.8906748718732e-12
71.928999999999      -0
73.926999999999      -0
75.924999999999      -0
77.922999999999      -0
79.920999999999      8.8906748718732e-12
81.918999999999      -0
83.916999999999      -8.8906748718732e-12
85.914999999999      -0
87.912999999999      -0
89.910999999999      -0
91.908999999999      -0
93.906999999999      -0
95.904999999999      -0
97.902999999999      -0
99.900999999999      -0
101.899              -0
103.897              -0
105.895              -0
107.893              -0
109.891              8.8906748718732e-12
111.889              -8.8906748718732e-12
113.887              -0
115.885              -0
117.883              -8.8906748718732e-12
119.881              -0
121.879              -0
123.877              -0
125.875              8.8906748718732e-12
127.873              -0
129.871              -8.8906748718733e-12
131.869              -8.8906748718732e-12
133.867              -0
135.865              -8.8906748718733e-12
137.863              -0
139.861              8.8906748718733e-12
141.859              -0
143.857              -8.8906748718733e-12
145.855              -0
147.853              -0
149.851              -0
151.849              -0
153.847              -0
155.845              -0
157.843              -0
159.841              -0
161.839              -0
163.837              8.8906748718732e-12
165.835              -0
167.833              -0
169.831              -0
171.829              -0
173.827              -8.8906748718733e-12
175.825              -8.8906748718733e-12
177.823              -0
179.821              8.8906748718733e-12
181.819              -0
183.817              -0
185.815              -0
187.813              -8.8906748718733e-12
189.811              -0
191.809              8.8906748718733e-12
193.807              -0
195.805              -0
197.803              -0
199.801              -0
201.799              -0
203.797              -0
205.795              8.8906748718733e-12
207.793              -8.8906748718733e-12
209.791              -0
211.789              8.8906748718733e-12
213.787              -0
215.785              -0
217.783              -8.8906748718733e-12
219.781              -0
221.779              -0
223.777              -0
225.775              -0
227.773              -0
229.771              8.8906748718733e-12
231.769              -8.8906748718733e-12
233.767              8.8906748718732e-12
235.765              8.8906748718733e-12
237.763              -0
239.761              -8.8906748718733e-12
241.759              -0
243.757              -0
245.755              -0
247.753              -0
249.751              -0
251.749              -0
253.747              -0
255.745              -0
257.743              8.8906748718732e-12
259.741              -0
261.739              -0
263.737              -0
265.735              8.8906748718734e-12
267.733              -8.8906748718732e-12
269.731              -0
271.729              -0
273.727              8.8906748718732e-12
275.725              -0
277.723              -0
279.721              -0
281.719              -0
283.717              -0
285.715              -8.8906748718732e-12
287.713              -0
289.711              -0
291.709              8.8906748718732e-12
293.707              8.8906748718734e-12
295.705              -0
297.703              -0
299.701              -0
301.699              -0
303.697              -8.8906748718732e-12
305.695              -0
307.693              -0
309.691              -0
311.689              -0
313.687              -0
315.685              -8.8906748718732e-12
317.683              -0
319.681              -8.8906748718732e-12
321.679              -0
323.677              -0
325.675              -0
327.673              -8.8906748718732e-12
329.671              -0
331.669              -0
333.667              -0
335.665              8.8906748718734e-12
337.663              -0
339.661              -0
341.659              -0
343.657              8.8906748718732e-12
345.655              8.8906748718734e-12
347.653              -0
349.651              -0
351.649              -0
353.647              -0
355.645              -0
357.643              -0
359.641              -0
361.639              -0
363.637              -8.8906748718734e-12
365.635              -0
367.633              -0
369.631              -0
371.629              -8.8906748718732e-12
373.627              -0
375.625              -0
377.623              -0
379.621              -8.8906748718732e-12
381.619              -0
383.617              -0
385.615              -0
387.613              -0
389.611              8.8906748718732e-12
391.609              -0
393.607              -0
395.605              -0
397.60299999999      8.8906748718732e-12
399.60099999999      8.8906748718734e-12
401.59899999999      -0
403.59699999999      -8.8906748718732e-12
405.59499999999      8.8906748718734e-12
407.59299999999      -0
409.59099999999      -0
411.58899999999      -0
413.58699999999      -0
415.58499999999      -0
417.58299999999      -0
419.58099999999      -0
421.57899999999      -0
423.57699999999      -0
425.57499999999      -0
427.57299999999      -0
429.57099999999      -0
431.56899999999      -8.8906748718732e-12
433.56699999999      -0
435.56499999999      -0
437.56299999999      -0
439.56099999999      8.8906748718734e-12
441.55899999999      -0
443.55699999999      -0
445.55499999999      -0
447.55299999999      -0
449.55099999999      -0
451.54899999999      -0
453.54699999999      -0
455.54499999999      -0
457.54299999999      -0
459.54099999999      -0
461.53899999999      -0
463.53699999999      -0
465.53499999999      -0
467.53299999999      -0
469.53099999999      -0
471.52899999999      -0
473.52699999999      -0
475.52499999999      -8.8906748718732e-12
477.52299999999      -8.8906748718732e-12
479.52099999999      -0
481.51899999999      -0
483.51699999999      -0
485.51499999999      -0
487.51299999999      -0
489.51099999999      -0
491.50899999999      -0
493.50699999999      -0
495.50499999999      8.8906748718732e-12
497.50299999999      8.8906748718734e-12
499.50099999999      -0
501.49899999999      -0
503.49699999999      -0
505.49499999999      -0
507.49299999999      -0
509.49099999999      -0
511.48899999999      -0
513.48699999999      -0
515.48499999999      -0
517.48299999999      -8.8906748718734e-12
519.48099999999      -0
521.47899999999      -0
523.47699999999      -0
525.47499999999      -0
527.47299999999      -0
529.47099999999      -0
531.46899999999      -0
533.46699999999      -0
535.46499999999      -0
537.46299999999      8.8906748718729e-12
539.46099999999      -0
541.45899999999      -8.8906748718734e-12
543.45699999999      -8.8906748718729e-12
545.45499999999      -0
547.45299999999      -0
549.45099999999      -0
551.44899999999      8.8906748718729e-12
553.44699999999      -0
555.44499999999      -0
557.44299999999      -0
559.44099999999      -0
561.43899999999      -0
563.43699999999      8.8906748718729e-12
565.43499999999      -0
567.43299999999      8.8906748718729e-12
569.43099999999      -0
571.42899999999      -0
573.42699999999      -8.8906748718729e-12
575.42499999999      -8.8906748718734e-12
577.42299999999      -0
579.42099999999      -8.8906748718729e-12
581.41899999999      -0
583.41699999999      -0
585.41499999999      8.8906748718729e-12
587.41299999999      -0
589.41099999999      -8.8906748718729e-12
591.40899999999      -0
593.40699999999      -0
595.40499999999      -0
597.40299999999      8.8906748718729e-12
599.40099999999      -0
601.39899999999      -8.8906748718729e-12
603.39699999999      -0
605.39499999999      -0
607.39299999999      -0
609.39099999999      8.8906748718729e-12
611.38899999999      -0
613.38699999999      -8.8906748718729e-12
615.38499999999      -0
617.38299999999      -0
619.38099999999      8.8906748718729e-12
621.37899999999      8.8906748718729e-12
623.37699999999      -8.8906748718734e-12
625.37499999999      -0
627.37299999999      -0
629.37099999999      -8.8906748718729e-12
631.369              8.8906748718729e-12
633.36699999999      -0
635.365              8.8906748718729e-12
637.363              8.8906748718729e-12
639.361              -0
641.359              -0
643.357              -0
645.355              -8.8906748718734e-12
647.353              -0
649.351              -0
651.349              -8.8906748718729e-12
653.347              -0
655.345              -0
657.343              -0
659.341              -0
661.339              -0
663.337              -0
665.335              8.8906748718729e-12
667.333              -0
669.331              8.8906748718734e-12
671.329              -8.8906748718729e-12
673.327              -0
675.325              -0
677.323              -0
679.321              -0
681.319              -0
683.317              -0
685.315              -0
687.313              -8.8906748718729e-12
689.311              -0
691.309              -0
693.307              -0
695.305              -8.8906748718729e-12
697.303              -0
699.301              -0
701.299              -0
703.297              -0
705.295              -0
707.293              -0
709.291              -0
711.289              -0
713.287              8.8906748718729e-12
715.285              -0
717.283              -8.8906748718729e-12
719.281              -0
721.279              -0
723.277              -0
725.275              8.8906748718729e-12
727.273              -0
729.271              -0
731.269              -8.8906748718729e-12
733.267              -0
735.265              -0
737.263              8.8906748718729e-12
739.261              -0
741.259              -0
743.257              -0
745.255              -8.8906748718729e-12
747.253              8.8906748718729e-12
749.251              -0
751.249              -0
753.247              -0
755.245              8.8906748718729e-12
757.243              -0
759.241              -0
761.239              -0
763.237              8.8906748718729e-12
765.235              -0
767.233              -8.8906748718729e-12
769.231              -0
771.229              -0
773.227              -0
775.225              -0
777.223              -0
779.221              -0
781.219              -0
783.217              -0
785.215              -0
787.213              -8.8906748718729e-12
789.211              -0
791.209              -0
793.207              -0
795.205              -0
797.203              8.8906748718734e-12
799.201              -0
801.199              -0
803.197              -8.8906748718729e-12
805.195              -0
807.193              -0
809.191              -0
811.189              -0
813.187              -0
815.185              -0
817.183              8.8906748718729e-12
819.181              -0
821.179              8.8906748718729e-12
823.177              -0
825.175              -0
827.173              -0
829.171              -0
831.169              -8.8906748718734e-12
833.167              -0
835.165              -0
837.163              -8.8906748718729e-12
839.161              -0
841.159              -0
843.157              -0
845.155              -8.8906748718729e-12
847.153              -0
849.151              -0
851.149              -0
853.147              -0
855.145              8.8906748718734e-12
857.143              8.8906748718729e-12
859.141              -0
861.139              -0
863.137              8.8906748718729e-12
865.135              -0
867.133              8.8906748718734e-12
869.131              -0
871.129              -0
873.127              -0
875.125              -0
877.123              -8.8906748718729e-12
879.121              -8.8906748718734e-12
881.119              -8.8906748718729e-12
883.117              -0
885.115              -0
887.113              8.8906748718729e-12
889.111              1.7781349743747e-11
891.109              1.7781349743746e-11
893.107              3.5562699487492e-11
895.105              4.4453374359365e-11
897.103              8.8906748718729e-11
899.101              1.5114147282184e-10
901.099              2.7561092102808e-10
903.097              4.8009644308114e-10
905.095              8.1794208821231e-10
907.093              1.4047266297559e-09
909.091              2.4449355897651e-09
911.089              4.2230705641396e-09
913.087              7.3170254195518e-09
915.085              1.2669211692419e-08
917.083              2.1924404234039e-08
919.081              3.7963181702897e-08
921.079              6.5710977978013e-08
923.077              1.1375618498561e-07
925.075              1.9693733908687e-07
927.073              3.4094849066145e-07
929.071              5.9026968609339e-07
931.069              1.0218674977485e-06
933.067              1.769084267355e-06
935.065              3.062641898513e-06
937.063              5.3021051013145e-06
939.061              9.1790616926919e-06
941.059              1.5890943327089e-05
943.057              2.7510619741558e-05
945.055              4.7626776285431e-05
947.053              8.2452163215128e-05
949.051              0.00014274233669161
951.049              0.00024711754386751
953.047              0.00042781338031708
955.045              0.00074063648774162
957.043              0.0012822000962921
959.041              0.0022197620362884
961.039              0.0038428806527769
963.037              0.0066528407518819
965.035              0.011517465997718
967.033              0.019939121487255
969.031              0.034518652769877
971.029              0.059758469813074
973.027              0.10345257698211
975.025              0.17909217204332
977.023              0.31002773350887
979.021              0.53666693299968
981.019              0.92891312640338
983.017              1.6076311896078
985.015              2.7816060487238
987.013              4.8109158199357
989.011              8.3148145253714
991.009              14.353007872346
993.007              24.722973868703
995.005              42.424958343473
997.003              72.316398140166
999.001              121.78383953491
1001                 129.78541091813
1003                 92.365695319172
1005                 68.712211410871
1007                 52.92989764901
1009                 41.884421059359
1011                 33.837314497163
1013                 27.778525650435
1015                 23.093396291056
1017                 19.391305051712
1019                 16.414095327342
1021                 13.985132249257
1023                 11.979821201704
1025                 10.30790099545
1027                 8.9024395801562
1029                 7.7127795853649
1031                 6.6998872070823
1033                 5.8332069185063
1035                 5.0884851819344
1037                 4.4462330485118
1039                 3.8906194167243
1041                 3.4086605051264
1043                 2.9896168615284
1045                 2.6245382601431
1047                 2.3059156363825
1049                 2.0274116143959
1051                 1.7836495156853
1053                 1.5700464256252
1055                 1.3826798374783
1057                 1.2181801637379
1059                 1.0736433786729
1061                 0.94655947650679
1063                 0.83475346711381
1065                 0.73633639408932
1067                 0.64966442873349
1069                 0.57330451952886
1071                 0.50600540113521
1073                 0.44667301345669
1075                 0.39434957207263
1077                 0.34819567941824
1079                 0.3074749816534
1081                 0.27154096768456
1083                 0.23982557863178
1085                 0.211829354404
1087                 0.18711289019535
1089                 0.16528941348071
1091                 0.14601832218908
1093                 0.1289995507392
1095                 0.11396864997515
1097                 0.10069248526534
1099                 0.088965470377289
1101                 0.078606266900039
1103                 0.069454889057852
1105                 0.06137016190344
1107                 0.054227488037739
1109                 0.047916884273747
1111                 0.042341254404832
1113                 0.03741486898079
1115                 0.033062026680852
1117                 0.029215875088084
1119                 0.025817371422932
1121                 0.022814366440471
1123                 0.020160796641022
1125                 0.017815971755653
1127                 0.015743946146785
1129                 0.013912964185181
1131                 0.012294970703763
1133                 0.010865178969865
1135                 0.0096016892126016
1137                 0.0084851518611373
1139                 0.0074984701559089
1141                 0.006626537549792
1143                 0.0058560057869528
1145                 0.005175080044495
1147                 0.0045733380105162
1149                 0.004041570020874
1151                 0.0035716379187534
1153                 0.003156350283362
1155                 0.0027893522513978
1157                 0.0024650281549299
1159                 0.0021784154924376
1161                 0.0019251289629096
1163                 0.0017012932485017
1165                 0.0015034837730354
1167                 0.0013286742017726
1169                 0.0011741901317919
1171                 0.0010376681913726
1173                 0.00091701979343384
1175                 0.00081039924104687
1177                 0.00071617549224356
1179                 0.00063290709562125
1181                 0.00055932027009931
1183                 0.00049428931170326
1185                 0.0004368194250759
1187                 0.00038603148233562
1189                 0.00034114856717338
1191                 0.00030148412655251
1193                 0.00026643136585847
1195                 0.00023545411842463
1197                 0.00020807854106408
1199                 0.00018388583988838
1201                 0.00016250596424072
1203                 0.0001436118779452
1205                 0.00012691454998048
1207                 0.00011215859352376
1209                 9.9118251384311e-05
1211                 8.7594074216213e-05
1213                 7.740979413029e-05
1215                 6.8409597986374e-05
1217                 6.0455827011197e-05
1219                 5.3426818524827e-05
1221                 4.7215058529559e-05
1223                 4.1725511934487e-05
1225                 3.687422811538e-05
1227                 3.2586982001703e-05
1229                 2.8798190498946e-05
1231                 2.5449917728793e-05
1233                 2.2490933559993e-05
1235                 1.9875967538496e-05
1237                 1.75650605172e-05
1239                 1.5522827467862e-05
1241                 1.3718048919031e-05
1243                 1.2123093640071e-05
1245                 1.0713581133359e-05
1247                 9.4679464268665e-06
1249                 8.367129211706e-06
1251                 7.3943073886085e-06
1253                 6.5345862054755e-06
1255                 5.774838385264e-06
1257                 5.1034199088917e-06
1259                 4.5100634338269e-06
1261                 3.9857006584043e-06
1263                 3.5222846861416e-06
1265                 3.1127633803862e-06
1267                 2.750857319711e-06
1269                 2.4310153889928e-06
1271                 2.1483703704916e-06
1273                 1.8985879535194e-06
1275                 1.6778489708713e-06
1277                 1.4827694627684e-06
1279                 1.3103651497204e-06
1281                 1.1580247871734e-06
1283                 1.0233769387469e-06
1285                 9.0440543942805e-07
1287                 7.9925399631975e-07
1289                 7.0631500648233e-07
1291                 6.2418514801266e-07
1293                 5.5162985290735e-07
1295                 4.8749448922081e-07
1297                 4.3081982425974e-07
1299                 3.8073544317285e-07
1301                 3.36468630735e-07
1303                 2.9733548956301e-07
1305                 2.6276758546828e-07
1307                 2.3222312961479e-07
1309                 2.0521362387171e-07
1311                 1.8135715151857e-07
1313                 1.6027179583489e-07
1315                 1.4164669437378e-07
1317                 1.2516210290414e-07
1319                 1.1061374038945e-07
1321                 9.7744035087999e-08
1323                 8.6384233100034e-08
1325                 7.6347816957423e-08
1327                 6.7466032760422e-08
1329                 5.9614535530272e-08
1331                 5.2686743856611e-08
1333                 4.6558312760681e-08
1335                 4.114042440051e-08
1337                 3.6362024502523e-08
1339                 3.2134295224751e-08
1341                 2.8395064077813e-08
1343                 2.5091040356529e-08
1345                 2.2177815139912e-08
1347                 1.9593215938585e-08
1349                 1.7328360968349e-08
1351                 1.5303314171433e-08
1353                 1.353583911623e-08
1355                 1.1945999744967e-08
1357                 1.0551559626037e-08
1359                 9.3347551910483e-09
1361                 8.2422957348172e-09
1363                 7.291944825738e-09
1365                 6.4570571112199e-09
1367                 5.6932236702778e-09
1369                 5.0359716396997e-09
1371                 4.4497738826976e-09
1373                 3.9346303992716e-09
1375                 3.4816594052245e-09
1377                 3.0730973321624e-09
1379                 2.7178259642824e-09
1381                 2.4069635173873e-09
1383                 2.1227464230833e-09
1385                 1.8651746813703e-09
1387                 1.6520118606422e-09
1389                 1.4566126083082e-09
1391                 1.2878587085652e-09
1393                 1.1368683772162e-09
1395                 1.0036416142611e-09
1397                 8.8817841970013e-10
1399                 7.9047879353311e-10
1401                 7.105427357601e-10
1403                 6.3060667798709e-10
1405                 5.5067062021408e-10
1407                 4.8849813083507e-10
1409                 4.3520742565306e-10
1411                 3.7303493627405e-10
1413                 3.3750779948605e-10
1415                 3.0198066269804e-10
1417                 2.7533531010704e-10
1419                 2.3092638912203e-10
1421                 1.9539925233403e-10
1423                 1.7763568394003e-10
1425                 1.5987211554602e-10
1427                 1.4210854715202e-10
1429                 1.2434497875802e-10
1431                 1.0658141036402e-10
1433                 9.7699626167014e-11
1435                 7.9936057773011e-11
1437                 7.105427357601e-11
1439                 6.2172489379009e-11
1441                 5.3290705182008e-11
1443                 5.3290705182008e-11
1445                 5.3290705182008e-11
1447                 4.4408920985006e-11
1449                 5.3290705182008e-11
1451                 2.6645352591004e-11
1453                 3.5527136788005e-11
1455                 2.6645352591004e-11
1457                 2.6645352591004e-11
1459                 1.7763568394003e-11
1461                 2.6645352591004e-11
1463                 8.8817841970013e-12
1465                 2.6645352591004e-11
1467                 1.7763568394003e-11
1469                 1.7763568394003e-11
1471                 8.8817841970013e-12
1473                 -0
1475                 8.8817841970013e-12
1477                 -0
1479                 8.8817841970013e-12
1481                 -0
1483                 -0
1485                 -0
1487                 -1.7763568394003e-11
1489                 -0
1491                 -8.8817841970013e-12
1493                 -0
1495                 -0
1497                 -0
1499                 -0
1501                 -8.8817841970013e-12
1503                 -0
1505                 8.8817841970013e-12
1507                 -0
1509                 -0
1511                 -0
1513                 -0
1515                 8.8817841970013e-12
1517                 1.7763568394003e-11
1519                 -0
1521                 8.8817841970013e-12
1523                 1.7763568394003e-11
1525                 1.7763568394003e-11
1527                 2.6645352591004e-11
1529                 1.7763568394003e-11
1531                 8.8817841970013e-12
1533                 8.8817841970013e-12
1535                 1.7763568394003e-11
1537                 2.6645352591004e-11
1539                 2.6645352591004e-11
1541                 1.7763568394003e-11
1543                 3.5527136788005e-11
1545                 4.4408920985006e-11
1547                 4.4408920985006e-11
1549                 5.3290705182008e-11
1551                 5.3290705182008e-11
1553                 6.2172489379009e-11
1555                 7.105427357601e-11
1557                 7.105427357601e-11
1559                 9.7699626167014e-11
1561                 9.7699626167014e-11
1563                 1.1546319456102e-10
1565                 1.3322676295502e-10
1567                 1.5099033134902e-10
1569                 1.6875389974302e-10
1571                 1.9539925233403e-10
1573                 2.2204460492503e-10
1575                 2.5757174171304e-10
1577                 2.8421709430404e-10
1579                 3.1974423109205e-10
1581                 3.6415315207705e-10
1583                 4.1744385725906e-10
1585                 4.7073456244107e-10
1587                 5.3290705182008e-10
1589                 5.9507954119908e-10
1591                 6.838973831691e-10
1593                 7.7271522513911e-10
1595                 8.7929663550312e-10
1597                 9.8587804586714e-10
1599                 1.1191048088222e-09
1601                 1.2700951401712e-09
1603                 1.4388490399142e-09
1605                 1.6164847238542e-09
1607                 1.8207657603853e-09
1609                 2.0694557179013e-09
1611                 2.3270274596143e-09
1613                 2.6467716907064e-09
1615                 2.9842794901924e-09
1617                 3.3839597790575e-09
1619                 3.8191672047105e-09
1621                 4.3254289039396e-09
1623                 4.9027448767447e-09
1625                 5.5422333389288e-09
1627                 6.2794214272799e-09
1629                 7.105427357601e-09
1631                 8.0468964824831e-09
1633                 9.0949470177293e-09
1635                 1.0302869668521e-08
1637                 1.1652900866466e-08
1639                 1.318056774835e-08
1641                 1.4912515666765e-08
1643                 1.6875389974302e-08
1645                 1.9095836023553e-08
1647                 2.1609380951304e-08
1649                 2.4460433678541e-08
1651                 2.7675639557856e-08
1653                 3.1326052862823e-08
1655                 3.5447200730232e-08
1657                 4.0101255649461e-08
1659                 4.5377035462479e-08
1661                 5.1354476227061e-08
1663                 5.8104632216782e-08
1665                 6.5760730194597e-08
1667                 7.4420469786673e-08
1669                 8.4199314187572e-08
1671                 9.5283780865429e-08
1673                 1.078070965832e-07
1675                 1.2199130594581e-07
1677                 1.380318082056e-07
1679                 1.5620393867266e-07
1681                 1.7673862373613e-07
1683                 2.0000001654807e-07
1685                 2.2630786133959e-07
1687                 2.5607960196794e-07
1689                 2.8977709121136e-07
1691                 3.2790659076909e-07
1693                 3.7104541661392e-07
1695                 4.1985970256064e-07
1697                 4.7510440026599e-07
1699                 5.3760551566029e-07
1701                 6.0833116322101e-07
1703                 6.8835603883599e-07
1705                 7.7892359229281e-07
1707                 8.8140161835781e-07
1709                 9.9736219283386e-07
1711                 1.1285727907762e-06
1713                 1.2770584589816e-06
1715                 1.4450751706363e-06
1717                 1.6351986431573e-06
1719                 1.8503243381929e-06
1721                 2.0937562794643e-06
1723                 2.3692248163343e-06
1725                 2.6809221509438e-06
1727                 3.033626683191e-06
1729                 3.4327296560832e-06
1731                 3.8843595007165e-06
1733                 4.3953907180594e-06
1735                 4.9736748053419e-06
1737                 5.6280224924876e-06
1739                 6.3684524320706e-06
1741                 7.2063155442947e-06
1743                 8.1544015984036e-06
1745                 9.2272056662068e-06
1747                 1.0441167930253e-05
1749                 1.1814851319514e-05
1751                 1.3369252371831e-05
1753                 1.5128156505284e-05
1755                 1.7118457762422e-05
1757                 1.937062066304e-05
1759                 2.1919071002685e-05
1761                 2.4802799813983e-05
1763                 2.8065949564393e-05
1765                 3.1758382590397e-05
1767                 3.5936604803055e-05
1769                 4.0664547285019e-05
1771                 4.6014481114298e-05
1773                 5.206829634119e-05
1775                 5.8918558920595e-05
1777                 6.667005614247e-05
1779                 7.5441368707629e-05
1781                 8.5366664848152e-05
1783                 9.659774313775e-05
1785                 0.00010930642169171
1787                 0.00012368709612076
1789                 0.00013995970604697
1791                 0.00015837319899958
1793                 0.00017920920747372
1795                 0.00020278643653171
1797                 0.00022946553990266
1799                 0.00025965461780686
1801                 0.00029381539867757
1803                 0.00033247043340623
1805                 0.00037621097348506
1807                 0.00042570607483583
1809                 0.00048171279409814
1811                 0.00054508778823958
1813                 0.00061680041518741
1815                 0.00069794753976282
1817                 0.00078977035578021
1819                 0.00089367325983858
1821                 0.0010112454784661
1823                 0.0011442852176913
1825                 0.0012948272765101
1827                 0.0014651740798399
1829                 0.0016579309303211
1831                 0.0018760457720646
1833                 0.0021228543012342
1835                 0.0024021309386058
1837                 0.0027181465078741
1839                 0.0030757334990028
1841                 0.0034803599024968
1843                 0.0039382126981735
1845                 0.0044562924372826
1847                 0.005042520063725
1849                 0.0057058578661895
1851                 0.0064564462842753
1853                 0.0073057586291725
1855                 0.0082667760459287
1857                 0.0093541855505919
1859                 0.010584603797881
1861                 0.01197683023868
1863                 0.013552133388828
1865                 0.015334574454684
1867                 0.017351373235996
1869                 0.019633321644008
1871                 0.022215251291868
1873                 0.025136561667694
1875                 0.028441816954938
1877                 0.032181420399624
1879                 0.036412375683526
1881                 0.041199146689763
1883                 0.046614628077535
1885                 0.052741240326171
1887                 0.059672164951508
1889                 0.067512737302877
1891                 0.076382016027665
1893                 0.0864145510171
1895                 0.097762373298949
1897                 0.11059723344253
1899                 0.12511311735963
1901                 0.14152907136911
1903                 0.16009237111092
1905                 0.18108207203049
1907                 0.20481298183661
1909                 0.2316400983382
1911                 0.26196355803698
1913                 0.29623414311786
1915                 0.33495939529615
1917                 0.37871038466974
1919                 0.42812918019663
1921                 0.48393706411076
1923                 0.54694352527918
1925                 0.61805605599652
1927                 0.69829075971306
1929                 0.78878375566305
1931                 0.89080333491864
1933                 1.0057627822135
1935                 1.1352337261261
1937                 1.2809598126839
1939                 1.4448704155789
1941                 1.6290939941843
1943                 1.8359705890791
1945                 2.068062802234
1947                 2.3281644456929
1949                 2.6193058618862
1951                 2.9447547275741
1953                 3.3080109602679
1955                 3.7127941706583
1957                 4.163021968413
1959                 4.6627773644836
1961                 5.216263561989
1963                 5.8277446350985
1965                 6.5014710157651
1967                 7.2415893861244
1969                 8.0520375516446
1971                 8.9364261518554
1973                 9.8979106248631
1975                 10.939058584629
1977                 12.061719537533
1979                 13.266905418066
1981                 14.554691474595
1983                 15.924147263533
1985                 17.373306647377
1987                 18.89918357457
1989                 20.497837084248
1991                 22.164484699445
1993                 23.893658659571
1995                 25.679394982063
1997                 27.515441856005
1999                 29.395471964069
2001                 25.769118511141
2003                 21.67640122507
2005                 18.374635542431
2007                 15.675367732717
2009                 13.443795514796
2011                 11.581324887597
2013                 10.014372593554
2015                 8.6870109490444
2017                 7.5560290570564
2019                 6.587546912602
2021                 5.7546485329674
2023                 5.0356971823273
2025                 4.4131157747529
2027                 3.8724901265397
2029                 3.4018999729213
2031                 2.9914131422437
2033                 2.6326982846481
2035                 2.3187249014978
2037                 2.0435284669595
2039                 1.8020246536299
2041                 1.5898610096521
2043                 1.4032974964984
2045                 1.2391094850184
2047                 1.0945083884017
2049                 0.96707626740411
2051                 0.85471159499306
2053                 0.75558400418174
2055                 0.66809632005338
2057                 0.59085253944602
2059                 0.52263069920677
2061                 0.46235978691023
2063                 0.40910001438021
2065                 0.36202590305123
2067                 0.32041173344766
2069                 0.28361899073737
2071                 0.25108550389064
2073                 0.22231602726741
2075                 0.19687405525382
2077                 0.17437469526094
2079                 0.15447845105321
2081                 0.13688579264759
2083                 0.12133240665513
2085                 0.10758503729669
2087                 0.095437841247659
2089                 0.084709190657506
2091                 0.075238867358607
2093                 0.06688559976098
2095                 0.059524900457575
2097                 0.053047167707376
2099                 0.047356019736711
2101                 0.042366834085428
2103                 0.038005468621094
2105                 0.03420714350888
2107                 0.030915466142645
2109                 0.028081583982598
2111                 0.025663451523883
2113                 0.023625200427091
2115                 0.021936602365713
2117                 0.020572617014381
2119                 0.019513017441852
2121                 0.018742087766199
2123                 0.018248387831932
2125                 0.018024581800447
2127                 0.01806732745635
2129                 0.018377224915156
2131                 0.018958823577719
2133                 0.019820687455763
2135                 0.020975519614552
2137                 0.022440347535735
2139                 0.02423677202934
2141                 0.026391282963445
2143                 0.028935646678718
2145                 0.031907370026119
2147                 0.035350248124288
2149                 0.039315003048657
2151                 0.043860022689302
2153                 0.049052209893929
2155                 0.054967953566631
2157                 0.061694235213849
2159                 0.069329885707958
2161                 0.07798700932149
2163                 0.08779259371039
2165                 0.098890326993839
2167                 0.11144264524532
2169                 0.12563303603663
2171                 0.14166862650988
2173                 0.15978308693043
2175                 0.18023988340055
2177                 0.20333591621124
2179                 0.22940558272566
2181                 0.25882530632515
2183                 0.29201857448591
2185                 0.32946153077695
2187                 0.37168916564134
2189                 0.41930215009423
2191                 0.47297435378901
2193                 0.53346108345842
2195                 0.6016080702409
2197                 0.67836122137344
2199                 0.76477713484735
2201                 0.86203435158971
2203                 0.97144528776738
2205                 1.0944687482617
2207                 1.2327228689113
2209                 1.3879982676457
2211                 1.5622711020491
2213                 1.7577156288873
2215                 1.9767157416251
2217                 2.2218748211156
2219                 2.4960230752402
2221                 2.8022213687073
2223                 3.1437603591122
2225                 3.5241535732844
2227                 3.9471228929333
2229                 4.4165747965152
2231                 4.9365656559619
2233                 5.5112544511715
2235                 6.144841492377
2237                 6.8414921765392
2239                 7.6052455019759
2241                 8.4399080583353
2243                 9.3489355072762
2245                 10.335305140945
2247                 11.401384855825
2249                 12.548805642378
2251                 13.778346223567
2253                 15.089839472298
2255                 16.482110374474
2257                 17.952954298082
2259                 19.499162024088
2261                 21.116594443331
2263                 22.800305336075
2265                 24.544705793392
2267                 26.343759348872
2269                 28.191193530738
2271                 30.080711926281
2273                 32.006191270861
2275                 33.961850434956
2277                 35.942382021643
2279                 37.943041893023
2281                 39.959696538707
2283                 41.988832111803
2285                 44.027531743698
2287                 46.073429240892
2289                 48.124647541581
2291                 50.179729619515
2293                 52.237568201523
2295                 54.297339047764
2297                 56.358440910227
2299                 58.420443833596
2301                 60.483046300588
2303                 62.546040890208
2305                 64.609287591573
2307                 66.672693648231
2309                 68.736198736108
2311                 70.799764335305
2313                 72.863366291207
2315                 74.926989727357
2317                 76.990625643676
2319                 79.054268690966
2321                 81.117915745406
2323                 83.181565014518
2325                 85.245215487477
2327                 87.308866604081
2329                 89.372518059161
2331                 91.436169689336
2333                 93.499821408596
2335                 95.563473172442
2337                 97.627124958262
2339                 99.690776754704
2341                 101.75442855622
2343                 103.8180803601
2345                 105.88173216509
2347                 107.94538397056
2349                 110.00903577627
2351                 112.07268758208
2353                 114.13633938792
2355                 116.19999119379
2357                 118.26364299965
2359                 120.32729480553
2361                 122.39094661141
2363                 124.45459841729
2365                 126.51825022317
2367                 128.58190202904
2369                 130.64555383491
2371                 132.70920564079
2373                 134.77285744665
2375                 136.83650925253
2377                 138.90016105841
2379                 140.96381286428
2381                 143.02746467014
2383                 145.09111647602
2385                 147.15476828187
2387                 149.21842008776
2389                 151.28207189363
2391                 153.3457236995
2393                 155.40937550538
2395                 157.47302731126
2397                 159.53667911712
2399                 161.60033092301
2401                 163.66398272886
2403                 165.72763453475
2405                 167.79128634062
2407                 169.85493814651
2409                 171.91858995238
2411                 173.98224175825
2413                 176.04589356414
2415                 178.10954537
2417                 180.17319717588
2419                 182.23684898175
2421                 184.30050078762
2423                 186.3641525935
2425                 188.42780439936
2427                 190.49145620525
2429                 192.55510801112
2431                 194.61875981699
2433                 196.68241162287
2435                 198.74606342874
2437                 200.80971523462
2439                 202.87336704048
2441                 204.93701884637
2443                 207.00067065224
2445                 209.06432245811
2447                 211.12797426398
2449                 213.19162606984
2451                 215.25527787571
2453                 217.31892968159
2455                 219.38258148746
2457                 221.44623329334
2459                 223.50988509921
2461                 225.57353690509
2463                 227.63718871095
2465                 229.70084051683
2467                 231.76449232269
2469                 233.82814412858
2471                 235.89179593446
2473                 237.95544774033
2475                 240.0190995462
2477                 242.08275135208
2479                 244.14640315796
2481                 246.21005496383
2483                 248.2737067697
2485                 250.33735857558
2487                 252.40101038144
2489                 254.46466218732
2491                 256.5283139932
2493                 258.59196579908
2495                 260.65561760494
2497                 262.71926941082
2499                 264.78292121668
2501                 266.84657302256
2503                 268.91022482842
2505                 270.97387663429
2507                 273.03752844016
2509                 275.10118024603
2511                 277.1648320519
2513                 279.22848385778
2515                 281.29213566364
2517                 283.35578746953
2519                 285.41943927539
2521                 287.48309108127
2523                 289.54674288713
2525                 291.61039469302
2527                 293.67404649889
2529                 295.73769830477
2531                 297.80135011063
2533                 299.86500191652
2535                 301.92865372237
2537                 303.99230552825
2539                 306.05595733411
2541                 308.11960913998
2543                 310.18326094586
2545                 312.24691275174
2547                 314.3105645576
2549                 316.37421636348
2551                 339.96775886447
2553                 340.11125710539
2555                 340.25475534632
2557                 340.39825358724
2559                 340.54175182815
2561                 340.68525006908
2563                 340.82874830998
2565                 340.97224655091
2567                 341.11574479183
2569                 341.25924303275
2571                 341.40274127366
2573                 341.54623951459
2575                 341.68973775549
2577                 341.83323599642
2579                 341.97673423733
2581                 342.12023247825
2583                 342.26373071917
2585                 342.40722896008
2587                 342.55072720101
2589                 342.69422544192
2591                 342.83772368284
2593                 342.98122192376
2595                 343.12472016468
2597                 343.2682184056
2599                 343.41171664652
2601                 343.55521488743
2603                 343.69871312836
2605                 343.84221136926
2607                 343.98570961019
2609                 344.1292078511
2611                 344.27270609202
2613                 344.41620433293
2615                 344.55970257385
2617                 344.70320081476
2619                 344.84669905568
2621                 344.9901972966
2623                 345.13369553752
2625                 345.27719377843
2627                 345.42069201936
2629                 345.56419026027
2631                 345.70768850119
2633                 345.85118674211
2635                 345.99468498302
2637                 346.13818322394
2639                 346.28168146485
2641                 346.42517970576
2643                 346.56867794668
2645                 346.7121761876
2647                 346.85567442851
2649                 346.99917266943
2651                 347.14267091035
2653                 347.28616915127
2655                 347.42966739219
2657                 347.57316563311
2659                 347.71666387402
2661                 347.86016211495
2663                 348.00366035586
2665                 348.14715859679
2667                 348.29065683771
2669                 348.43415507862
2671                 348.57765331954
2673                 348.72115156046
2675                 348.86464980138
2677                 349.00814804229
2679                 349.15164628321
2681                 349.29514452413
2683                 349.43864276505
2685                 349.58214100597
2687                 349.72563924688
2689                 349.8691374878
2691                 350.01263572872
2693                 350.15613396963
2695                 350.29963221055
2697                 350.44313045147
2699                 350.58662869238
2701                 350.7301269333
2703                 350.87362517422
2705                 351.01712341514
2707                 351.16062165606
2709                 351.30411989698
2711                 351.44761813789
2713                 351.59111637881
2715                 351.73461461972
2717                 351.87811286064
2719                 352.02161110156
2721                 352.16510934247
2723                 352.30860758339
2725                 352.45210582431
2727                 352.59560406523
2729                 352.73910230615
2731                 352.88260054707
2733                 353.02609878799
2735                 353.1695970289
2737                 353.31309526982
2739                 353.45659351074
2740.9774419792      330.20185210477
2742.8832025866      330.32954127097
2744.6931852871      330.45081315631
2746.4122035958      330.56599027439
2748.0448291145      330.67537893025
2749.5954036903      330.7792700349
2751.0680509614      330.87793987907
2752.4666873243      330.9716508679
2753.795032349       331.06065221884
2755.0566186707      331.1451806244
2756.2548013851      331.22546088162
2757.3927669703      331.3017064899
2758.4735417618      331.3741202188
2759.5               331.44289464727
2760.5               351.51936725836
2761.5               344.63145169431
2762.5               337.74353613026
2763.5               330.8556205662
2764.5               323.96770500215
2765.5               317.0797894381
2766.5               310.19187387405
2767.5               303.30395831001
2768.5               296.41604274598
2769.5               289.52812718202
2770.5               282.64021161824
2771.5               275.75229605498
2772.5               268.86438049324
2773.5               261.97646493572
2774.5               255.08854938968
2775.5               248.20063387391
2776.5               241.31271843598
2777.5               234.42480319269
2778.5               227.53688842296
2779.5               220.64897477422
2780.5               213.76106370709
2781.5               206.87315842361
2782.5               199.98526574447
2783.5               193.09739978361
2784.5               186.20958890806
2785.5               179.32188848207
2786.5               172.43440340958
2787.5               165.5473266128
2788.5               158.66100233509
2789.5               151.77602635828
2790.5               144.89339838186
2791.5               138.0147439826
2792.5               131.14262330916
2793.5               124.28093910794
2794.5               117.43544590469
2795.5               110.61434387222
2796.5               103.82891534498
2797.5               97.094131895967
2798.5               90.429131322174
2799.5               83.857445530833
2800.5               77.406861882796
2801.5               71.108829448729
2802.5               64.997379156351
2803.5               59.107605338866
2804.5               53.473839374907
2805.5               48.127712845416
2806.5               43.096339023345
2807.5               38.40082788156
2808.5               34.055294503246
2809.5               30.066438857455
2810.5               26.43368735844
2811.5               23.149813080152
2812.5               20.20190453385
2813.5               17.572536008401
2814.5               15.241001360857
2815.5               13.18449919592
2816.5               11.379191113574
2817.5               9.801088330581
2818.5               8.4267504733271
2819.5               7.2338014337392
2820.5               6.2012807054157
2821.5               5.3098556548892
2822.5               4.5419223367382
2823.5               3.8816213595116
2824.5               3.3147923338306
2825.5               2.8288866210002
2826.5               2.4128541474622
2827.5               2.057016375272
2828.5               1.7529343320266
2829.5               1.4932779768251
2830.5               1.271701099248
2831.5               1.0827243584455
2832.5               0.92162789267602
2833.5               0.78435408751965
2834.5               0.66742051010316
2835.5               0.5678426345912
2836.5               0.48306574914392
2837.5               0.41090530511267
2838.5               0.34949491434677
2839.5               0.29724119538832
2840.5               0.25278469729439
2841.5               0.21496617704342
2842.5               0.18279756496709
2843.5               0.15543701540333
2844.5               0.13216750308853
2845.5               0.11237848684065
2846.5               0.09555021940777
2847.5               0.081240334854904
2848.5               0.069072392518965
2849.5               0.05872609899038
2850.5               0.049928967444934
2851.5               0.042449206529849
2852.5               0.03608966024693
2853.5               0.030682645379976
2854.5               0.026085554849509
2855.5               0.022177114389343
2856.5               0.018854196179863
2857.5               0.016029107055004
2858.5               0.013627281005846
2859.5               0.011585315922158
2860.5               0.0098493035016745
2861.5               0.0083734085776221
2862.5               0.0071186608185947
2863.5               0.0060519270617121
2864.5               0.0051450373428352
2865.5               0.0043740417043914
2866.5               0.0037185781964766
2867.5               0.0031613354889437
2868.5               0.0026875959235895
2869.5               0.0022848469893866
2870.5               0.0019424509756227
2871.5               0.0016513640965776
2872.5               0.0014038977025344
2873.5               0.0011935152222087
2874.5               0.0010146595741389
2875.5               0.00086260636855684
2876.5               0.00073333917605112
2877.5               0.00062344342355303
2878.5               0.00053001621314053
2879.5               0.00045058965225664
2880.5               0.00038306567029522
2881.5               0.00032566059848804
2882.5               0.00027685806092137
2883.5               0.00023536891546883
2884.5               0.00020009720103076
2885.5               0.00017011119846089
2886.5               0.00014461881026051
2887.5               0.00012294663509493
2888.5               0.0001045221909024
2889.5               8.8858778113377e-05
2890.5               7.5542645472382e-05
2891.5               6.4222027695848e-05
2892.5               5.4597886212093e-05
2893.5               4.64159954916e-05
2894.5               3.9460217315934e-05
2895.5               3.3546814215413e-05
2896.5               2.8519577810471e-05
2897.5               2.4245709884241e-05
2898.5               2.0612311857349e-05
2899.5               1.7523407169762e-05
2900.5               1.489739442917e-05
2901.5               1.2664911341886e-05
2902.5               1.0766980640398e-05
2903.5               9.1534668733573e-06
2904.5               7.7817530197422e-06
2905.5               6.6156014000285e-06
2906.5               5.624205545729e-06
2907.5               4.7813752956927e-06
2908.5               4.0648506782759e-06
2909.5               3.4557023909088e-06
2910.5               2.9378388610724e-06
2911.5               2.4975821411033e-06
2912.5               2.1233015345956e-06
2913.5               1.805109395292e-06
2914.5               1.53459911445e-06
2915.5               1.3046297375752e-06
2916.5               1.1091194629387e-06
2917.5               9.4291241481415e-07
2918.5               8.0160766913195e-07
2919.5               6.8148153786751e-07
2920.5               5.7935878317039e-07
2921.5               4.9253490175261e-07
2922.5               4.1872505462948e-07
2923.5               3.5597746972371e-07
2924.5               3.0262903294442e-07
2925.5               2.5728086328058e-07
2926.5               2.187250380814e-07
2927.5               1.8594681350237e-07
2928.5               1.5808243603033e-07
2929.5               1.3439471757692e-07
2930.5               1.1425305146417e-07
2931.5               9.7131191978406e-08
2932.5               8.2573947679521e-08
2933.5               7.0201622293098e-08
2934.5               5.9678928465701e-08
2935.5               5.073719222537e-08
2936.5               4.3132164506687e-08
2937.5               3.6670666503369e-08
2938.5               3.1175062531474e-08
2939.5               2.6503244043852e-08
2940.5               2.2530866061743e-08
2941.5               1.9153567620833e-08
2942.5               1.6284751325202e-08
2943.5               1.3842260671026e-08
2944.5               1.1768364061027e-08
2945.5               1.0005329897922e-08
2946.5               8.5065288146779e-09
2947.5               7.229772336359e-09
2948.5               6.1461946643249e-09
2949.5               5.2269299999352e-09
2950.5               4.4431125445499e-09
2951.5               3.7769787297748e-09
2952.5               3.210764987216e-09
2953.5               2.7289281945286e-09
2954.5               2.3203661214666e-09
2955.5               1.9739765377835e-09
2956.5               1.676436767184e-09
2957.5               1.427746809668e-09
2958.5               1.2123635428907e-09
2959.5               1.0302869668521e-09
2960.5               8.7707618945387e-10
2961.5               7.4606987254811e-10
2962.5               6.3282712403634e-10
2963.5               5.3956838996783e-10
2964.5               4.5741188614556e-10
2965.5               3.9079850466806e-10
2966.5               3.2862601528905e-10
2967.5               2.8199664825479e-10
2968.5               2.3980817331903e-10
2969.5               2.0428103653103e-10
2970.5               1.7319479184152e-10
2971.5               1.4876988529977e-10
2972.5               1.2434497875802e-10
2973.5               1.0436096431476e-10
2974.5               8.8817841970013e-11
2975.5               7.5495165674511e-11
2976.5               6.6613381477509e-11
2977.5               5.3290705182008e-11
2978.5               4.6629367034257e-11
2979.5               3.9968028886506e-11
2980.5               3.3306690738755e-11
2981.5               2.6645352591004e-11
2982.5               2.4424906541753e-11
2983.5               1.9984014443253e-11
2984.5               1.7763568394003e-11
2985.5               1.5543122344752e-11
2986.5               1.1102230246252e-11
2987.5               1.1102230246252e-11
2988.5               8.8817841970013e-12
2989.5               6.6613381477509e-12
2990.5               6.6613381477509e-12
2991.5               4.4408920985006e-12
2992.5               4.4408920985006e-12
2993.5               2.2204460492503e-12
2994.5               4.4408920985006e-12
2995.5               2.2204460492503e-12
2996.5               -0
2997.5               2.2204460492503e-12
2998.5               -0
2999.5               -0
3000.5               2.2204460492503e-12
3001.5               2.2204460492503e-12
3002.5               -0
3003.5               2.2204460492503e-12
3004.5               -0
3005.5               2.2204460492503e-12
3006.5               -0
3007.5               -0
3008.5               2.2204460492503e-12
3009.5               -2.2204460492503e-12
3010.5               -0
3011.5               -0
3012.5               2.2204460492503e-12
3013.5               -0
3014.5               -0
3015.5               -0
3016.5               2.2204460492503e-12
3017.5               2.2204460492503e-12
3018.5               -0
3019.5               -0
3020.5               -0
3021.5               -0
3022.5               -2.2204460492503e-12
3023.5               -0
3024.5               -2.2204460492503e-12
3025.5               -2.2204460492503e-12
3026.5               -0
3027.5               -2.2204460492503e-12
3028.5               -0
3029.5               -0
3030.5               -0
3031.5               -0
3032.5               2.2204460492503e-12
3033.5               -0
3034.5               2.2204460492503e-12
3035.5               -0
3036.5               -0
3037.5               -0
3038.5               -0
3039.5               -0
3040.5               -0
3041.5               -0
3042.5               -0
3043.5               -0
3044.5               2.2204460492503e-12
3045.5               -0
3046.5               2.2204460492503e-12
3047.5               -0
3048.5               -0
3049.5               -0
3050.5               -2.2204460492503e-12
3051.5               -0
3052.5               -0
3053.5               -0
3054.5               -0
3055.5               -0
3056.5               -0
3057.5               -2.2204460492503e-12
3058.5               -0
3059.5               -0
3060.5               -2.2204460492503e-12
3061.5               -0
3062.5               2.2204460492503e-12
3063.5               -0
3064.5               -0
3065.5               2.2204460492503e-12
3066.5               -0
3067.5               -0
3068.5               2.2204460492503e-12
3069.5               -0
3070.5               2.2204460492503e-12
3071.5               -0
3072.5               -0
3073.5               -0
3074.5               -0
3075.5               -2.2204460492503e-12
3076.5               -2.2204460492503e-12
3077.5               -0
3078.5               -2.2204460492503e-12
3079.5               -0
3080.5               -0
3081.5               -0
3082.5               -0
3083.5               -0
3084.5               2.2204460492503e-12
3085.5               -0
3086.5               -0
3087.5               2.2204460492503e-12
3088.5               2.2204460492503e-12
3089.5               2.2204460492503e-12
3090.5               -0
3091.5               -0
3092.5               -0
3093.5               -0
3094.5               -0
3095.5               2.2204460492503e-12
3096.5               -0
3097.5               -0
3098.5               2.2204460492503e-12
3099.5               -0
3100.5               -2.2204460492503e-12
3101.5               -0
3102.5               -0
3103.5               -0
3104.5               -0
3105.5               -0
3106.5               -2.2204460492503e-12
3107.5               -2.2204460492503e-12
3108.5               -2.2204460492503e-12
3109.5               -2.2204460492503e-12
3110.5               -0
3111.5               -2.2204460492503e-12
3112.5               -0
3113.5               2.2204460492503e-12
3114.5               -0
3115.5               2.2204460492503e-12
3116.5               -0
3117.5               2.2204460492503e-12
3118.5               -0
3119.5               2.2204460492503e-12
3120.5               2.2204460492503e-12
3121.5               -0
3122.5               2.2204460492503e-12
3123.5               2.2204460492503e-12
3124.5               -0
3125.5               -0
3126.5               -0
3127.5               -2.2204460492503e-12
3128.5               -0
3129.5               -2.2204460492503e-12
3130.5               -2.2204460492503e-12
3131.5               -0
3132.5               -2.2204460492503e-12
3133.5               -0
3134.5               -0
3135.5               -0
3136.5               -0
3137.5               -0
3138.5               -0
3139.5               2.2204460492503e-12
3140.5               2.2204460492503e-12
3141.5               -0
3142.5               -0
3143.5               -0
3144.5               2.2204460492503e-12
3145.5               2.2204460492503e-12
3146.5               -0
3147.5               2.2204460492503e-12
3148.5               -0
3149.5               -0
3150.5               -0
3151.5               2.2204460492503e-12
3152.5               -0
3153.5               -0
3154.5               -0
3155.5               -0
3156.5               -0
3157.5               -0
3158.5               -0
3159.5               -0
3160.5               -0
3161.5               -0
3162.5               2.2204460492503e-12
3163.5               -0
3164.5               -2.2204460492503e-12
3165.5               -0
3166.5               2.2204460492503e-12
3167.5               -0
3168.5               2.2204460492503e-12
3169.5               -0
3170.5               -0
3171.5               -0
3172.5               2.2204460492503e-12
3173.5               -0
3174.5               -0
3175.5               -0
3176.5               -0
3177.5               -2.2204460492503e-12
3178.5               -0
3179.5               -0
3180.5               -2.2204460492503e-12
3181.5               -2.2204460492503e-12
3182.5               -2.2204460492503e-12
3183.5               -0
3184.5               -2.2204460492503e-12
3185.5               -0
3186.5               -2.2204460492503e-12
3187.5               -2.2204460492503e-12
3188.5               -2.2204460492503e-12
3189.5               -2.2204460492503e-12
3190.5               -0
3191.5               -2.2204460492503e-12
3192.5               -0
3193.5               -0
3194.5               -0
3195.5               2.2204460492503e-12
3196.5               2.2204460492503e-12
3197.5               2.2204460492503e-12
3198.5               2.2204460492503e-12
3199.5               2.2204460492503e-12
3200.5               2.2204460492503e-12
3201.5               2.2204460492503e-12
3202.5               -0
3203.5               -0
3204.5               -0
3205.5               -0
3206.5               -2.2204460492503e-12
3207.5               -2.2204460492503e-12
3208.5               -2.2204460492503e-12
3209.5               -0
3210.5               -0
3211.5               -2.2204460492503e-12
3212.5               -0
3213.5               -2.2204460492503e-12
3214.5               -2.2204460492503e-12
3215.5               -2.2204460492503e-12
3216.5               -2.2204460492503e-12
3217.5               -0
3218.5               -0
3219.5               -0
3220.5               -0
3221.5               -0
3222.5               -0
3223.5               -0
3224.5               -0
3225.5               -4.4408920985006e-12
3226.5               -0
3227.5               -2.2204460492503e-12
3228.5               -2.2204460492503e-12
3229.5               -2.2204460492503e-12
3230.5               -0
3231.5               -0
3232.5               -0
3233.5               -0
3234.5               -0
3235.5               -0
3236.5               2.2204460492503e-12
3237.5               -0
3238.5               2.2204460492503e-12
3239.5               -0
3240.5               -0
3241.5               -0
3242.5               2.2204460492503e-12
3243.5               2.2204460492503e-12
3244.5               -0
3245.5               2.2204460492503e-12
3246.5               -0
3247.5               2.2204460492503e-12
3248.5               -0
3249.5               -0
3250.5               2.2204460492503e-12
3251.5               -0
3252.5               -0
3253.5               2.2204460492503e-12
3254.5               2.2204460492503e-12
3255.5               2.2204460492503e-12
3256.5               -0
3257.5               -0
3258.5               -0
3259.5               -0
3260.5               -2.2204460492503e-12
3261.5               -0
3262.5               -2.2204460492503e-12
3263.5               -2.2204460492503e-12
3264.5               -0
3265.5               -2.2204460492503e-12
3266.5               -0
3267.5               -0
3268.5               -0
3269.5               -0
3270.5               2.2204460492503e-12
3271.5               -0
3272.5               -2.2204460492503e-12
3273.5               -0
3274.5               -0
3275.5               -0
3276.5               -0
3277.5               -0
3278.5               -0
3279.5               -0
3280.5               -0
3281.5               -0
3282.5               -0
3283.5               -0
3284.5               -0
3285.5               -2.2204460492503e-12
3286.5               -2.2204460492503e-12
3287.5               -2.2204460492503e-12
3288.5               -0
3289.5               -2.2204460492503e-12
3290.5               -0
3291.5               -0
3292.5               -2.2204460492503e-12
3293.5               -0
3294.5               -2.2204460492503e-12
3295.5               -0
3296.5               -0
3297.5               -0
3298.5               -0
3299.5               -0
3300.5               -0
3301.5               -0
3302.5               -0
3303.5               2.2204460492503e-12
3304.5               -0
3305.5               2.2204460492503e-12
3306.5               -0
3307.5               2.2204460492503e-12
3308.5               2.2204460492503e-12
3309.5               -0
3310.5               2.2204460492503e-12
3311.5               -0
3312.5               -0
3313.5               -2.2204460492503e-12
3314.5               -0
3315.5               -0
3316.5               -0
3317.5               -0
3318.5               -2.2204460492503e-12
3319.5               -0
3320.5               -0
3321.5               -2.2204460492503e-12
3322.5               -0
3323.5               -0
3324.5               -0
3325.5               -0
3326.5               -0
3327.5               -0
3328.5               2.2204460492503e-12
3329.5               -0
3330.5               2.2204460492503e-12
3331.5               2.2204460492503e-12
3332.5               2.2204460492503e-12
3333.5               -0
3334.5               2.2204460492503e-12
3335.5               -0
3336.5               -0
3337.5               -0
3338.5               -0
3339.5               -2.2204460492503e-12
3340.5               -0
3341.5               2.2204460492503e-12
3342.5               -0
3343.5               -0
3344.5               -0
3345.5               2.2204460492503e-12
3346.5               2.2204460492503e-12
3347.5               -0
3348.5               2.2204460492503e-12
3349.5               2.2204460492503e-12
3350.5               -0
3351.5               2.2204460492503e-12
3352.5               2.2204460492503e-12
3353.5               -0
3354.5               -0
3355.5               -0
3356.5               -2.2204460492503e-12
3357.5               -0
3358.5               -2.2204460492503e-12
3359.5               -2.2204460492503e-12
3360.5               -2.2204460492503e-12
3361.5               -2.2204460492503e-12
3362.5               -0
3363.5               -2.2204460492503e-12
3364.5               -0
3365.5               2.2204460492503e-12
3366.5               2.2204460492503e-12
3367.5               2.2204460492503e-12
3368.5               2.2204460492503e-12
3369.5               2.2204460492503e-12
3370.5               -0
3371.5               -0
3372.5               -0
3373.5               2.2204460492503e-12
3374.5               -2.2204460492503e-12
3375.5               -0
3376.5               -0
3377.5               -0
3378.5               -0
3379.5               -0
3380.5               -0
3381.5               -0
3382.5               -2.2204460492503e-12
3383.5               -0
3384.5               -2.2204460492503e-12
3385.5               -0
3386.5               -2.2204460492503e-12
3387.5               -0
3388.5               -0
3389.5               -0
3390.5               -0
3391.5               -2.2204460492503e-12
3392.5               -2.2204460492503e-12
3393.5               -0
3394.5               -0
3395.5               -0
3396.5               -0
3397.5               2.2204460492503e-12
3398.5               -0
3399.5               -0
3400.5               -0
3401.5               -0
3402.5               2.2204460492503e-12
3403.5               2.2204460492503e-12
3404.5               -0
3405.5               -0
3406.5               -0
3407.5               -0
3408.5               -0
3409.5               -0
3410.5               2.2204460492503e-12
3411.5               -0
3412.5               -0
3413.5               -0
3414.5               -2.2204460492503e-12
3415.5               -2.2204460492503e-12
3416.5               -2.2204460492503e-12
3417.5               -0
3418.5               -2.2204460492503e-12
3419.5               -0
3420.5               -0
3421.5               -2.2204460492503e-12
3422.5               -0
3423.5               -2.2204460492503e-12
3424.5               -0
3425.5               -0
3426.5               2.2204460492503e-12
3427.5               2.2204460492503e-12
3428.5               2.2204460492503e-12
3429.5               2.2204460492503e-12
3430.5               2.2204460492503e-12
3431.5               -0
3432.5               2.2204460492503e-12
3433.5               2.2204460492503e-12
3434.5               -0
3435.5               -0
3436.5               2.2204460492503e-12
3437.5               -0
3438.5               -0
3439.5               2.2204460492503e-12
3440.5               -0
3441.5               -0
3442.5               2.2204460492503e-12
3443.5               -0
3444.5               -2.2204460492503e-12
3445.5               -0
3446.5               -2.2204460492503e-12
3447.5               -2.2204460492503e-12
3448.5               -2.2204460492503e-12
3449.5               -0
3450.5               -2.2204460492503e-12
3451.5               -0
3452.5               -2.2204460492503e-12
3453.5               -2.2204460492503e-12
3454.5               -4.4408920985006e-12
3455.5               -2.2204460492503e-12
3456.5               -0
3457.5               -2.2204460492503e-12
3458.5               -0
3459.5               -0
3460.5               -0
3461.5               -0
3462.5               -0
3463.5               2.2204460492503e-12
3464.5               2.2204460492503e-12
3465.5               2.2204460492503e-12
3466.5               2.2204460492503e-12
3467.5               2.2204460492503e-12
3468.5               4.4408920985006e-12
3469.5               -0
3470.5               2.2204460492503e-12
3471.5               -0
3472.5               2.2204460492503e-12
3473.5               -0
3474.5               -2.2204460492503e-12
3475.5               -0
3476.5               -2.2204460492503e-12
3477.5               -2.2204460492503e-12
3478.5               -4.4408920985006e-12
3479.5               -2.2204460492503e-12
3480.5               -2.2204460492503e-12
3481.5               -0
3482.5               -2.2204460492503e-12
3483.5               -2.2204460492503e-12
3484.5               -0
3485.5               -0
3486.5               -0
3487.5               -0
3488.5               2.2204460492503e-12
3489.5               -0
3490.5               -0
3491.5               -0
3492.5               -0
3493.5               -0
3494.5               -0
3495.5               -0
3496.5               -0
3497.5               -0
3498.5               -0
3499.5               2.2204460492503e-12
3500.5               -0
3501.5               2.2204460492503e-12
3502.5               -0
3503.5               -0
3504.5               -0
3505.5               -2.2204460492503e-12
3506.5               -2.2204460492503e-12
3507.5               -0
3508.5               -2.2204460492503e-12
3509.5               -2.2204460492503e-12
3510.5               -0
3511.5               -0
3512.5               -0
3513.5               -0
3514.5               2.2204460492503e-12
3515.5               -0
3516.5               -0
3517.5               2.2204460492503e-12
3518.5               -0
3519.5               -0
3520.5               -0
3521.5               -0
3522.5               -2.2204460492503e-12
3523.5               2.2204460492503e-12
3524.5               -0
3525.5               -0
3526.5               -0
3527.5               2.2204460492503e-12
3528.5               -0
3529.5               2.2204460492503e-12
3530.5               -2.2204460492503e-12
3531.5               -0
3532.5               -0
3533.5               -0
3534.5               -0
3535.5               -0
3536.5               -2.2204460492503e-12
3537.5               -0
3538.5               -2.2204460492503e-12
3539.5               -2.2204460492503e-12
3540.5               -2.2204460492503e-12
3541.5               -0
3542.5               -0
3543.5               -2.2204460492503e-12
3544.5               -2.2204460492503e-12
3545.5               -2.2204460492503e-12
3546.5               -4.4408920985006e-12
3547.5               -6.6613381477509e-12
3548.5               -4.4408920985006e-12
3549.5               -4.4408920985006e-12
3550.5               -6.6613381477509e-12
3551.5               -6.6613381477509e-12
3552.5               -1.1102230246252e-11
3553.5               -1.1102230246252e-11
3554.5               -1.3322676295502e-11
3555.5               -1.5543122344752e-11
3556.5               -1.7763568394003e-11
3557.5               -2.2204460492503e-11
3558.5               -2.4424906541753e-11
3559.5               -2.8865798640254e-11
3560.5               -3.3306690738755e-11
3561.5               -3.9968028886506e-11
3562.5               -4.6629367034257e-11
3563.5               -5.7731597280508e-11
3564.5               -6.6613381477509e-11
3565.5               -7.7715611723761e-11
3566.5               -9.1038288019263e-11
3567.5               -1.0880185641327e-10
3568.5               -1.2878587085652e-10
3569.5               -1.4876988529977e-10
3570.5               -1.7763568394003e-10
3571.5               -2.0428103653103e-10
3572.5               -2.4424906541753e-10
3573.5               -2.8421709430404e-10
3574.5               -3.3750779948605e-10
3575.5               -3.9523939676656e-10
3576.5               -4.6629367034257e-10
3577.5               -5.5067062021408e-10
3578.5               -6.4392935428259e-10
3579.5               -7.5939254884361e-10
3580.5               -8.9261931179863e-10
3581.5               -1.0502709812954e-09
3582.5               -1.2345680033832e-09
3583.5               -1.4521717162097e-09
3584.5               -1.7075230118735e-09
3585.5               -2.0095036745715e-09
3586.5               -2.3625545964023e-09
3587.5               -2.7777780076121e-09
3588.5               -3.2684965844965e-09
3589.5               -3.8458125573015e-09
3590.5               -4.5208281562736e-09
3591.5               -5.3179682879545e-09
3592.5               -6.2549965207381e-09
3593.5               -7.3607786532648e-09
3594.5               -8.657519146027e-09
3595.5               -1.0182965581862e-08
3596.5               -1.1979306435705e-08
3597.5               -1.4090950628542e-08
3598.5               -1.6573409311604e-08
3599.5               -1.9493295866368e-08
3600.5               -2.2930546350608e-08
3601.5               -2.6971758160244e-08
3602.5               -3.1725733151688e-08
3603.5               -3.731903674975e-08
3604.5               -4.3895997947629e-08
3605.5               -5.1636472875316e-08
3606.5               -6.0740301677242e-08
3607.5               -7.1445072080678e-08
3608.5               -8.4041662518075e-08
3609.5               -9.8852037666575e-08
3610.5               -1.1628031870714e-07
3611.5               -1.3677725618777e-07
3612.5               -1.6088685939053e-07
3613.5               -1.8924639633155e-07
3614.5               -2.2260859822154e-07
3615.5               -2.6184610035784e-07
3616.5               -3.0800473282966e-07
3617.5               -3.6229463873383e-07
3618.5               -4.2615910800237e-07
3619.5               -5.012812387406e-07
3620.5               -5.8964166882447e-07
3621.5               -6.9357852794383e-07
3622.5               -8.1584072830765e-07
3623.5               -9.5965013713339e-07
3624.5               -1.1288103785034e-06
3625.5               -1.3277889898688e-06
3626.5               -1.5618439874743e-06
3627.5               -1.8371526522287e-06
3628.5               -2.1609958267277e-06
3629.5               -2.5419200078147e-06
3630.5               -2.9899926978771e-06
3631.5               -3.5170466539114e-06
3632.5               -4.1370085135384e-06
3633.5               -4.8662518459253e-06
3634.5               -5.7240412409953e-06
3635.5               -6.7330385711273e-06
3636.5               -7.9198914093581e-06
3637.5               -9.3159568947954e-06
3638.5               -1.0958112195425e-05
3639.5               -1.2889731504373e-05
3640.5               -1.5161849553635e-05
3641.5               -1.7834476118139e-05
3642.5               -2.0978214720913e-05
3643.5               -2.4676112264643e-05
3644.5               -2.902585061193e-05
3645.5               -3.4142326743591e-05
3646.5               -4.0160701431091e-05
3647.5               -4.7239954170664e-05
3648.5               -5.5567088708131e-05
3649.5               -6.5362073531361e-05
3650.5               -7.6883650557136e-05
3651.5               -9.0436169664088e-05
3652.5               -0.00010637763336874
3653.5               -0.00012512914038254
3654.5               -0.00014718603225106
3655.5               -0.00017313095401761
3656.5               -0.00020364925523708
3657.5               -0.00023954709771346
3658.5               -0.00028177274291608
3659.5               -0.00033144160305199
3660.5               -0.00038986570416455
3661.5               -0.00045858834063495
3662.5               -0.00053942484701253
3663.5               -0.00063451053078367
3664.5               -0.00074635709612636
3665.5               -0.00087791896863365
3666.5               -0.0010326713306696
3667.5               -0.0012147019146092
3668.5               -0.0014288189564837
3669.5               -0.0016806781899525
3670.5               -0.001976932200165
3671.5               -0.0023254061121136
3672.5               -0.0027353042364453
3673.5               -0.0032174530795182
3674.5               -0.0037845872413733
3675.5               -0.0044516855779442
3676.5               -0.005236366649175
3677.5               -0.006159353755919
3678.5               -0.0072450218513431
3679.5               -0.0085220407575193
3680.5               -0.010024131513742
3681.5               -0.011790955847246
3682.5               -0.013869162009961
3683.5               -0.016313614508157
3684.5               -0.019188839879281
3685.5               -0.022570726336824
3686.5               -0.026548521721015
3687.5               -0.031227181733762
3688.5               -0.036730129571172
3689.5               -0.043202498452022
3690.5               -0.050814940828481
3691.5               -0.059768102254054
3692.5               -0.070297874552594
3693.5               -0.082681561990317
3694.5               -0.097245116521538
3695.5               -0.11437162369177
3696.5               -0.1345112502138
3697.5               -0.15819289791885
3698.5               -0.18603784689208
3699.5               -0.21877571371398
3700.5               -0.25726309889285
3701.5               -0.30250535056453
3702.5               -0.3556819294448
3703.5               -0.4181759212174
3704.5               -0.49160830610129
3705.5               -0.57787765780581
3706.5               -0.67920600163696
3707.5               -0.79819160727856
3708.5               -0.93786951667063
3709.5               -1.1017805980584
3710.5               -1.2940498553871
3711.5               -1.5194745831804
3712.5               -1.7836227082424
3713.5               -2.0929412583226
3714.5               -2.4548742923369
3715.5               -2.8779887516261
3716.5               -3.3721054743152
3717.5               -3.9484309753446
3718.5               -4.619683457936
3719.5               -5.4002038345025
3720.5               -6.3060392895919
3721.5               -7.3549831991171
3722.5               -8.5665512577293
3723.5               -9.9618699044512
3724.5               -11.563450307812
3725.5               -13.394820350252
3726.5               -15.4799896536
3727.5               -17.842730354765
3728.5               -20.505670650235
3729.5               -23.489220062021
3730.5               -26.810374580655
3731.5               -30.481483774709
3732.5               -34.509095284834
3733.5               -38.893016779897
3734.5               -43.62574191602
3735.5               -48.692366765726
3736.5               -54.071073010729
3737.5               -59.734178362192
3738.5               -65.649666706742
3739.5               -71.783030469275
3740.5               -78.099206344056
3741.5               -84.564376873069
3742.5               -91.147446252726
3743.5               -97.821068284716
3744.5               -104.56218804977
3745.5               -111.35213579248
3746.5               -118.17636612254
3747.5               -125.02396137268
3748.5               -131.88701692635
3749.5               -138.7600063929
3750.5               -145.63919539661
3751.5               -152.52214295524
3752.5               -159.4073045611
3753.5               -166.29373362298
3754.5               -173.18086791054
3755.5               -180.06838364595
3756.5               -186.95609997188
3757.5               -193.84391886407
3758.5               -200.73178875542
3759.5               -207.6196833087
3760.5               -126.55922790121
3761.5187209763      -65.762958278119
3762.5755848552      -34.251984632143
3763.6720197814      -17.683219868694
3764.8095073722      -8.9873807308981
3765.9895847196      -4.477619443591
3767.2138464671      -2.1807413705533
3768.483946965       -1.0362838807466
3769.8016025056      -0.4797923804288
3771.1685936425      -0.21618300160751
3772.5867675969      -0.094696364480295
3774.0580407534      -0.040287098923431
3775.5844012497      -0.016630934649324
3777.1679116635      -0.0066565651884207
3778.8107117992      -0.002583985517974
3780.5150215798      -0.00098067442530064
3782.2831440465      -0.00038823904156947
3784.117468471       -0.00022992395831343
3786.0204735836      -0.00035652834877355
3787.9947309236      -0.00097327521238974
3790                 -4758.2579429988
3792                 -0
3794                 -0
3796                 -0
3798                 -0
