x[nm]                E[kV/cm]            
-8                   -0
-6                   -0
-4                   -0
-2                   -0
0                    -293.22280207595
1.999                -0.0003758875804321
3.997                -0.00021712368750885
5.995                -0.00012541699855272
7.9929999999999      -7.2444543968425e-05
9.9909999999999      -4.1846077265091e-05
11.989               -2.4171504526556e-05
13.987               -1.3962182539036e-05
15.985               -8.0649623338229e-06
17.983               -4.6585358193641e-06
19.981               -2.6909227821201e-06
21.979               -1.5543389064999e-06
23.977               -8.9785147396073e-07
25.975               -5.1861084662611e-07
27.973               -2.9958018048264e-07
29.971               -1.7304809570614e-07
31.969               -9.9966748259342e-08
33.967               -5.7736042617945e-08
35.965               -3.3340030769525e-08
37.963               -1.9257201772477e-08
39.961               -1.1131124939585e-08
41.959               -6.4368486072362e-09
43.957               -3.6985207466993e-09
45.955               -2.1515433189933e-09
47.953               -1.2446944820623e-09
49.951               -7.1125398974986e-10
51.948999999999      -4.0897104410617e-10
53.946999999999      -2.311575466687e-10
55.944999999999      -1.4225079794997e-10
57.942999999999      -7.1125398974986e-11
59.940999999999      -5.3344049231239e-11
61.938999999999      -3.5562699487493e-11
63.936999999999      -3.5562699487493e-11
65.934999999999      -1.7781349743746e-11
67.932999999999      -0
69.930999999999      -0
71.928999999999      -0
73.926999999999      -0
75.924999999999      -1.7781349743746e-11
77.922999999999      -0
79.920999999999      -0
81.918999999999      -0
83.916999999999      -0
85.914999999999      -0
87.912999999999      -0
89.910999999999      -0
91.908999999999      -0
93.906999999999      -0
95.904999999999      1.7781349743746e-11
97.902999999999      -0
99.900999999999      -0
101.899              -0
103.897              -1.7781349743746e-11
105.895              -0
107.893              -0
109.891              -0
111.889              -0
113.887              -0
115.885              1.7781349743746e-11
117.883              -0
119.881              -0
121.879              -1.7781349743746e-11
123.877              1.7781349743746e-11
125.875              -0
127.873              -0
129.871              -1.7781349743747e-11
131.869              -0
133.867              -0
135.865              -0
137.863              -0
139.861              -0
141.859              -0
143.857              -0
145.855              -0
147.853              -0
149.851              -0
151.849              -0
153.847              -0
155.845              -1.7781349743747e-11
157.843              1.7781349743746e-11
159.841              -0
161.839              -0
163.837              -0
165.835              -0
167.833              -0
169.831              -0
171.829              -0
173.827              -0
175.825              -0
177.823              -0
179.821              -0
181.819              -0
183.817              -0
185.815              -0
187.813              -1.7781349743747e-11
189.811              1.7781349743746e-11
191.809              -0
193.807              -0
195.805              -0
197.803              -0
199.801              -0
201.799              -0
203.797              -0
205.795              1.7781349743747e-11
207.793              -1.7781349743747e-11
209.791              -0
211.789              -0
213.787              -0
215.785              -0
217.783              -0
219.781              -0
221.779              -0
223.777              -0
225.775              -0
227.773              -0
229.771              -0
231.769              -0
233.767              -0
235.765              -0
237.763              -0
239.761              -0
241.759              -0
243.757              -0
245.755              -1.7781349743747e-11
247.753              1.7781349743746e-11
249.751              -0
251.749              -0
253.747              -0
255.745              -0
257.743              -0
259.741              -0
261.739              -0
263.737              -0
265.735              1.7781349743747e-11
267.733              -1.7781349743746e-11
269.731              -0
271.729              -0
273.727              -0
275.725              -0
277.723              -0
279.721              1.7781349743746e-11
281.719              -0
283.717              -0
285.715              -0
287.713              -0
289.711              -1.7781349743746e-11
291.709              -0
293.707              -0
295.705              -0
297.703              -0
299.701              -0
301.699              -0
303.697              -0
305.695              -0
307.693              -0
309.691              -0
311.689              -0
313.687              -0
315.685              -0
317.683              -0
319.681              -0
321.679              -0
323.677              -0
325.675              -0
327.673              -0
329.671              -0
331.669              -0
333.667              -0
335.665              -0
337.663              -0
339.661              -0
341.659              -0
343.657              -0
345.655              -0
347.653              -0
349.651              -0
351.649              -0
353.647              -0
355.645              -0
357.643              1.7781349743747e-11
359.641              -0
361.639              -0
363.637              -0
365.635              -1.7781349743746e-11
367.633              -0
369.631              -0
371.629              -0
373.627              -0
375.625              -0
377.623              -0
379.621              -0
381.619              -0
383.617              1.7781349743746e-11
385.615              -0
387.613              -0
389.611              -1.7781349743746e-11
391.609              -0
393.607              -0
395.605              -0
397.60299999999      -0
399.60099999999      -0
401.59899999999      -0
403.59699999999      -0
405.59499999999      -0
407.59299999999      -0
409.59099999999      -0
411.58899999999      -0
413.58699999999      -0
415.58499999999      -0
417.58299999999      -0
419.58099999999      -0
421.57899999999      -0
423.57699999999      -0
425.57499999999      -0
427.57299999999      -0
429.57099999999      -0
431.56899999999      -0
433.56699999999      -0
435.56499999999      -0
437.56299999999      -0
439.56099999999      -0
441.55899999999      -0
443.55699999999      -0
445.55499999999      -0
447.55299999999      -0
449.55099999999      -0
451.54899999999      -0
453.54699999999      -0
455.54499999999      -0
457.54299999999      1.7781349743747e-11
459.54099999999      -0
461.53899999999      -0
463.53699999999      -0
465.53499999999      -0
467.53299999999      -0
469.53099999999      -0
471.52899999999      -1.7781349743746e-11
473.52699999999      -0
475.52499999999      -0
477.52299999999      -0
479.52099999999      -0
481.51899999999      -0
483.51699999999      -0
485.51499999999      -0
487.51299999999      -0
489.51099999999      -0
491.50899999999      -0
493.50699999999      1.7781349743746e-11
495.50499999999      -0
497.50299999999      -0
499.50099999999      -1.7781349743746e-11
501.49899999999      -0
503.49699999999      -0
505.49499999999      -0
507.49299999999      1.7781349743746e-11
509.49099999999      -0
511.48899999999      -0
513.48699999999      -0
515.48499999999      -0
517.48299999999      -0
519.48099999999      -0
521.47899999999      1.7781349743746e-11
523.47699999999      -0
525.47499999999      -0
527.47299999999      -1.7781349743746e-11
529.47099999999      -0
531.46899999999      -0
533.46699999999      -0
535.46499999999      -0
537.46299999999      -0
539.46099999999      -0
541.45899999999      -0
543.45699999999      -0
545.45499999999      -0
547.45299999999      -0
549.45099999999      -0
551.44899999999      -0
553.44699999999      -0
555.44499999999      -0
557.44299999999      1.7781349743746e-11
559.44099999999      -0
561.43899999999      -1.7781349743746e-11
563.43699999999      -0
565.43499999999      -0
567.43299999999      -0
569.43099999999      -0
571.42899999999      -0
573.42699999999      -0
575.42499999999      -0
577.42299999999      -0
579.42099999999      -0
581.41899999999      -0
583.41699999999      -0
585.41499999999      -0
587.41299999999      -0
589.41099999999      -0
591.40899999999      -0
593.40699999999      -0
595.40499999999      -0
597.40299999999      -0
599.40099999999      -0
601.39899999999      -0
603.39699999999      -0
605.39499999999      -0
607.39299999999      -0
609.39099999999      -0
611.38899999999      -0
613.38699999999      -0
615.38499999999      -0
617.38299999999      -0
619.38099999999      -0
621.37899999999      -0
623.37699999999      -0
625.37499999999      -0
627.37299999999      -0
629.37099999999      -0
631.369              -0
633.36699999999      -0
635.365              -0
637.363              -0
639.361              -0
641.359              -0
643.357              -0
645.355              -0
647.353              -0
649.351              -0
651.349              -0
653.347              -0
655.345              -0
657.343              -0
659.341              -0
661.339              -0
663.337              -0
665.335              -0
667.333              -0
669.331              -0
671.329              -0
673.327              -0
675.325              -0
677.323              -0
679.321              -0
681.319              -0
683.317              -0
685.315              -0
687.313              -0
689.311              -0
691.309              -0
693.307              -0
695.305              -0
697.303              -0
699.301              -0
701.299              -0
703.297              -0
705.295              -0
707.293              -0
709.291              -0
711.289              -0
713.287              -0
715.285              -0
717.283              -0
719.281              -0
721.279              -0
723.277              -0
725.275              -0
727.273              -0
729.271              -0
731.269              -0
733.267              -0
735.265              -0
737.263              -0
739.261              -0
741.259              -0
743.257              -0
745.255              -0
747.253              -0
749.251              -0
751.249              -0
753.247              -0
755.245              -0
757.243              -0
759.241              -0
761.239              -0
763.237              -0
765.235              -0
767.233              -0
769.231              -0
771.229              -0
773.227              -0
775.225              -0
777.223              -0
779.221              -0
781.219              -0
783.217              -0
785.215              -0
787.213              -0
789.211              -0
791.209              -0
793.207              -0
795.205              -0
797.203              -0
799.201              -0
801.199              -0
803.197              -0
805.195              -0
807.193              -0
809.191              -0
811.189              -0
813.187              -0
815.185              -0
817.183              -0
819.181              -0
821.179              -0
823.177              -0
825.175              -0
827.173              -0
829.171              -0
831.169              -0
833.167              -0
835.165              -0
837.163              -0
839.161              -0
841.159              -0
843.157              -0
845.155              -0
847.153              -0
849.151              -0
851.149              -0
853.147              -0
855.145              -0
857.143              -0
859.141              -0
861.139              -0
863.137              -0
865.135              -0
867.133              -0
869.131              -0
871.129              -0
873.127              -0
875.125              -0
877.123              -0
879.121              -0
881.119              -0
883.117              -0
885.115              1.7781349743746e-11
887.113              -0
889.111              -0
891.109              1.7781349743746e-11
893.107              1.7781349743746e-11
895.105              7.1125398974983e-11
897.103              8.8906748718729e-11
899.101              1.6003214769371e-10
901.099              2.667202461562e-10
903.097              4.8009644308114e-10
905.095              8.1794208821231e-10
907.093              1.4047266297559e-09
909.091              2.4360449148932e-09
911.089              4.2141798892678e-09
913.087              7.3259160944237e-09
915.085              1.2660321017547e-08
917.083              2.1924404234039e-08
919.081              3.7963181702897e-08
921.079              6.5702087303141e-08
923.077              1.1376507566049e-07
925.075              1.9694622976174e-07
927.073              3.4093959998658e-07
929.071              5.9026968609339e-07
931.069              1.0218763884233e-06
933.067              1.769084267355e-06
935.065              3.062641898513e-06
937.063              5.3020962106397e-06
939.061              9.1790705833667e-06
941.059              1.5890943327089e-05
943.057              2.7510628632233e-05
945.055              4.7626776285431e-05
947.053              8.2452154324454e-05
949.051              0.00014274232780093
951.049              0.00024711755275819
953.047              0.00042781338920776
955.045              0.00074063649663229
957.043              0.0012822000962921
959.041              0.0022197620362884
961.039              0.0038428806438863
963.037              0.0066528407429912
965.035              0.011517465979936
967.033              0.019939121496146
969.031              0.034518652778767
971.029              0.059758469795293
973.027              0.10345257698211
975.025              0.1790921720611
977.023              0.31002773350887
979.021              0.53666693299968
981.019              0.92891312640338
983.017              1.6076311896167
985.015              2.7816060487238
987.013              4.810915819918
989.011              8.3148145253625
991.009              14.353007872346
993.007              24.722973868712
995.005              42.424958343482
997.003              72.316398140166
999.001              121.78383953491
1001                 129.78541091812
1003                 92.365695319163
1005                 68.71221141088
1007                 52.929897649001
1009                 41.884421059368
1011                 33.837314497163
1013                 27.778525650444
1015                 23.093396291056
1017                 19.391305051695
1019                 16.414095327359
1021                 13.985132249257
1023                 11.979821201695
1025                 10.30790099545
1027                 8.9024395801651
1029                 7.7127795853649
1031                 6.6998872070734
1033                 5.8332069185241
1035                 5.0884851819433
1037                 4.4462330485295
1039                 3.8906194167332
1041                 3.4086605051264
1043                 2.9896168615196
1045                 2.6245382601431
1047                 2.3059156363914
1049                 2.0274116143959
1051                 1.7836495156587
1053                 1.5700464256341
1055                 1.3826798374517
1057                 1.218180163729
1059                 1.073643378664
1061                 0.94655947650679
1063                 0.83475346711381
1065                 0.7363363940982
1067                 0.64966442874237
1069                 0.57330451953774
1071                 0.50600540113521
1073                 0.44667301345669
1075                 0.39434957209039
1077                 0.34819567940048
1079                 0.3074749816534
1081                 0.27154096768456
1083                 0.23982557863178
1085                 0.21182935437736
1087                 0.18711289017759
1089                 0.16528941346294
1091                 0.1460183221802
1093                 0.12899955070367
1095                 0.1139686499485
1097                 0.10069248524758
1099                 0.088965470368407
1101                 0.078606266900039
1103                 0.069454889057852
1105                 0.061370161894558
1107                 0.054227488046621
1109                 0.047916884273747
1111                 0.04234125439595
1113                 0.03741486898079
1115                 0.033062026680852
1117                 0.029215875088084
1119                 0.025817371405168
1121                 0.022814366449353
1123                 0.020160796641022
1125                 0.017815971755653
1127                 0.015743946146785
1129                 0.013912964167417
1131                 0.012294970712645
1133                 0.010865178978747
1135                 0.009601689239247
1137                 0.0084851518700191
1139                 0.0074984701647907
1141                 0.0066265375586738
1143                 0.0058560057958346
1145                 0.005175080044495
1147                 0.0045733380105162
1149                 0.0040415700119922
1151                 0.0035716379365169
1153                 0.0031563502922438
1155                 0.0027893522691613
1157                 0.0024650281638117
1159                 0.0021784154924376
1161                 0.0019251289629096
1163                 0.0017012932573834
1165                 0.001503483790799
1167                 0.0013286742195362
1169                 0.0011741901317919
1171                 0.0010376681913726
1173                 0.00091701979343384
1175                 0.00081039924992865
1177                 0.00071617551000713
1179                 0.00063290709562125
1181                 0.00055932028786287
1183                 0.00049428933834861
1185                 0.00043681945172125
1187                 0.00038603149121741
1189                 0.00034114858493695
1191                 0.00030148411767073
1193                 0.00026643137474025
1195                 0.00023545412730641
1197                 0.00020807854994587
1199                 0.00018388583100659
1201                 0.00016250597312251
1203                 0.0001436118779452
1205                 0.00012691456774405
1207                 0.00011215858464197
1209                 9.9118242502527e-05
1211                 8.7594056452645e-05
1213                 7.7409776366721e-05
1215                 6.8409597986374e-05
1217                 6.0455818129412e-05
1219                 5.3426809643042e-05
1221                 4.7215031884207e-05
1223                 4.1725503052703e-05
1225                 3.6874183706459e-05
1227                 3.2586946474567e-05
1229                 2.8798172735378e-05
1231                 2.5449899965224e-05
1233                 2.2490915796425e-05
1235                 1.987597642028e-05
1237                 1.7565078280768e-05
1239                 1.5522818586078e-05
1241                 1.3718040037247e-05
1243                 1.2123084758286e-05
1245                 1.0713563369791e-05
1247                 9.4679464268665e-06
1249                 8.3671380934902e-06
1251                 7.3943340339611e-06
1253                 6.5346128508281e-06
1255                 5.7748650306166e-06
1257                 5.1034199088917e-06
1259                 4.5100634338269e-06
1261                 3.9857006584043e-06
1263                 3.5222846861416e-06
1265                 3.1127633803862e-06
1267                 2.7508484379268e-06
1269                 2.4310153889928e-06
1271                 2.1483792522758e-06
1273                 1.898570189951e-06
1275                 1.6778400890871e-06
1277                 1.4827605809842e-06
1279                 1.3103829132888e-06
1281                 1.158007023605e-06
1283                 1.0233769387469e-06
1285                 9.0439655764385e-07
1287                 7.9923623275135e-07
1289                 7.0631500648233e-07
1291                 6.2421179336525e-07
1293                 5.5161208933896e-07
1295                 4.87503371005e-07
1297                 4.3080206069135e-07
1299                 3.8072656138866e-07
1301                 3.3644198538241e-07
1303                 2.9734437134721e-07
1305                 2.6277646725248e-07
1307                 2.322053660464e-07
1309                 2.0520474208752e-07
1311                 1.8136603330277e-07
1313                 1.6026291405069e-07
1315                 1.4164669437378e-07
1317                 1.2517986647254e-07
1319                 1.1061374038945e-07
1321                 9.777068044059e-08
1323                 8.6384233100034e-08
1325                 7.6347816957423e-08
1327                 6.7483796328816e-08
1329                 5.9632299098666e-08
1331                 5.2722270993399e-08
1333                 4.6576076329075e-08
1335                 4.114042440051e-08
1337                 3.6379788070917e-08
1339                 3.2134295224751e-08
1341                 2.8386182293616e-08
1343                 2.5099922140726e-08
1345                 2.2186696924109e-08
1347                 1.9610979506979e-08
1349                 1.7319479184152e-08
1351                 1.531219595563e-08
1353                 1.353583911623e-08
1355                 1.1954881529164e-08
1357                 1.0569323194431e-08
1359                 9.3436369752453e-09
1361                 8.2600593032112e-09
1363                 7.300826609935e-09
1365                 6.4481753270229e-09
1367                 5.6843418860808e-09
1369                 5.0448534238967e-09
1371                 4.4408920985006e-09
1373                 3.9257486150746e-09
1375                 3.4638958368305e-09
1377                 3.0730973321624e-09
1379                 2.7000623958884e-09
1381                 2.3980817331903e-09
1383                 2.1138646388863e-09
1385                 1.8829382497643e-09
1387                 1.6697754290362e-09
1389                 1.4743761767022e-09
1391                 1.2967404927622e-09
1393                 1.1546319456102e-09
1395                 9.9475983006414e-10
1397                 8.8817841970013e-10
1399                 7.9936057773011e-10
1401                 6.927791673661e-10
1403                 6.0396132539609e-10
1405                 5.3290705182008e-10
1407                 4.7961634663807e-10
1409                 4.2632564145606e-10
1411                 3.7303493627405e-10
1413                 3.3750779948605e-10
1415                 3.0198066269804e-10
1417                 2.6645352591004e-10
1419                 2.3092638912203e-10
1421                 1.9539925233403e-10
1423                 1.7763568394003e-10
1425                 1.4210854715202e-10
1427                 1.4210854715202e-10
1429                 1.0658141036402e-10
1431                 1.0658141036402e-10
1433                 8.8817841970013e-11
1435                 8.8817841970013e-11
1437                 7.105427357601e-11
1439                 7.105427357601e-11
1441                 5.3290705182008e-11
1443                 5.3290705182008e-11
1445                 5.3290705182008e-11
1447                 1.7763568394003e-11
1449                 3.5527136788005e-11
1451                 1.7763568394003e-11
1453                 1.7763568394003e-11
1455                 1.7763568394003e-11
1457                 1.7763568394003e-11
1459                 1.7763568394003e-11
1461                 1.7763568394003e-11
1463                 -0
1465                 -0
1467                 -0
1469                 -1.7763568394003e-11
1471                 -0
1473                 -0
1475                 -0
1477                 -0
1479                 1.7763568394003e-11
1481                 -0
1483                 -0
1485                 -0
1487                 1.7763568394003e-11
1489                 -0
1491                 1.7763568394003e-11
1493                 3.5527136788005e-11
1495                 1.7763568394003e-11
1497                 1.7763568394003e-11
1499                 3.5527136788005e-11
1501                 1.7763568394003e-11
1503                 1.7763568394003e-11
1505                 1.7763568394003e-11
1507                 1.7763568394003e-11
1509                 1.7763568394003e-11
1511                 -0
1513                 1.7763568394003e-11
1515                 1.7763568394003e-11
1517                 1.7763568394003e-11
1519                 -0
1521                 -0
1523                 1.7763568394003e-11
1525                 -0
1527                 1.7763568394003e-11
1529                 1.7763568394003e-11
1531                 1.7763568394003e-11
1533                 1.7763568394003e-11
1535                 1.7763568394003e-11
1537                 3.5527136788005e-11
1539                 1.7763568394003e-11
1541                 3.5527136788005e-11
1543                 3.5527136788005e-11
1545                 3.5527136788005e-11
1547                 3.5527136788005e-11
1549                 5.3290705182008e-11
1551                 5.3290705182008e-11
1553                 7.105427357601e-11
1555                 7.105427357601e-11
1557                 7.105427357601e-11
1559                 8.8817841970013e-11
1561                 1.0658141036402e-10
1563                 1.2434497875802e-10
1565                 1.4210854715202e-10
1567                 1.4210854715202e-10
1569                 1.5987211554602e-10
1571                 1.9539925233403e-10
1573                 2.3092638912203e-10
1575                 2.4868995751604e-10
1577                 2.8421709430404e-10
1579                 3.0198066269804e-10
1581                 3.7303493627405e-10
1583                 4.0856207306206e-10
1585                 4.7961634663807e-10
1587                 5.3290705182008e-10
1589                 6.0396132539609e-10
1591                 6.750155989721e-10
1593                 7.8159700933611e-10
1595                 8.5265128291212e-10
1597                 9.7699626167014e-10
1599                 1.1013412404282e-09
1601                 1.2434497875802e-09
1603                 1.4210854715202e-09
1605                 1.5987211554602e-09
1607                 1.8118839761883e-09
1609                 2.0605739337043e-09
1611                 2.3447910280083e-09
1613                 2.6290081223124e-09
1615                 2.9842794901924e-09
1617                 3.3750779948605e-09
1619                 3.8191672047105e-09
1621                 4.3343106881366e-09
1623                 4.9027448767447e-09
1625                 5.5599969073228e-09
1627                 6.2883032114769e-09
1629                 7.105427357601e-09
1631                 8.0468964824831e-09
1633                 9.1127105861233e-09
1635                 1.0320633236915e-08
1637                 1.1652900866466e-08
1639                 1.3198331316744e-08
1641                 1.4939161019356e-08
1643                 1.6893153542696e-08
1645                 1.9095836023553e-08
1647                 2.1618262735501e-08
1649                 2.4478197246935e-08
1651                 2.7675639557856e-08
1653                 3.133493464702e-08
1655                 3.5456082514429e-08
1657                 4.0110137433658e-08
1659                 4.5368153678282e-08
1661                 5.1354476227061e-08
1663                 5.8104632216782e-08
1665                 6.5760730194597e-08
1667                 7.4393824434082e-08
1669                 8.4199314187572e-08
1671                 9.5248253728641e-08
1673                 1.078070965832e-07
1675                 1.2198242416162e-07
1677                 1.3804068998979e-07
1679                 1.5619505688846e-07
1681                 1.7674750552032e-07
1683                 2.0000001654807e-07
1685                 2.2632562490799e-07
1687                 2.5607960196794e-07
1689                 2.8977709121136e-07
1691                 3.2791547255329e-07
1693                 3.7104541661392e-07
1695                 4.1985970256064e-07
1697                 4.750866366976e-07
1699                 5.3759663387609e-07
1701                 6.0833116322101e-07
1703                 6.8837380240439e-07
1705                 7.7891471050862e-07
1707                 8.8141050014201e-07
1709                 9.9737107461806e-07
1711                 1.1286083179129e-06
1713                 1.27707622255e-06
1715                 1.4450840524205e-06
1717                 1.6351897613731e-06
1719                 1.8503421017613e-06
1721                 2.0937740430327e-06
1723                 2.3692514616869e-06
1725                 2.6809487962964e-06
1727                 3.0336444467594e-06
1729                 3.4327740650042e-06
1731                 3.8843950278533e-06
1733                 4.3954351269804e-06
1735                 4.9737280960471e-06
1737                 5.6280669014086e-06
1739                 6.3685234863442e-06
1741                 7.2063954803525e-06
1743                 8.1544904162456e-06
1745                 9.227303365833e-06
1747                 1.0441301157016e-05
1749                 1.1814975664493e-05
1751                 1.3369394480378e-05
1753                 1.5128289732047e-05
1755                 1.7118626516321e-05
1757                 1.9370798298723e-05
1759                 2.1919284165506e-05
1761                 2.4803057385725e-05
1763                 2.8066207136135e-05
1765                 3.1758702334628e-05
1767                 3.5936960074423e-05
1769                 4.0664929201739e-05
1771                 4.6014960730645e-05
1773                 5.2068802602889e-05
1775                 5.8919162881921e-05
1777                 6.6670740039854e-05
1779                 7.5442141422855e-05
1781                 8.5367517499435e-05
1783                 9.6598729015795e-05
1785                 0.00010930753191474
1787                 0.00012368834845233
1789                 0.00013996112713244
1791                 0.00015837478883896
1793                 0.00017921101047591
1795                 0.00020278850598743
1797                 0.00022946785804834
1799                 0.00025965725569677
1801                 0.00029381837407527
1803                 0.00033247381736601
1805                 0.00037621479265226
1807                 0.0004257104180283
1809                 0.0004817177057248
1811                 0.00054509332159114
1813                 0.00061680669460884
1815                 0.00069795461854483
1817                 0.00078977837603134
1819                 0.00089368233702203
1821                 0.0010112557369268
1823                 0.001144296835065
1825                 0.0012948404304325
1827                 0.0014651889657102
1829                 0.0016579477701839
1831                 0.0018760648323735
1833                 0.0021228758484426
1835                 0.0024021553102216
1837                 0.0027181740946958
1839                 0.003075764727356
1841                 0.0034803952431162
1843                 0.0039382526750842
1845                 0.0044563376810913
1847                 0.0050425712672109
1849                 0.0057059158109496
1851                 0.0064565118407245
1853                 0.0073058327920705
1855                 0.0082668599787894
1857                 0.0093542805146285
1859                 0.010584711240824
1861                 0.011976951821424
1863                 0.013552270967665
1865                 0.015334730125716
1867                 0.017351549370659
1869                 0.019633520906837
1871                 0.022215476764842
1873                 0.025136816770299
1875                 0.028442105577398
1877                 0.032181746956184
1879                 0.036412745121339
1881                 0.041199564666528
1883                 0.046615100952607
1885                 0.052741775284915
1887                 0.059672770156283
1889                 0.067513421910803
1891                 0.076382790439311
1893                 0.086415426991948
1895                 0.097763364088621
1897                 0.1105983540306
1899                 0.12511438468366
1901                 0.14153050452492
1903                 0.16009399168126
1905                 0.18108390431593
1907                 0.20481505330849
1909                 0.23164243994955
1911                 0.26196620463992
1913                 0.29623713400539
1915                 0.33496277467293
1917                 0.37871420223823
1919                 0.42813349184101
1921                 0.48394193260748
1923                 0.54694902098973
1925                 0.61806225776451
1927                 0.69829775579677
1929                 0.78879164465917
1931                 0.89081222677478
1933                 1.0057727993562
1935                 1.1352450045443
1937                 1.2809725030749
1939                 1.4448846843962
1941                 1.6291100248189
1943                 1.8359885827657
1945                 2.0680829789121
1947                 2.3281870445224
1949                 2.6193311415668
1951                 2.9447829662033
1953                 3.3080424546128
1955                 3.712829234761
1957                 4.1630609314502
1959                 4.662820567507
1961                 5.2163113536885
1963                 5.8277973663579
1965                 6.5015290327608
1967                 7.2416530225183
1969                 8.0521071191519
1971                 8.9365019302079
1973                 9.8979928509202
1975                 10.939147441604
1977                 12.061815144406
1979                 13.267007820712
1981                 14.554800638553
1983                 15.924263069973
1985                 17.37342889232
1987                 18.899311972262
1989                 20.497971274516
1991                 22.164624258831
1993                 23.893803115804
1995                 25.679543830481
1997                 27.515594577068
1999                 29.395628040483
2001                 25.769320215367
2003                 21.676706882303
2005                 18.375044556684
2007                 15.675883005919
2009                 13.444422768387
2011                 11.582072299738
2013                 10.015250637263
2015                 8.6880323648586
2017                 7.5572089224707
2019                 6.5889027860067
2021                 5.7562006605494
2023                 5.037468761806
2025                 4.415133274378
2027                 3.8747836602049
2029                 3.4045037345543
2031                 2.9943659040832
2033                 2.6360439659001
2035                 2.3225132145654
2037                 2.0478156507941
2039                 1.8068743039201
2041                 1.5953450185258
2043                 1.4094971149525
2045                 1.24611652355
2047                 1.1024265738158
2049                 0.97602277515207
2051                 0.8648187798066
2053                 0.76700135450025
2055                 0.68099266457011
2057                 0.60541853816432
2059                 0.53908165572381
2061                 0.48093882268674
2063                 0.4300816515368
2065                 0.38572010771176
2067                 0.34716847865823
2069                 0.31383340491686
2071                 0.28520367951756
2073                 0.26084157344286
2075                 0.24037548863376
2077                 0.22349377509556
2079                 0.20993957745574
2081                 0.19950660153256
2083                 0.19203571113735
2085                 0.18741228323904
2087                 0.18556426505612
2089                 0.18646088838281
2091                 0.19011201029429
2093                 0.19656805690715
2095                 0.20592055834712
2097                 0.21830327003869
2099                 0.23389388328354
2101                 0.25291633539481
2103                 0.27564373443312
2105                 0.3024019204112
2107                 0.3335736880139
2109                 0.36960369961037
2111                 0.41100411952044
2113                 0.45836099991092
2115                 0.51234144761381
2117                 0.57370159552761
2119                 0.64329539446462
2121                 0.72208422720266
2123                 0.81114732905618
2125                 0.91169297210314
2127                 1.0250703361514
2129                 1.1527819438584
2131                 1.2964964795437
2133                 1.4580617390436
2135                 1.6395173676287
2137                 1.8431069358016
2139                 2.0712887748608
2141                 2.3267448460551
2143                 2.6123867527161
2145                 2.9313578236767
2147                 3.2870300124799
2149                 3.6829941787353
2151                 4.123042165336
2153                 4.6111389892189
2155                 5.1513834510786
2157                 5.7479555923123
2159                 6.4050497265988
2161                 7.1267923069307
2163                 7.9171446944848
2165                 8.7797920085819
2167                 9.7180206451419
2169                 10.734588707031
2171                 11.831595368932
2173                 13.010356906715
2175                 14.271298487163
2177                 15.613871519431
2179                 17.036506097199
2181                 18.536606565718
2183                 20.110595445679
2185                 21.754006985564
2187                 23.461626904275
2189                 25.227670077825
2191                 27.045983779015
2193                 28.910261330548
2195                 30.814250178643
2197                 32.751939591567
2199                 34.717716186634
2201                 36.706479713171
2203                 38.713716211181
2205                 40.735530067977
2207                 42.768640012643
2209                 44.810346385944
2211                 46.858478026088
2213                 48.911326981997
2215                 50.967578290795
2217                 53.026240585226
2219                 55.086581644002
2221                 57.14807141544
2223                 59.210333695674
2225                 61.273106606112
2227                 63.336211302509
2229                 65.399527928864
2231                 67.462977643711
2233                 69.526509532025
2235                 71.590091307776
2237                 73.653702864824
2239                 75.717331904617
2241                 77.780971037207
2243                 79.844615899933
2245                 81.90826396218
2247                 83.971913781564
2249                 86.035564549984
2251                 88.099215822677
2253                 90.162867358838
2255                 92.226519030429
2257                 94.290170770535
2259                 96.353822544692
2261                 98.417474335513
2263                 100.48112613434
2265                 102.54477793698
2267                 104.6084297414
2269                 106.67208154661
2271                 108.73573335221
2273                 110.79938515794
2275                 112.86303696378
2277                 114.92668876961
2279                 116.99034057548
2281                 119.05399238136
2283                 121.11764418723
2285                 123.1812959931
2287                 125.24494779898
2289                 127.30859960485
2291                 129.37225141073
2293                 131.43590321661
2295                 133.49955502248
2297                 135.56320682834
2299                 137.62685863421
2301                 139.69051044009
2303                 141.75416224596
2305                 143.81781405183
2307                 145.88146585769
2309                 147.94511766356
2311                 150.00876946944
2313                 152.07242127531
2315                 154.13607308119
2317                 156.19972488706
2319                 158.26337669294
2321                 160.32702849881
2323                 162.39068030469
2325                 164.45433211056
2327                 166.51798391644
2329                 168.58163572229
2331                 170.64528752819
2333                 172.70893933404
2335                 174.77259113992
2337                 176.83624294579
2339                 178.89989475167
2341                 180.96354655754
2343                 183.0271983634
2345                 185.09085016927
2347                 187.15450197513
2349                 189.21815378102
2351                 191.28180558688
2353                 193.34545739273
2355                 195.40910919861
2357                 197.4727610045
2359                 199.53641281035
2361                 201.60006461623
2363                 203.6637164221
2365                 205.72736822796
2367                 207.79102003385
2369                 209.85467183973
2371                 211.91832364559
2373                 213.98197545144
2375                 216.04562725734
2377                 218.10927906319
2379                 220.17293086908
2381                 222.23658267494
2383                 224.30023448083
2385                 226.36388628669
2387                 228.42753809257
2389                 230.49118989844
2391                 232.55484170431
2393                 234.61849351017
2395                 236.68214531606
2397                 238.74579712194
2399                 240.80944892781
2401                 242.87310073367
2403                 244.93675253956
2405                 247.0004043454
2407                 249.0640561513
2409                 251.12770795715
2411                 253.19135976304
2413                 255.2550115689
2415                 257.31866337479
2417                 259.38231518064
2419                 261.44596698653
2421                 263.50961879239
2423                 265.57327059827
2425                 267.63692240414
2427                 269.70057421002
2429                 271.7642260159
2431                 273.82787782178
2433                 275.89152962764
2435                 277.95518143352
2437                 280.0188332394
2439                 282.08248504527
2441                 284.14613685115
2443                 286.20978865702
2445                 288.27344046289
2447                 290.33709226876
2449                 292.40074407463
2451                 294.4643958805
2453                 296.52804768636
2455                 298.59169949224
2457                 300.65535129812
2459                 302.71900310398
2461                 304.78265490986
2463                 306.84630671572
2465                 308.9099585216
2467                 310.97361032748
2469                 313.03726213334
2471                 315.10091393923
2473                 317.1645657451
2475                 319.22821755097
2477                 321.29186935684
2479                 323.35552116272
2481                 325.41917296859
2483                 327.48282477447
2485                 329.54647658034
2487                 331.61012838621
2489                 333.67378019208
2491                 335.73743199796
2493                 337.80108380381
2495                 339.86473560969
2497                 341.92838741557
2499                 343.99203922144
2501                 346.05569102732
2503                 348.11934283319
2505                 350.18299463907
2507                 352.24664644494
2509                 354.31029825083
2511                 356.37395005669
2513                 358.43760186257
2515                 360.50125366844
2517                 362.56490547432
2519                 364.62855728018
2521                 366.69220908607
2523                 368.75586089195
2525                 370.81951269782
2527                 372.88316450368
2529                 374.94681630956
2531                 377.01046811542
2533                 379.07411992129
2535                 381.13777172716
2537                 383.20142353303
2539                 385.2650753389
2541                 387.32872714478
2543                 389.39237895064
2545                 391.45603075652
2547                 393.51968256238
2549                 395.58333436827
2551                 424.78927944086
2553                 424.93277768179
2555                 425.0762759227
2557                 425.21977416364
2559                 425.36327240454
2561                 425.50677064546
2563                 425.65026888638
2565                 425.7937671273
2567                 425.93726536822
2569                 426.08076360914
2571                 426.22426185005
2573                 426.36776009098
2575                 426.51125833189
2577                 426.6547565728
2579                 426.7982548137
2581                 426.94175305463
2583                 427.08525129555
2585                 427.22874953646
2587                 427.37224777739
2589                 427.51574601831
2591                 427.65924425923
2593                 427.80274250014
2595                 427.94624074106
2597                 428.08973898198
2599                 428.2332372229
2601                 428.37673546382
2603                 428.52023370473
2605                 428.66373194566
2607                 428.80723018658
2609                 428.9507284275
2611                 429.09422666841
2613                 429.23772490933
2615                 429.38122315025
2617                 429.52472139117
2619                 429.66821963208
2621                 429.811717873
2623                 429.95521611393
2625                 430.09871435483
2627                 430.24221259575
2629                 430.38571083667
2631                 430.52920907759
2633                 430.67270731851
2635                 430.81620555943
2637                 430.95970380035
2639                 431.10320204127
2641                 431.24670028218
2643                 431.3901985231
2645                 431.53369676402
2647                 431.67719500494
2649                 431.82069324586
2651                 431.96419148678
2653                 432.1076897277
2655                 432.25118796862
2657                 432.39468620954
2659                 432.53818445046
2661                 432.68168269138
2663                 432.8251809323
2665                 432.96867917321
2667                 433.11217741413
2669                 433.25567565505
2671                 433.39917389597
2673                 433.54267213688
2675                 433.6861703778
2677                 433.82966861872
2679                 433.97316685963
2681                 434.11666510055
2683                 434.26016334147
2685                 434.40366158239
2687                 434.5471598233
2689                 434.69065806422
2691                 434.83415630514
2693                 434.97765454606
2695                 435.12115278697
2697                 435.26465102789
2699                 435.40814926881
2701                 435.55164750973
2703                 435.69514575065
2705                 435.83864399157
2707                 435.98214223248
2709                 436.1256404734
2711                 436.26913871432
2713                 436.41263695524
2715                 436.55613519616
2717                 436.69963343708
2719                 436.843131678
2721                 436.98662991892
2723                 437.13012815984
2725                 437.27362640075
2727                 437.41712464167
2729                 437.56062288259
2731                 437.70412112351
2733                 437.84761936443
2735                 437.99111760534
2737                 438.13461584626
2739                 438.27811408717
2740.9774419792      409.41097010959
2742.8832025866      409.5386592758
2744.6931852871      409.65993116114
2746.4122035958      409.77510827923
2748.0448291145      409.88449693507
2749.5954036903      409.98838803972
2751.0680509614      410.08705788389
2752.4666873243      410.18076887272
2753.795032349       410.26977022366
2755.0566186707      410.35429862922
2756.2548013851      410.43457888644
2757.3927669703      410.51082449472
2758.4735417618      410.58323822362
2759.5               410.65201265209
2760.5               436.34088783477
2761.5               429.45297227072
2762.5               422.56505670667
2763.5               415.67714114262
2764.5               408.78922557857
2765.5               401.90131001451
2766.5               395.01339445047
2767.5               388.12547888641
2768.5               381.23756332237
2769.5               374.34964775831
2770.5               367.46173219426
2771.5               360.57381663021
2772.5               353.68590106616
2773.5               346.7979855021
2774.5               339.91006993805
2775.5               333.022154374
2776.5               326.13423880995
2777.5               319.2463232459
2778.5               312.35840768185
2779.5               305.4704921178
2780.5               298.58257655377
2781.5               291.69466098978
2782.5               284.80674542591
2783.5               277.91882986243
2784.5               271.03091430003
2785.5               264.1429987407
2786.5               257.25508318978
2787.5               250.36716766123
2788.5               243.47925219069
2789.5               236.59133686648
2790.5               229.70342190135
2791.5               222.81550779361
2792.5               215.92759567758
2793.5               209.03968806253
2794.5               202.15179034212
2795.5               195.26391377978
2796.5               188.37608122231
2797.5               181.48833767486
2798.5               174.60076921293
2799.5               167.71353563174
2800.5               160.82692479413
2801.5               153.94143973326
2802.5               147.05793281648
2803.5               140.17780389014
2804.5               133.30328001233
2805.5               126.43779138735
2806.5               119.58644948529
2807.5               112.75661746911
2808.5               105.95853960794
2809.5               99.205967228357
2810.5               92.516688890383
2811.5               85.912849853917
2812.5               79.420940216457
2813.5               73.071350902496
2814.5               66.897445574088
2815.5               60.93416985022
2816.5               55.216303110881
2817.5               49.776532363754
2818.5               44.643571756002
2819.5               39.840552121542
2820.5               35.383861607923
2821.5               31.282542750126
2822.5               27.538263263258
2823.5               24.145798109472
2824.5               21.093904264566
2825.5               18.366443398166
2826.5               15.943609254736
2827.5               13.803138219313
2828.5               11.921413828866
2829.5               10.274410333158
2830.5               8.8384508807149
2831.5               7.5907794269536
2832.5               6.50996129405
2833.5               5.5761362301943
2834.5               4.7711513240234
2835.5               4.0786008885196
2836.5               3.4837979138369
2837.5               2.9736980485429
2838.5               2.5367931029363
2839.5               2.1629872746343
2840.5               1.8434659430211
2841.5               1.5705640747088
2842.5               1.3376390349529
2843.5               1.1389508639326
2844.5               0.96955177863567
2845.5               0.82518572201096
2846.5               0.70219812524863
2847.5               0.59745561062918
2848.5               0.50827508581097
2849.5               0.43236152181159
2850.5               0.36775363136954
2851.5               0.3127766458455
2852.5               0.26600140794919
2853.5               0.22620903985748
2854.5               0.19236050208038
2855.5               0.16357042025295
2856.5               0.13908462063617
2857.5               0.11826087704891
2858.5               0.10055243048424
2859.5               0.085493896897493
2860.5               0.072689227628153
2861.5               0.061801431274766
2862.5               0.05254380472719
2863.5               0.044672455903338
2864.5               0.037979930682663
2865.5               0.032289783189476
2866.5               0.027451951198909
2867.5               0.023338818446739
2868.5               0.019841862559655
2869.5               0.016868802110714
2870.5               0.014341168854681
2871.5               0.01219224214033
2872.5               0.010365291607251
2873.5               0.0088120823660276
2874.5               0.0074916035552874
2875.5               0.0063689869600481
2876.5               0.0054145873695788
2877.5               0.004603200483011
2878.5               0.0039133978768646
2879.5               0.0033269614729825
2880.5               0.0028284026942771
2881.5               0.0024045535940154
2882.5               0.0020442192161241
2883.5               0.0017378820182934
2884.5               0.0014774505641135
2885.5               0.0012560458562128
2886.5               0.0010678196793457
2887.5               0.00090780015060687
2888.5               0.00077176041557436
2889.5               0.00065610701538432
2890.5               0.00055778496266257
2891.5               0.00047419708160135
2892.5               0.00040313537397196
2893.5               0.00034272272353419
2894.5               0.00029136331125557
2895.5               0.00024770045570222
2896.5               0.00021058077503966
2897.5               0.00017902373583567
2898.5               0.00015219574267533
2899.5               0.00012938810911578
2900.5               0.00010999836597136
2901.5               9.3514307408782e-05
2902.5               7.9500508398667e-05
2903.5               6.7586776175688e-05
2904.5               5.7458404700839e-05
2905.5               4.8847841327415e-05
2906.5               4.1527634664362e-05
2907.5               3.5304412726589e-05
2908.5               3.0013789231731e-05
2909.5               2.5516004864556e-05
2910.5               2.1692241336524e-05
2911.5               1.8441501659083e-05
2912.5               1.5677905640388e-05
2913.5               1.3328456116568e-05
2914.5               1.1331089400102e-05
2915.5               9.6330410315204e-06
2916.5               8.1894602210753e-06
2917.5               6.9622085874244e-06
2918.5               5.9188698386947e-06
2919.5               5.031881578077e-06
2920.5               4.2778180997516e-06
2921.5               3.6367575617646e-06
2922.5               3.0917624016524e-06
2923.5               2.6284374676777e-06
2924.5               2.2345481021091e-06
2925.5               1.8996848538677e-06
2926.5               1.6150014658933e-06
2927.5               1.3729817283092e-06
2928.5               1.1672307564936e-06
2929.5               9.9231289851787e-07
2930.5               8.4360740615352e-07
2931.5               7.1718631033946e-07
2932.5               6.0971006021759e-07
2933.5               5.1834314618304e-07
2934.5               4.4066306159607e-07
2935.5               3.7462921653741e-07
2936.5               3.1848745862817e-07
2937.5               2.7076119124558e-07
2938.5               2.3018476014158e-07
2939.5               1.9569013076648e-07
2940.5               1.6636469979403e-07
2941.5               1.41431311107e-07
2942.5               1.202371535669e-07
2943.5               1.0222045432329e-07
2944.5               8.690159702951e-08
2945.5               7.3878680950656e-08
2946.5               6.2807536949094e-08
2947.5               5.3395066146322e-08
2948.5               4.5392578584824e-08
2949.5               3.859135233597e-08
2950.5               3.2807090377673e-08
2951.5               2.7891022824633e-08
2952.5               2.3712143359944e-08
2953.5               2.0157209235094e-08
2954.5               1.7137402608114e-08
2955.5               1.4568346529131e-08
2956.5               1.2385648062718e-08
2957.5               1.0529355165545e-08
2958.5               8.950618024528e-09
2959.5               7.6094686107808e-09
2960.5               6.4703797875154e-09
2961.5               5.500044863993e-09
2962.5               4.6740389336719e-09
2963.5               3.9745984281581e-09
2964.5               3.3817393330082e-09
2965.5               2.8732571877299e-09
2966.5               2.4447111002246e-09
2967.5               2.076117056049e-09
2968.5               1.7674750552032e-09
2969.5               1.5010215292932e-09
2970.5               1.2767564783189e-09
2971.5               1.0835776720342e-09
2972.5               9.2148511043888e-10
2973.5               7.8603790143461e-10
2974.5               6.6613381477509e-10
2975.5               5.6621374255883e-10
2976.5               4.7961634663807e-10
2977.5               4.0856207306206e-10
2978.5               3.486100297323e-10
2979.5               2.9531932455029e-10
2980.5               2.5091040356529e-10
2981.5               2.1316282072803e-10
2982.5               1.8207657603853e-10
2983.5               1.5543122344752e-10
2984.5               1.3100631690577e-10
2985.5               1.1324274851177e-10
2986.5               9.5479180117763e-11
2987.5               8.2156503822262e-11
2988.5               6.883382752676e-11
2989.5               5.9952043329758e-11
2990.5               4.8849813083507e-11
2991.5               3.9968028886506e-11
2992.5               3.5527136788005e-11
2993.5               3.1086244689504e-11
2994.5               2.4424906541753e-11
2995.5               2.2204460492503e-11
2996.5               1.9984014443253e-11
2997.5               1.5543122344752e-11
2998.5               1.3322676295502e-11
2999.5               1.3322676295502e-11
3000.5               8.8817841970013e-12
3001.5               8.8817841970013e-12
3002.5               6.6613381477509e-12
3003.5               6.6613381477509e-12
3004.5               4.4408920985006e-12
3005.5               4.4408920985006e-12
3006.5               4.4408920985006e-12
3007.5               2.2204460492503e-12
3008.5               2.2204460492503e-12
3009.5               2.2204460492503e-12
3010.5               2.2204460492503e-12
3011.5               2.2204460492503e-12
3012.5               2.2204460492503e-12
3013.5               -0
3014.5               -0
3015.5               -0
3016.5               -0
3017.5               2.2204460492503e-12
3018.5               -0
3019.5               2.2204460492503e-12
3020.5               -0
3021.5               -0
3022.5               -0
3023.5               -0
3024.5               -2.2204460492503e-12
3025.5               -0
3026.5               -0
3027.5               -0
3028.5               -0
3029.5               2.2204460492503e-12
3030.5               -0
3031.5               -0
3032.5               -0
3033.5               -2.2204460492503e-12
3034.5               -0
3035.5               -0
3036.5               -2.2204460492503e-12
3037.5               -0
3038.5               -2.2204460492503e-12
3039.5               -0
3040.5               -0
3041.5               2.2204460492503e-12
3042.5               2.2204460492503e-12
3043.5               2.2204460492503e-12
3044.5               2.2204460492503e-12
3045.5               2.2204460492503e-12
3046.5               2.2204460492503e-12
3047.5               -0
3048.5               2.2204460492503e-12
3049.5               2.2204460492503e-12
3050.5               2.2204460492503e-12
3051.5               2.2204460492503e-12
3052.5               2.2204460492503e-12
3053.5               -0
3054.5               2.2204460492503e-12
3055.5               -0
3056.5               -0
3057.5               -2.2204460492503e-12
3058.5               -0
3059.5               -2.2204460492503e-12
3060.5               -2.2204460492503e-12
3061.5               -2.2204460492503e-12
3062.5               -2.2204460492503e-12
3063.5               -0
3064.5               -0
3065.5               -0
3066.5               2.2204460492503e-12
3067.5               -0
3068.5               2.2204460492503e-12
3069.5               -0
3070.5               -0
3071.5               -0
3072.5               -0
3073.5               -2.2204460492503e-12
3074.5               -0
3075.5               -0
3076.5               -0
3077.5               -0
3078.5               -0
3079.5               -0
3080.5               -2.2204460492503e-12
3081.5               -0
3082.5               -2.2204460492503e-12
3083.5               -2.2204460492503e-12
3084.5               -2.2204460492503e-12
3085.5               -0
3086.5               -2.2204460492503e-12
3087.5               -0
3088.5               -0
3089.5               -2.2204460492503e-12
3090.5               -2.2204460492503e-12
3091.5               -2.2204460492503e-12
3092.5               -2.2204460492503e-12
3093.5               -2.2204460492503e-12
3094.5               -0
3095.5               -2.2204460492503e-12
3096.5               -0
3097.5               -2.2204460492503e-12
3098.5               -0
3099.5               -0
3100.5               2.2204460492503e-12
3101.5               -0
3102.5               2.2204460492503e-12
3103.5               2.2204460492503e-12
3104.5               2.2204460492503e-12
3105.5               2.2204460492503e-12
3106.5               -0
3107.5               -0
3108.5               -2.2204460492503e-12
3109.5               2.2204460492503e-12
3110.5               -0
3111.5               -0
3112.5               2.2204460492503e-12
3113.5               -0
3114.5               2.2204460492503e-12
3115.5               2.2204460492503e-12
3116.5               -0
3117.5               -0
3118.5               -0
3119.5               -0
3120.5               -0
3121.5               -0
3122.5               -2.2204460492503e-12
3123.5               -2.2204460492503e-12
3124.5               -2.2204460492503e-12
3125.5               -2.2204460492503e-12
3126.5               -2.2204460492503e-12
3127.5               -2.2204460492503e-12
3128.5               -0
3129.5               -2.2204460492503e-12
3130.5               -0
3131.5               -0
3132.5               -0
3133.5               -0
3134.5               -0
3135.5               -0
3136.5               -0
3137.5               2.2204460492503e-12
3138.5               -0
3139.5               -0
3140.5               -0
3141.5               -0
3142.5               -2.2204460492503e-12
3143.5               -0
3144.5               -2.2204460492503e-12
3145.5               -0
3146.5               -0
3147.5               -0
3148.5               2.2204460492503e-12
3149.5               -0
3150.5               2.2204460492503e-12
3151.5               2.2204460492503e-12
3152.5               2.2204460492503e-12
3153.5               2.2204460492503e-12
3154.5               2.2204460492503e-12
3155.5               2.2204460492503e-12
3156.5               -0
3157.5               -0
3158.5               -0
3159.5               -0
3160.5               -2.2204460492503e-12
3161.5               -0
3162.5               -0
3163.5               -2.2204460492503e-12
3164.5               -2.2204460492503e-12
3165.5               -0
3166.5               -2.2204460492503e-12
3167.5               -0
3168.5               -0
3169.5               -0
3170.5               -0
3171.5               -0
3172.5               -0
3173.5               -0
3174.5               -0
3175.5               -0
3176.5               -0
3177.5               -0
3178.5               2.2204460492503e-12
3179.5               -0
3180.5               -0
3181.5               -2.2204460492503e-12
3182.5               -0
3183.5               -2.2204460492503e-12
3184.5               -2.2204460492503e-12
3185.5               -2.2204460492503e-12
3186.5               -0
3187.5               -0
3188.5               2.2204460492503e-12
3189.5               -0
3190.5               -2.2204460492503e-12
3191.5               -0
3192.5               -0
3193.5               -0
3194.5               -0
3195.5               2.2204460492503e-12
3196.5               2.2204460492503e-12
3197.5               -0
3198.5               2.2204460492503e-12
3199.5               2.2204460492503e-12
3200.5               -0
3201.5               -0
3202.5               2.2204460492503e-12
3203.5               -0
3204.5               -0
3205.5               2.2204460492503e-12
3206.5               -0
3207.5               2.2204460492503e-12
3208.5               2.2204460492503e-12
3209.5               2.2204460492503e-12
3210.5               -0
3211.5               -0
3212.5               -0
3213.5               -2.2204460492503e-12
3214.5               -0
3215.5               -0
3216.5               -0
3217.5               -2.2204460492503e-12
3218.5               -0
3219.5               -0
3220.5               -0
3221.5               -0
3222.5               2.2204460492503e-12
3223.5               -0
3224.5               -0
3225.5               2.2204460492503e-12
3226.5               -0
3227.5               -0
3228.5               -0
3229.5               -0
3230.5               -2.2204460492503e-12
3231.5               2.2204460492503e-12
3232.5               -0
3233.5               2.2204460492503e-12
3234.5               -0
3235.5               -0
3236.5               -0
3237.5               -0
3238.5               -2.2204460492503e-12
3239.5               -0
3240.5               -0
3241.5               -2.2204460492503e-12
3242.5               -0
3243.5               -0
3244.5               -0
3245.5               -0
3246.5               -0
3247.5               -0
3248.5               -0
3249.5               -0
3250.5               -2.2204460492503e-12
3251.5               -2.2204460492503e-12
3252.5               -2.2204460492503e-12
3253.5               -0
3254.5               -0
3255.5               -0
3256.5               -0
3257.5               -0
3258.5               -0
3259.5               2.2204460492503e-12
3260.5               -0
3261.5               -0
3262.5               -0
3263.5               -2.2204460492503e-12
3264.5               -2.2204460492503e-12
3265.5               -2.2204460492503e-12
3266.5               -2.2204460492503e-12
3267.5               -0
3268.5               -2.2204460492503e-12
3269.5               -0
3270.5               -0
3271.5               -0
3272.5               -2.2204460492503e-12
3273.5               -0
3274.5               -0
3275.5               2.2204460492503e-12
3276.5               -0
3277.5               2.2204460492503e-12
3278.5               -0
3279.5               2.2204460492503e-12
3280.5               -0
3281.5               2.2204460492503e-12
3282.5               -0
3283.5               -2.2204460492503e-12
3284.5               2.2204460492503e-12
3285.5               -0
3286.5               2.2204460492503e-12
3287.5               2.2204460492503e-12
3288.5               2.2204460492503e-12
3289.5               2.2204460492503e-12
3290.5               -0
3291.5               2.2204460492503e-12
3292.5               -0
3293.5               -0
3294.5               -0
3295.5               -0
3296.5               2.2204460492503e-12
3297.5               -0
3298.5               -2.2204460492503e-12
3299.5               -0
3300.5               -0
3301.5               -0
3302.5               -2.2204460492503e-12
3303.5               -0
3304.5               -0
3305.5               -0
3306.5               -0
3307.5               -2.2204460492503e-12
3308.5               -0
3309.5               -2.2204460492503e-12
3310.5               -0
3311.5               -0
3312.5               -0
3313.5               2.2204460492503e-12
3314.5               -0
3315.5               2.2204460492503e-12
3316.5               -2.2204460492503e-12
3317.5               -0
3318.5               -0
3319.5               -0
3320.5               -2.2204460492503e-12
3321.5               -2.2204460492503e-12
3322.5               -0
3323.5               -0
3324.5               -0
3325.5               -0
3326.5               -0
3327.5               2.2204460492503e-12
3328.5               2.2204460492503e-12
3329.5               -0
3330.5               -0
3331.5               -0
3332.5               -2.2204460492503e-12
3333.5               -2.2204460492503e-12
3334.5               -4.4408920985006e-12
3335.5               -2.2204460492503e-12
3336.5               -2.2204460492503e-12
3337.5               -2.2204460492503e-12
3338.5               -2.2204460492503e-12
3339.5               -2.2204460492503e-12
3340.5               -0
3341.5               -0
3342.5               -0
3343.5               2.2204460492503e-12
3344.5               2.2204460492503e-12
3345.5               -0
3346.5               2.2204460492503e-12
3347.5               -0
3348.5               -0
3349.5               -0
3350.5               2.2204460492503e-12
3351.5               -0
3352.5               -0
3353.5               -0
3354.5               -0
3355.5               2.2204460492503e-12
3356.5               2.2204460492503e-12
3357.5               2.2204460492503e-12
3358.5               2.2204460492503e-12
3359.5               2.2204460492503e-12
3360.5               2.2204460492503e-12
3361.5               -0
3362.5               -0
3363.5               -0
3364.5               -0
3365.5               -0
3366.5               -0
3367.5               -0
3368.5               -0
3369.5               -2.2204460492503e-12
3370.5               -0
3371.5               -2.2204460492503e-12
3372.5               -0
3373.5               -2.2204460492503e-12
3374.5               -0
3375.5               -0
3376.5               -0
3377.5               -0
3378.5               2.2204460492503e-12
3379.5               -0
3380.5               2.2204460492503e-12
3381.5               -0
3382.5               2.2204460492503e-12
3383.5               2.2204460492503e-12
3384.5               2.2204460492503e-12
3385.5               -0
3386.5               -0
3387.5               -2.2204460492503e-12
3388.5               -0
3389.5               -2.2204460492503e-12
3390.5               -2.2204460492503e-12
3391.5               -0
3392.5               -2.2204460492503e-12
3393.5               -0
3394.5               -0
3395.5               2.2204460492503e-12
3396.5               -0
3397.5               -0
3398.5               -0
3399.5               -0
3400.5               -0
3401.5               -0
3402.5               -0
3403.5               -0
3404.5               2.2204460492503e-12
3405.5               2.2204460492503e-12
3406.5               -0
3407.5               -0
3408.5               -0
3409.5               -0
3410.5               -0
3411.5               -0
3412.5               -0
3413.5               -2.2204460492503e-12
3414.5               -2.2204460492503e-12
3415.5               -2.2204460492503e-12
3416.5               -2.2204460492503e-12
3417.5               -2.2204460492503e-12
3418.5               -2.2204460492503e-12
3419.5               -2.2204460492503e-12
3420.5               -0
3421.5               -0
3422.5               2.2204460492503e-12
3423.5               -0
3424.5               -0
3425.5               -0
3426.5               2.2204460492503e-12
3427.5               2.2204460492503e-12
3428.5               4.4408920985006e-12
3429.5               -0
3430.5               2.2204460492503e-12
3431.5               -0
3432.5               -0
3433.5               -0
3434.5               2.2204460492503e-12
3435.5               -0
3436.5               -0
3437.5               -0
3438.5               -2.2204460492503e-12
3439.5               -0
3440.5               -0
3441.5               2.2204460492503e-12
3442.5               -0
3443.5               2.2204460492503e-12
3444.5               2.2204460492503e-12
3445.5               2.2204460492503e-12
3446.5               2.2204460492503e-12
3447.5               -0
3448.5               -0
3449.5               -0
3450.5               -2.2204460492503e-12
3451.5               -0
3452.5               -2.2204460492503e-12
3453.5               -2.2204460492503e-12
3454.5               -2.2204460492503e-12
3455.5               -2.2204460492503e-12
3456.5               -2.2204460492503e-12
3457.5               -2.2204460492503e-12
3458.5               -0
3459.5               -0
3460.5               -2.2204460492503e-12
3461.5               -0
3462.5               -0
3463.5               2.2204460492503e-12
3464.5               -0
3465.5               -0
3466.5               -0
3467.5               -0
3468.5               -0
3469.5               -0
3470.5               -0
3471.5               -0
3472.5               -0
3473.5               2.2204460492503e-12
3474.5               -0
3475.5               -0
3476.5               2.2204460492503e-12
3477.5               -0
3478.5               -0
3479.5               2.2204460492503e-12
3480.5               -0
3481.5               -0
3482.5               -0
3483.5               -0
3484.5               -2.2204460492503e-12
3485.5               -2.2204460492503e-12
3486.5               -2.2204460492503e-12
3487.5               -0
3488.5               -0
3489.5               -0
3490.5               2.2204460492503e-12
3491.5               -0
3492.5               -0
3493.5               -0
3494.5               -2.2204460492503e-12
3495.5               -0
3496.5               -2.2204460492503e-12
3497.5               -2.2204460492503e-12
3498.5               -2.2204460492503e-12
3499.5               -0
3500.5               -0
3501.5               -0
3502.5               -0
3503.5               -2.2204460492503e-12
3504.5               -0
3505.5               -0
3506.5               -0
3507.5               -0
3508.5               -0
3509.5               -0
3510.5               -0
3511.5               2.2204460492503e-12
3512.5               -0
3513.5               2.2204460492503e-12
3514.5               2.2204460492503e-12
3515.5               -0
3516.5               2.2204460492503e-12
3517.5               -0
3518.5               2.2204460492503e-12
3519.5               -0
3520.5               -0
3521.5               -0
3522.5               -2.2204460492503e-12
3523.5               -2.2204460492503e-12
3524.5               -2.2204460492503e-12
3525.5               -2.2204460492503e-12
3526.5               -0
3527.5               -0
3528.5               -2.2204460492503e-12
3529.5               -0
3530.5               -2.2204460492503e-12
3531.5               -0
3532.5               -2.2204460492503e-12
3533.5               -2.2204460492503e-12
3534.5               -0
3535.5               -0
3536.5               -0
3537.5               -0
3538.5               -0
3539.5               -0
3540.5               2.2204460492503e-12
3541.5               -0
3542.5               -0
3543.5               -2.2204460492503e-12
3544.5               -2.2204460492503e-12
3545.5               -2.2204460492503e-12
3546.5               -2.2204460492503e-12
3547.5               -4.4408920985006e-12
3548.5               -6.6613381477509e-12
3549.5               -6.6613381477509e-12
3550.5               -6.6613381477509e-12
3551.5               -8.8817841970013e-12
3552.5               -1.1102230246252e-11
3553.5               -1.3322676295502e-11
3554.5               -1.3322676295502e-11
3555.5               -1.5543122344752e-11
3556.5               -1.7763568394003e-11
3557.5               -2.2204460492503e-11
3558.5               -2.4424906541753e-11
3559.5               -2.8865798640254e-11
3560.5               -3.5527136788005e-11
3561.5               -4.2188474935756e-11
3562.5               -4.8849813083507e-11
3563.5               -5.5511151231258e-11
3564.5               -6.6613381477509e-11
3565.5               -7.5495165674511e-11
3566.5               -9.3258734068513e-11
3567.5               -1.0658141036402e-10
3568.5               -1.2656542480727e-10
3569.5               -1.4876988529977e-10
3570.5               -1.7541523789077e-10
3571.5               -2.0650148258028e-10
3572.5               -2.4202861936828e-10
3573.5               -2.8643754035329e-10
3574.5               -3.352873534368e-10
3575.5               -3.9745984281581e-10
3576.5               -4.6407322429332e-10
3577.5               -5.4845017416483e-10
3578.5               -6.4392935428259e-10
3579.5               -7.5717210279436e-10
3580.5               -8.9261931179863e-10
3581.5               -1.0502709812954e-09
3582.5               -1.2345680033832e-09
3583.5               -1.4521717162097e-09
3584.5               -1.7075230118735e-09
3585.5               -2.0095036745715e-09
3586.5               -2.3625545964023e-09
3587.5               -2.7777780076121e-09
3588.5               -3.2684965844965e-09
3589.5               -3.8435921112523e-09
3590.5               -4.5230486023229e-09
3591.5               -5.3201887340038e-09
3592.5               -6.2549965207381e-09
3593.5               -7.3585582072155e-09
3594.5               -8.657519146027e-09
3595.5               -1.0185186027911e-08
3596.5               -1.1977085989656e-08
3597.5               -1.4090950628542e-08
3598.5               -1.6573409311604e-08
3599.5               -1.9493295866368e-08
3600.5               -2.2928325904559e-08
3601.5               -2.6971758160244e-08
3602.5               -3.1727953597738e-08
3603.5               -3.731903674975e-08
3604.5               -4.3898218393679e-08
3605.5               -5.1636472875316e-08
3606.5               -6.0738081231193e-08
3607.5               -7.1445072080678e-08
3608.5               -8.4041662518075e-08
3609.5               -9.8854258112624e-08
3610.5               -1.1628031870714e-07
3611.5               -1.3677725618777e-07
3612.5               -1.6088685939053e-07
3613.5               -1.892486167776e-07
3614.5               -2.2260637777549e-07
3615.5               -2.6184610035784e-07
3616.5               -3.0800473282966e-07
3617.5               -3.6229685917988e-07
3618.5               -4.2616132844842e-07
3619.5               -5.0127901829455e-07
3620.5               -5.8964388927052e-07
3621.5               -6.9357852794383e-07
3622.5               -8.158385078616e-07
3623.5               -9.5965013713339e-07
3624.5               -1.1288081580574e-06
3625.5               -1.3277889898688e-06
3626.5               -1.5618417670282e-06
3627.5               -1.8371548726748e-06
3628.5               -2.1609936062816e-06
3629.5               -2.5419200078147e-06
3630.5               -2.9899926978771e-06
3631.5               -3.5170488743574e-06
3632.5               -4.1370085135384e-06
3633.5               -4.8662540663713e-06
3634.5               -5.7240434614414e-06
3635.5               -6.7330385711273e-06
3636.5               -7.9198936298042e-06
3637.5               -9.3159591152414e-06
3638.5               -1.0958112195425e-05
3639.5               -1.2889731504373e-05
3640.5               -1.5161847333189e-05
3641.5               -1.7834473897693e-05
3642.5               -2.0978212500466e-05
3643.5               -2.4676110044197e-05
3644.5               -2.9025848391484e-05
3645.5               -3.4142326743591e-05
3646.5               -4.0160701431091e-05
3647.5               -4.723995639111e-05
3648.5               -5.5567088708131e-05
3649.5               -6.5362075751807e-05
3650.5               -7.6883650557136e-05
3651.5               -9.0436169664088e-05
3652.5               -0.00010637763336874
3653.5               -0.00012512914038254
3654.5               -0.00014718603225106
3655.5               -0.00017313095179716
3656.5               -0.00020364925523708
3657.5               -0.00023954709549301
3658.5               -0.00028177274513652
3659.5               -0.00033144160305199
3660.5               -0.00038986570416455
3661.5               -0.00045858834063495
3662.5               -0.00053942484923297
3663.5               -0.00063451053300412
3664.5               -0.00074635709612636
3665.5               -0.0008779189708541
3666.5               -0.0010326713328901
3667.5               -0.0012147019146092
3668.5               -0.0014288189587042
3669.5               -0.0016806781899525
3670.5               -0.001976932200165
3671.5               -0.0023254061121136
3672.5               -0.0027353042364453
3673.5               -0.0032174530817386
3674.5               -0.0037845872435938
3675.5               -0.0044516855779442
3676.5               -0.005236366649175
3677.5               -0.0061593537536986
3678.5               -0.0072450218513431
3679.5               -0.0085220407552988
3680.5               -0.010024131511521
3681.5               -0.011790955845026
3682.5               -0.01386916200774
3683.5               -0.016313614508157
3684.5               -0.019188839879281
3685.5               -0.022570726339044
3686.5               -0.026548521723235
3687.5               -0.031227181733762
3688.5               -0.036730129571172
3689.5               -0.043202498452022
3690.5               -0.050814940830701
3691.5               -0.059768102254054
3692.5               -0.070297874552594
3693.5               -0.082681561990317
3694.5               -0.097245116521538
3695.5               -0.11437162369177
3696.5               -0.13451125021158
3697.5               -0.15819289791885
3698.5               -0.18603784688986
3699.5               -0.2187757137162
3700.5               -0.25726309889063
3701.5               -0.30250535056453
3702.5               -0.3556819294448
3703.5               -0.4181759212174
3704.5               -0.49160830610129
3705.5               -0.57787765780581
3706.5               -0.67920600163918
3707.5               -0.79819160727856
3708.5               -0.93786951667063
3709.5               -1.1017805980607
3710.5               -1.2940498553848
3711.5               -1.5194745831826
3712.5               -1.7836227082402
3713.5               -2.0929412583182
3714.5               -2.4548742923347
3715.5               -2.8779887516217
3716.5               -3.3721054743152
3717.5               -3.9484309753424
3718.5               -4.6196834579315
3719.5               -5.4002038345025
3720.5               -6.3060392895897
3721.5               -7.3549831991149
3722.5               -8.5665512577271
3723.5               -9.9618699044535
3724.5               -11.56345030781
3725.5               -13.394820350252
3726.5               -15.4799896536
3727.5               -17.842730354767
3728.5               -20.505670650233
3729.5               -23.489220062023
3730.5               -26.810374580655
3731.5               -30.481483774709
3732.5               -34.509095284831
3733.5               -38.893016779897
3734.5               -43.625741916018
3735.5               -48.692366765726
3736.5               -54.071073010726
3737.5               -59.734178362192
3738.5               -65.64966670674
3739.5               -71.783030469275
3740.5               -78.099206344053
3741.5               -84.564376873066
3742.5               -91.147446252726
3743.5               -97.821068284714
3744.5               -104.56218804977
3745.5               -111.35213579248
3746.5               -118.17636612254
3747.5               -125.02396137268
3748.5               -131.88701692635
3749.5               -138.76000639291
3750.5               -145.63919539661
3751.5               -152.52214295524
3752.5               -159.4073045611
3753.5               -166.29373362298
3754.5               -173.18086791055
3755.5               -180.06838364595
3756.5               -186.95609997188
3757.5               -193.84391886407
3758.5               -200.73178875542
3759.5               -207.61968330869
3760.5               -126.55922790122
3761.5187209763      -65.762958278119
3762.5755848552      -34.251984632143
3763.6720197814      -17.683219868694
3764.8095073722      -8.9873807308961
3765.9895847196      -4.4776194435928
3767.2138464671      -2.1807413705533
3768.483946965       -1.0362838807466
3769.8016025056      -0.4797923804288
3771.1685936425      -0.21618300160751
3772.5867675969      -0.094696364478758
3774.0580407534      -0.040287098923431
3775.5844012497      -0.016630934649324
3777.1679116635      -0.0066565651884207
3778.8107117992      -0.002583985517974
3780.5150215798      -0.00098067442530064
3782.2831440465      -0.00038823904156947
3784.117468471       -0.00022992395831343
3786.0204735836      -0.00035652834877355
3787.9947309236      -0.00097327521238974
3790                 -4758.2579429988
3792                 -0
3794                 -0
3796                 -0
3798                 -0
