x[nm]                E[kV/cm]            
-8                   -0
-6                   -0
-4                   -0
-2                   -0
0                    -293.22280207862
1.999                -0.00037588757598676
3.997                -0.00021712367861818
5.995                -0.00012541699410738
7.9929999999999      -7.2444526187075e-05
9.9909999999999      -4.1846063929078e-05
11.989               -2.4171508971893e-05
13.987               -1.3962164757686e-05
15.985               -8.0649445524731e-06
17.983               -4.6585402647016e-06
19.981               -2.6909050007704e-06
21.979               -1.5543389064999e-06
23.977               -8.9782924727355e-07
25.975               -5.1861084662611e-07
27.973               -2.995623991329e-07
29.971               -1.730303143564e-07
31.969               -9.9940076234727e-08
33.967               -5.7722706605637e-08
35.965               -3.3335585432089e-08
37.963               -1.9252756435041e-08
39.961               -1.1117788927277e-08
41.959               -6.4146219200565e-09
43.957               -3.7029660841352e-09
45.955               -2.1337619692496e-09
47.953               -1.2313584697544e-09
49.951               -7.0236331487799e-10
51.948999999999      -4.0452570667023e-10
53.946999999999      -2.311575466687e-10
55.944999999999      -1.3780546051404e-10
57.942999999999      -7.5570736410922e-11
59.940999999999      -4.000803692343e-11
61.938999999999      -2.667202461562e-11
63.936999999999      -1.333601230781e-11
65.934999999999      -4.4453374359366e-12
67.932999999999      -0
69.930999999999      -0
71.928999999999      -0
73.926999999999      -0
75.924999999999      4.4453374359366e-12
77.922999999999      4.4453374359366e-12
79.920999999999      -0
81.918999999999      -4.4453374359366e-12
83.916999999999      -0
85.914999999999      -4.4453374359366e-12
87.912999999999      -0
89.910999999999      -4.4453374359366e-12
91.908999999999      -4.4453374359366e-12
93.906999999999      -4.4453374359366e-12
95.904999999999      4.4453374359366e-12
97.902999999999      -4.4453374359366e-12
99.900999999999      4.4453374359366e-12
101.899              4.4453374359366e-12
103.897              4.4453374359366e-12
105.895              4.4453374359366e-12
107.893              4.4453374359366e-12
109.891              4.4453374359366e-12
111.889              4.4453374359366e-12
113.887              4.4453374359366e-12
115.885              4.4453374359366e-12
117.883              4.4453374359366e-12
119.881              -4.4453374359366e-12
121.879              -0
123.877              -4.4453374359366e-12
125.875              -4.4453374359366e-12
127.873              -4.4453374359366e-12
129.871              -8.8906748718733e-12
131.869              -8.8906748718732e-12
133.867              -8.8906748718733e-12
135.865              -8.8906748718733e-12
137.863              -8.8906748718732e-12
139.861              -8.8906748718733e-12
141.859              -1.333601230781e-11
143.857              -1.7781349743747e-11
145.855              -8.8906748718732e-12
147.853              -1.333601230781e-11
149.851              -1.7781349743747e-11
151.849              -1.7781349743746e-11
153.847              -1.333601230781e-11
155.845              -2.2226687179683e-11
157.843              -2.2226687179683e-11
159.841              -1.7781349743747e-11
161.839              -1.7781349743747e-11
163.837              -1.333601230781e-11
165.835              -1.7781349743747e-11
167.833              -8.8906748718733e-12
169.831              -1.333601230781e-11
171.829              -1.333601230781e-11
173.827              -1.333601230781e-11
175.825              -1.7781349743747e-11
177.823              -1.333601230781e-11
179.821              -1.333601230781e-11
181.819              -1.333601230781e-11
183.817              -8.8906748718732e-12
185.815              -4.4453374359366e-12
187.813              -4.4453374359366e-12
189.811              -0
191.809              -0
193.807              -0
195.805              -0
197.803              -0
199.801              -4.4453374359366e-12
201.799              -0
203.797              4.4453374359366e-12
205.795              -0
207.793              -4.4453374359366e-12
209.791              -0
211.789              -0
213.787              -0
215.785              4.4453374359366e-12
217.783              4.4453374359366e-12
219.781              -4.4453374359366e-12
221.779              -0
223.777              4.4453374359366e-12
225.775              -4.4453374359366e-12
227.773              4.4453374359366e-12
229.771              4.4453374359366e-12
231.769              4.4453374359366e-12
233.767              8.8906748718732e-12
235.765              1.7781349743747e-11
237.763              2.2226687179683e-11
239.761              1.7781349743747e-11
241.759              2.2226687179683e-11
243.757              2.667202461562e-11
245.755              2.2226687179683e-11
247.753              2.667202461562e-11
249.751              3.1117362051557e-11
251.749              3.1117362051557e-11
253.747              3.5562699487493e-11
255.745              3.1117362051556e-11
257.743              3.1117362051556e-11
259.741              2.667202461562e-11
261.739              3.5562699487493e-11
263.737              2.667202461562e-11
265.735              3.1117362051557e-11
267.733              2.667202461562e-11
269.731              3.1117362051556e-11
271.729              3.1117362051557e-11
273.727              2.667202461562e-11
275.725              3.1117362051556e-11
277.723              2.667202461562e-11
279.721              2.667202461562e-11
281.719              2.667202461562e-11
283.717              2.667202461562e-11
285.715              2.2226687179683e-11
287.713              2.667202461562e-11
289.711              2.2226687179683e-11
291.709              2.667202461562e-11
293.707              1.7781349743747e-11
295.705              2.2226687179683e-11
297.703              1.7781349743746e-11
299.701              2.2226687179684e-11
301.699              2.2226687179683e-11
303.697              1.7781349743746e-11
305.695              2.2226687179684e-11
307.693              2.2226687179683e-11
309.691              2.2226687179683e-11
311.689              2.667202461562e-11
313.687              2.667202461562e-11
315.685              2.2226687179683e-11
317.683              2.2226687179684e-11
319.681              2.2226687179683e-11
321.679              2.2226687179683e-11
323.677              1.7781349743747e-11
325.675              2.2226687179683e-11
327.673              2.667202461562e-11
329.671              2.2226687179684e-11
331.669              1.7781349743746e-11
333.667              2.2226687179683e-11
335.665              1.7781349743747e-11
337.663              2.2226687179683e-11
339.661              2.2226687179683e-11
341.659              2.2226687179684e-11
343.657              2.2226687179683e-11
345.655              2.2226687179684e-11
347.653              1.7781349743746e-11
349.651              1.7781349743746e-11
351.649              1.333601230781e-11
353.647              1.333601230781e-11
355.645              1.7781349743746e-11
357.643              1.333601230781e-11
359.641              1.7781349743746e-11
361.639              1.7781349743746e-11
363.637              1.333601230781e-11
365.635              1.333601230781e-11
367.633              1.333601230781e-11
369.631              1.333601230781e-11
371.629              1.7781349743746e-11
373.627              8.8906748718732e-12
375.625              8.8906748718734e-12
377.623              1.333601230781e-11
379.621              8.8906748718732e-12
381.619              8.8906748718734e-12
383.617              8.8906748718732e-12
385.615              8.8906748718732e-12
387.613              8.8906748718734e-12
389.611              8.8906748718732e-12
391.609              1.333601230781e-11
393.607              1.333601230781e-11
395.605              1.333601230781e-11
397.60299999999      8.8906748718732e-12
399.60099999999      1.333601230781e-11
401.59899999999      1.333601230781e-11
403.59699999999      1.7781349743746e-11
405.59499999999      1.7781349743747e-11
407.59299999999      1.333601230781e-11
409.59099999999      1.333601230781e-11
411.58899999999      1.333601230781e-11
413.58699999999      1.333601230781e-11
415.58499999999      1.333601230781e-11
417.58299999999      1.333601230781e-11
419.58099999999      1.333601230781e-11
421.57899999999      1.333601230781e-11
423.57699999999      8.8906748718732e-12
425.57499999999      8.8906748718732e-12
427.57299999999      8.8906748718734e-12
429.57099999999      8.8906748718732e-12
431.56899999999      8.8906748718732e-12
433.56699999999      8.8906748718734e-12
435.56499999999      8.8906748718732e-12
437.56299999999      8.8906748718732e-12
439.56099999999      1.333601230781e-11
441.55899999999      8.8906748718732e-12
443.55699999999      1.333601230781e-11
445.55499999999      1.333601230781e-11
447.55299999999      1.333601230781e-11
449.55099999999      1.7781349743746e-11
451.54899999999      1.7781349743747e-11
453.54699999999      1.7781349743746e-11
455.54499999999      2.2226687179683e-11
457.54299999999      2.667202461562e-11
459.54099999999      2.2226687179683e-11
461.53899999999      2.2226687179683e-11
463.53699999999      2.2226687179684e-11
465.53499999999      2.2226687179683e-11
467.53299999999      2.2226687179683e-11
469.53099999999      2.2226687179684e-11
471.52899999999      2.667202461562e-11
473.52699999999      2.2226687179684e-11
475.52499999999      2.667202461562e-11
477.52299999999      2.667202461562e-11
479.52099999999      2.667202461562e-11
481.51899999999      2.667202461562e-11
483.51699999999      2.667202461562e-11
485.51499999999      2.667202461562e-11
487.51299999999      3.1117362051556e-11
489.51099999999      2.667202461562e-11
491.50899999999      3.1117362051557e-11
493.50699999999      3.1117362051556e-11
495.50499999999      3.1117362051556e-11
497.50299999999      2.667202461562e-11
499.50099999999      3.1117362051556e-11
501.49899999999      2.667202461562e-11
503.49699999999      2.667202461562e-11
505.49499999999      3.1117362051556e-11
507.49299999999      2.2226687179683e-11
509.49099999999      2.667202461562e-11
511.48899999999      2.2226687179682e-11
513.48699999999      2.2226687179682e-11
515.48499999999      2.6672024615619e-11
517.48299999999      2.667202461562e-11
519.48099999999      2.6672024615619e-11
521.47899999999      2.2226687179682e-11
523.47699999999      2.6672024615619e-11
525.47499999999      2.6672024615619e-11
527.47299999999      2.6672024615619e-11
529.47099999999      3.1117362051557e-11
531.46899999999      3.1117362051555e-11
533.46699999999      3.1117362051555e-11
535.46499999999      3.1117362051555e-11
537.46299999999      3.1117362051555e-11
539.46099999999      3.5562699487492e-11
541.45899999999      3.1117362051557e-11
543.45699999999      2.6672024615619e-11
545.45499999999      2.6672024615619e-11
547.45299999999      2.2226687179682e-11
549.45099999999      2.6672024615619e-11
551.44899999999      1.7781349743746e-11
553.44699999999      2.2226687179684e-11
555.44499999999      2.2226687179682e-11
557.44299999999      2.2226687179682e-11
559.44099999999      2.2226687179682e-11
561.43899999999      2.6672024615619e-11
563.43699999999      2.6672024615619e-11
565.43499999999      2.667202461562e-11
567.43299999999      2.6672024615619e-11
569.43099999999      2.6672024615619e-11
571.42899999999      3.1117362051555e-11
573.42699999999      3.1117362051555e-11
575.42499999999      2.667202461562e-11
577.42299999999      2.2226687179682e-11
579.42099999999      2.6672024615619e-11
581.41899999999      2.6672024615619e-11
583.41699999999      2.2226687179682e-11
585.41499999999      2.6672024615619e-11
587.41299999999      2.2226687179684e-11
589.41099999999      2.6672024615619e-11
591.40899999999      2.6672024615619e-11
593.40699999999      2.6672024615619e-11
595.40499999999      3.1117362051555e-11
597.40299999999      2.6672024615619e-11
599.40099999999      3.1117362051557e-11
601.39899999999      2.6672024615619e-11
603.39699999999      3.1117362051555e-11
605.39499999999      3.1117362051555e-11
607.39299999999      3.1117362051555e-11
609.39099999999      3.1117362051555e-11
611.38899999999      3.1117362051557e-11
613.38699999999      3.5562699487492e-11
615.38499999999      3.5562699487492e-11
617.38299999999      3.5562699487492e-11
619.38099999999      3.5562699487492e-11
621.37899999999      3.5562699487492e-11
623.37699999999      3.5562699487494e-11
625.37499999999      4.0008036923428e-11
627.37299999999      4.0008036923428e-11
629.37099999999      4.4453374359365e-11
631.369              4.0008036923428e-11
633.36699999999      4.000803692343e-11
635.365              4.8898711795301e-11
637.363              4.4453374359365e-11
639.361              4.8898711795301e-11
641.359              4.8898711795301e-11
643.357              5.3344049231237e-11
645.355              4.8898711795304e-11
647.353              5.3344049231237e-11
649.351              5.7789386667174e-11
651.349              5.3344049231237e-11
653.347              4.8898711795301e-11
655.345              5.3344049231237e-11
657.343              5.3344049231241e-11
659.341              4.8898711795301e-11
661.339              5.3344049231237e-11
663.337              4.8898711795301e-11
665.335              4.8898711795301e-11
667.333              5.3344049231237e-11
669.331              5.3344049231241e-11
671.329              4.8898711795301e-11
673.327              4.8898711795301e-11
675.325              4.4453374359365e-11
677.323              4.0008036923428e-11
679.321              4.4453374359365e-11
681.319              4.000803692343e-11
683.317              3.5562699487492e-11
685.315              3.5562699487492e-11
687.313              3.5562699487492e-11
689.311              3.5562699487492e-11
691.309              4.000803692343e-11
693.307              4.0008036923428e-11
695.305              3.5562699487492e-11
697.303              3.5562699487492e-11
699.301              3.5562699487492e-11
701.299              3.5562699487492e-11
703.297              3.1117362051557e-11
705.295              3.5562699487492e-11
707.293              2.6672024615619e-11
709.291              2.6672024615619e-11
711.289              2.6672024615619e-11
713.287              2.6672024615619e-11
715.285              2.667202461562e-11
717.283              2.2226687179682e-11
719.281              2.2226687179682e-11
721.279              1.7781349743746e-11
723.277              2.2226687179682e-11
725.275              2.2226687179682e-11
727.273              2.2226687179684e-11
729.271              2.2226687179682e-11
731.269              1.7781349743746e-11
733.267              2.2226687179682e-11
735.265              1.7781349743746e-11
737.263              1.3336012307809e-11
739.261              1.7781349743747e-11
741.259              1.7781349743746e-11
743.257              1.7781349743746e-11
745.255              1.3336012307809e-11
747.253              1.7781349743746e-11
749.251              2.2226687179682e-11
751.249              1.7781349743747e-11
753.247              1.3336012307809e-11
755.245              1.3336012307809e-11
757.243              1.3336012307809e-11
759.241              1.3336012307809e-11
761.239              8.8906748718734e-12
763.237              1.3336012307809e-11
765.235              1.3336012307809e-11
767.233              1.3336012307809e-11
769.231              8.8906748718729e-12
771.229              1.7781349743746e-11
773.227              8.8906748718734e-12
775.225              8.8906748718729e-12
777.223              8.8906748718729e-12
779.221              8.8906748718729e-12
781.219              8.8906748718729e-12
783.217              4.4453374359365e-12
785.215              4.4453374359367e-12
787.213              8.8906748718729e-12
789.211              4.4453374359365e-12
791.209              4.4453374359365e-12
793.207              4.4453374359365e-12
795.205              8.8906748718729e-12
797.203              8.8906748718734e-12
799.201              8.8906748718729e-12
801.199              1.3336012307809e-11
803.197              1.3336012307809e-11
805.195              1.3336012307809e-11
807.193              1.3336012307809e-11
809.191              1.333601230781e-11
811.189              1.7781349743746e-11
813.187              1.7781349743746e-11
815.185              1.3336012307809e-11
817.183              1.3336012307809e-11
819.181              1.333601230781e-11
821.179              1.3336012307809e-11
823.177              1.3336012307809e-11
825.175              1.3336012307809e-11
827.173              1.3336012307809e-11
829.171              1.3336012307809e-11
831.169              1.333601230781e-11
833.167              1.3336012307809e-11
835.165              1.3336012307809e-11
837.163              1.3336012307809e-11
839.161              1.3336012307809e-11
841.159              1.3336012307809e-11
843.157              1.333601230781e-11
845.155              8.8906748718729e-12
847.153              1.3336012307809e-11
849.151              1.3336012307809e-11
851.149              1.7781349743746e-11
853.147              1.3336012307809e-11
855.145              1.333601230781e-11
857.143              1.3336012307809e-11
859.141              1.3336012307809e-11
861.139              1.3336012307809e-11
863.137              1.3336012307809e-11
865.135              1.3336012307809e-11
867.133              4.4453374359367e-12
869.131              8.8906748718729e-12
871.129              4.4453374359365e-12
873.127              -0
875.125              4.4453374359365e-12
877.123              -0
879.121              4.4453374359367e-12
881.119              -0
883.117              -0
885.115              4.4453374359365e-12
887.113              4.4453374359365e-12
889.111              4.4453374359367e-12
891.109              1.7781349743746e-11
893.107              3.1117362051555e-11
895.105              5.3344049231237e-11
897.103              9.3352086154666e-11
899.101              1.6003214769371e-10
901.099              2.7561092102808e-10
903.097              4.8009644308114e-10
905.095              8.1794208821231e-10
907.093              1.4180626420637e-09
909.091              2.4404902523291e-09
911.089              4.2319612390115e-09
913.087              7.3214707569878e-09
915.085              1.2669211692419e-08
917.083              2.193329490891e-08
919.081              3.7958736365461e-08
921.079              6.5719868652885e-08
923.077              1.1376952099792e-07
925.075              1.9694622976174e-07
927.073              3.4096182667376e-07
929.071              5.9026524075595e-07
931.069              1.0218719430859e-06
933.067              1.7690798220176e-06
935.065              3.0626507891879e-06
937.063              5.3020962106397e-06
939.061              9.1790705833667e-06
941.059              1.5890938881752e-05
943.057              2.7510619741558e-05
945.055              4.7626776285431e-05
947.053              8.2452149879116e-05
949.051              0.00014274233669161
951.049              0.00024711754831285
953.047              0.00042781338031708
955.045              0.00074063649218695
957.043              0.0012822000918468
959.041              0.0022197620407338
961.039              0.0038428806483316
963.037              0.0066528407518819
965.035              0.011517465988827
967.033              0.019939121487255
969.031              0.034518652774322
971.029              0.059758469817519
973.027              0.10345257698655
975.025              0.1790921720611
977.023              0.31002773350887
979.021              0.53666693300412
981.019              0.92891312641227
983.017              1.6076311896078
985.015              2.7816060487283
987.013              4.8109158199402
989.011              8.3148145253625
991.009              14.353007872346
993.007              24.722973868707
995.005              42.424958343473
997.003              72.316398140153
999.001              121.7838395349
1001                 129.7854109181
1003                 92.365695319145
1005                 68.71221141084
1007                 52.92989764897
1009                 41.884421059311
1011                 33.837314497105
1013                 27.778525650373
1015                 23.09339629099
1017                 19.391305051633
1019                 16.414095327271
1021                 13.985132249168
1023                 11.979821201611
1025                 10.307900995357
1027                 8.9024395800541
1029                 7.7127795852538
1031                 6.6998872069668
1033                 5.8332069183997
1035                 5.0884851818145
1037                 4.4462330483874
1039                 3.8906194165955
1041                 3.4086605050021
1043                 2.9896168613908
1045                 2.6245382600054
1047                 2.3059156362493
1049                 2.0274116142494
1051                 1.7836495155255
1053                 1.5700464254786
1055                 1.3826798373051
1057                 1.218180163578
1059                 1.0736433785086
1061                 0.94655947634692
1063                 0.83475346694062
1065                 0.73633639393389
1067                 0.64966442857806
1069                 0.57330451936011
1071                 0.50600540097534
1073                 0.44667301330126
1075                 0.39434957192164
1077                 0.34819567926281
1079                 0.30747498150241
1081                 0.27154096754245
1083                 0.23982557848079
1085                 0.21182935423525
1087                 0.18711289003548
1089                 0.16528941331639
1091                 0.14601832203809
1093                 0.12899955058376
1095                 0.11396864981972
1097                 0.10069248511879
1099                 0.088965470239621
1101                 0.078606266775694
1103                 0.069454888937948
1105                 0.061370161783536
1107                 0.054227487931158
1109                 0.047916884180488
1111                 0.042341254316014
1113                 0.037414868900854
1115                 0.03306202661868
1117                 0.029215875039235
1119                 0.025817371369641
1121                 0.022814366396062
1123                 0.020160796605495
1125                 0.017815971724566
1127                 0.015743946120139
1129                 0.013912964154095
1131                 0.012294970681559
1133                 0.010865178947661
1135                 0.0096016891948381
1137                 0.0084851518433737
1139                 0.0074984701381453
1141                 0.0066265375320285
1143                 0.0058560057691892
1145                 0.0051750800311723
1147                 0.0045733379883117
1149                 0.0040415700119922
1151                 0.0035716379098716
1153                 0.003156350283362
1155                 0.0027893522558387
1157                 0.0024650281549299
1159                 0.0021784154968785
1161                 0.0019251289540279
1163                 0.0017012932440608
1165                 0.0015034837730354
1167                 0.0013286742062135
1169                 0.0011741901362328
1171                 0.0010376681913726
1173                 0.00091701978899295
1175                 0.00081039925436954
1177                 0.00071617549224356
1179                 0.00063290710006214
1181                 0.0005593202745402
1183                 0.00049428932058504
1185                 0.00043681943839857
1187                 0.0003860314956583
1189                 0.00034114858493695
1191                 0.00030148411767073
1193                 0.00026643137029936
1195                 0.00023545411842463
1197                 0.00020807852774141
1199                 0.00018388583100659
1201                 0.00016250595979983
1203                 0.00014361187350431
1205                 0.00012691454998048
1207                 0.00011215857576019
1209                 9.9118242502527e-05
1211                 8.7594065334429e-05
1213                 7.7409780807614e-05
1215                 6.8409584663698e-05
1217                 6.0455818129412e-05
1219                 5.3426814083934e-05
1221                 4.7215049647775e-05
1223                 4.1725498611811e-05
1225                 3.6874210351812e-05
1227                 3.2586959797243e-05
1229                 2.8798172735378e-05
1231                 2.5449899965224e-05
1233                 2.2490920237317e-05
1235                 1.9875980861173e-05
1237                 1.7565064958092e-05
1239                 1.5522831908754e-05
1241                 1.3718040037247e-05
1243                 1.2123089199179e-05
1245                 1.0713572251575e-05
1247                 9.4679419859744e-06
1249                 8.3671380934902e-06
1251                 7.3943207112848e-06
1253                 6.534608409936e-06
1255                 5.7748472670482e-06
1257                 5.1034243497838e-06
1259                 4.5100634338269e-06
1261                 3.9857006584043e-06
1263                 3.5222935679258e-06
1265                 3.1127678212783e-06
1267                 2.750857319711e-06
1269                 2.4310287116691e-06
1271                 2.1483792522758e-06
1273                 1.8985923944115e-06
1275                 1.6778489708713e-06
1277                 1.4827694627684e-06
1279                 1.3103740315046e-06
1281                 1.1580247871734e-06
1283                 1.023381379639e-06
1285                 9.0439211675175e-07
1287                 7.9924511453555e-07
1289                 7.0631944737443e-07
1291                 6.2420291158105e-07
1293                 5.5162541201526e-07
1295                 4.8749004832871e-07
1297                 4.3081538336764e-07
1299                 3.8072656138866e-07
1301                 3.364553080587e-07
1303                 2.9733993045511e-07
1305                 2.6276314457618e-07
1307                 2.322098069385e-07
1309                 2.0521362387171e-07
1311                 1.8135715151857e-07
1313                 1.6026291405069e-07
1315                 1.4163781258958e-07
1317                 1.2516654379624e-07
1319                 1.1060929949736e-07
1321                 9.7752916872196e-08
1323                 8.6388673992133e-08
1325                 7.6343376065324e-08
1327                 6.7466032760422e-08
1329                 5.9623417314469e-08
1331                 5.269118474871e-08
1333                 4.6567194544878e-08
1335                 4.1153747076805e-08
1337                 3.637090628672e-08
1339                 3.2138736116849e-08
1341                 2.8408386754109e-08
1343                 2.5104363032824e-08
1345                 2.2186696924109e-08
1347                 1.960653861488e-08
1349                 1.7328360968349e-08
1351                 1.531219595563e-08
1353                 1.3531398224131e-08
1355                 1.1954881529164e-08
1357                 1.0564882302333e-08
1359                 9.3391960831468e-09
1361                 8.2556184111127e-09
1363                 7.2963857178365e-09
1365                 6.4437344349244e-09
1367                 5.6932236702778e-09
1369                 5.0270898555027e-09
1371                 4.4453329905991e-09
1373                 3.9257486150746e-09
1375                 3.4727776210275e-09
1377                 3.0686564400639e-09
1379                 2.7089441800854e-09
1381                 2.3936408410918e-09
1383                 2.1183055309848e-09
1385                 1.8740564655673e-09
1387                 1.6520118606422e-09
1389                 1.4566126083082e-09
1391                 1.2922996006637e-09
1393                 1.1368683772162e-09
1395                 1.0080825063596e-09
1397                 8.8817841970013e-10
1399                 7.9047879353311e-10
1401                 6.972200594646e-10
1403                 6.1728400169159e-10
1405                 5.4622972811558e-10
1407                 4.8405723873657e-10
1409                 4.2632564145606e-10
1411                 3.7747582837255e-10
1413                 3.3750779948605e-10
1415                 2.9309887850104e-10
1417                 2.5757174171304e-10
1419                 2.3092638912203e-10
1421                 2.0428103653103e-10
1423                 1.7763568394003e-10
1425                 1.5543122344752e-10
1427                 1.4210854715202e-10
1429                 1.2878587085652e-10
1431                 1.1546319456102e-10
1433                 9.7699626167014e-11
1435                 8.8817841970013e-11
1437                 7.9936057773011e-11
1439                 6.6613381477509e-11
1441                 6.2172489379009e-11
1443                 5.7731597280508e-11
1445                 4.8849813083507e-11
1447                 4.4408920985006e-11
1449                 3.9968028886506e-11
1451                 3.1086244689504e-11
1453                 2.6645352591004e-11
1455                 2.6645352591004e-11
1457                 1.7763568394003e-11
1459                 1.7763568394003e-11
1461                 1.7763568394003e-11
1463                 1.3322676295502e-11
1465                 1.3322676295502e-11
1467                 1.3322676295502e-11
1469                 1.3322676295502e-11
1471                 1.3322676295502e-11
1473                 4.4408920985006e-12
1475                 8.8817841970013e-12
1477                 4.4408920985006e-12
1479                 4.4408920985006e-12
1481                 4.4408920985006e-12
1483                 4.4408920985006e-12
1485                 -0
1487                 4.4408920985006e-12
1489                 8.8817841970013e-12
1491                 4.4408920985006e-12
1493                 8.8817841970013e-12
1495                 4.4408920985006e-12
1497                 8.8817841970013e-12
1499                 8.8817841970013e-12
1501                 8.8817841970013e-12
1503                 4.4408920985006e-12
1505                 4.4408920985006e-12
1507                 4.4408920985006e-12
1509                 8.8817841970013e-12
1511                 8.8817841970013e-12
1513                 8.8817841970013e-12
1515                 8.8817841970013e-12
1517                 8.8817841970013e-12
1519                 1.3322676295502e-11
1521                 8.8817841970013e-12
1523                 8.8817841970013e-12
1525                 1.3322676295502e-11
1527                 8.8817841970013e-12
1529                 8.8817841970013e-12
1531                 8.8817841970013e-12
1533                 8.8817841970013e-12
1535                 1.3322676295502e-11
1537                 1.3322676295502e-11
1539                 2.6645352591004e-11
1541                 3.1086244689504e-11
1543                 3.5527136788005e-11
1545                 4.4408920985006e-11
1547                 4.8849813083507e-11
1549                 5.3290705182008e-11
1551                 5.7731597280508e-11
1553                 6.2172489379009e-11
1555                 7.5495165674511e-11
1557                 8.8817841970013e-11
1559                 9.7699626167014e-11
1561                 1.1102230246252e-10
1563                 1.1990408665952e-10
1565                 1.3322676295502e-10
1567                 1.5543122344752e-10
1569                 1.6875389974302e-10
1571                 1.9095836023553e-10
1573                 2.2204460492503e-10
1575                 2.4424906541753e-10
1577                 2.8421709430404e-10
1579                 3.1974423109205e-10
1581                 3.6415315207705e-10
1583                 4.1300296516056e-10
1585                 4.7517545453957e-10
1587                 5.3734794391858e-10
1589                 6.0396132539609e-10
1591                 6.794564910706e-10
1593                 7.7271522513911e-10
1595                 8.7041485130612e-10
1597                 9.8143715376864e-10
1599                 1.1102230246252e-09
1601                 1.2612133559742e-09
1603                 1.4210854715202e-09
1605                 1.6120438317557e-09
1607                 1.8252066524838e-09
1609                 2.0561330416058e-09
1611                 2.3314683517128e-09
1613                 2.6378899065094e-09
1615                 2.9931612743894e-09
1617                 3.379518886959e-09
1619                 3.832489881006e-09
1621                 4.3387515802351e-09
1623                 4.9071857688432e-09
1625                 5.5555560152243e-09
1627                 6.2794214272799e-09
1629                 7.1098682496995e-09
1631                 8.0424555903846e-09
1633                 9.1038288019263e-09
1635                 1.0302869668521e-08
1637                 1.1657341758564e-08
1639                 1.3185008640448e-08
1641                 1.4925838343061e-08
1643                 1.6884271758499e-08
1645                 1.9109158699848e-08
1647                 2.1627144519698e-08
1649                 2.446487457064e-08
1651                 2.7680080449954e-08
1653                 3.1326052862823e-08
1655                 3.5438318946035e-08
1657                 4.0105696541559e-08
1659                 4.5381476354578e-08
1661                 5.1350035334963e-08
1663                 5.8113514000979e-08
1665                 6.57518484104e-08
1667                 7.4398265326181e-08
1669                 8.4185991511276e-08
1671                 9.5266017297035e-08
1673                 1.07798214799e-07
1675                 1.2198242416162e-07
1677                 1.380318082056e-07
1679                 1.5619061599637e-07
1681                 1.7674306462823e-07
1683                 2.0000001654807e-07
1685                 2.2630786133959e-07
1687                 2.5608848375214e-07
1689                 2.8978153210346e-07
1691                 3.2790659076909e-07
1693                 3.7104541661392e-07
1695                 4.1985970256064e-07
1697                 4.7509551848179e-07
1699                 5.3760551566029e-07
1701                 6.0833116322101e-07
1703                 6.8836047972809e-07
1705                 7.7892803318491e-07
1707                 8.8140161835781e-07
1709                 9.9736219283386e-07
1711                 1.1285772316683e-06
1713                 1.2770540180895e-06
1715                 1.4450662888521e-06
1717                 1.6351808795889e-06
1719                 1.8503110155166e-06
1721                 2.093742956788e-06
1723                 2.3692026118738e-06
1725                 2.6809043873754e-06
1727                 3.0336133605147e-06
1729                 3.4327340969753e-06
1731                 3.8843550598244e-06
1733                 4.3953907180594e-06
1735                 4.9736659235577e-06
1737                 5.6280136107034e-06
1739                 6.3684479911785e-06
1741                 7.2063066625105e-06
1743                 8.1543927166194e-06
1745                 9.227214547991e-06
1747                 1.0441176812037e-05
1749                 1.1814846878622e-05
1751                 1.3369243490047e-05
1753                 1.5128143182608e-05
1755                 1.7118448880638e-05
1757                 1.9370607340363e-05
1759                 2.1919066561793e-05
1761                 2.480281313666e-05
1763                 2.8065945123501e-05
1765                 3.1758382590397e-05
1767                 3.5936613684839e-05
1769                 4.0664538403234e-05
1771                 4.6014489996082e-05
1773                 5.206829634119e-05
1775                 5.8918554479703e-05
1777                 6.6670060583363e-05
1779                 7.5441368707629e-05
1781                 8.5366651525476e-05
1783                 9.6597734255965e-05
1785                 0.00010930641280993
1787                 0.00012368707835719
1789                 0.0001399596882834
1791                 0.00015837317679512
1793                 0.00017920917194658
1795                 0.00020278640988636
1797                 0.0002294655176982
1799                 0.00025965457783883
1801                 0.00029381536315043
1803                 0.00033247039787909
1805                 0.00037621092907614
1807                 0.00042570602598602
1809                 0.00048171274080744
1811                 0.00054508773494888
1813                 0.00061680035301492
1815                 0.00069794747759033
1817                 0.00078977027140326
1819                 0.00089367317990252
1821                 0.0010112453763256
1823                 0.0011442851111099
1825                 0.0012948271521651
1827                 0.0014651739421723
1829                 0.0016579307660081
1831                 0.0018760455811062
1833                 0.0021228540880713
1835                 0.0024021306943567
1837                 0.0027181462458614
1839                 0.003075733201463
1841                 0.0034803595605482
1843                 0.0039382123251386
1845                 0.0044562920153979
1847                 0.0050425195841086
1849                 0.0057058573244007
1851                 0.0064564456714322
1853                 0.0073057579230706
1855                 0.0082667752554499
1857                 0.0093541846535317
1859                 0.010584602776476
1861                 0.011976829084048
1863                 0.013552132087646
1865                 0.01533457298919
1867                 0.01735137156178
1869                 0.019633319747747
1871                 0.022215249151358
1873                 0.025136559229644
1875                 0.028441814201585
1877                 0.032181417291
1879                 0.036412372153016
1881                 0.041199142706283
1883                 0.046614623583352
1885                 0.052741235241349
1887                 0.059672159200552
1889                 0.067512730783648
1891                 0.076382008655784
1893                 0.086414542690427
1895                 0.097762363879816
1897                 0.11059722278883
1899                 0.12511310530705
1901                 0.14152905774445
1903                 0.16009235570991
1905                 0.18108205460887
1907                 0.2048129621457
1909                 0.23164007606713
1911                 0.26196353286601
1913                 0.29623411468283
1915                 0.33495936317074
1917                 0.37871034836545
1919                 0.42812913919388
1921                 0.48393701781002
1923                 0.5469434730232
1925                 0.61805599701703
1927                 0.69829069317073
1929                 0.7887836806475
1931                 0.89080325035518
1933                 1.005762686952
1935                 1.1352336188697
1937                 1.2809596919983
1939                 1.4448702798875
1941                 1.6290938417329
1943                 1.8359704179582
1945                 2.0680626103742
1947                 2.3281642307893
1949                 2.6193056214829
1951                 2.9447544590289
1953                 3.3080106607519
1955                 3.712793837205
1957                 4.1630215978694
1959                 4.6627769536389
1961                 5.2162631074992
1963                 5.8277441336507
1965                 6.5014704640376
1967                 7.2415887809596
1969                 8.0520368900716
1971                 8.936425431223
1973                 9.8979098429064
1975                 10.939057739638
1977                 12.061718628331
1979                 13.266904444253
1981                 14.554690436483
1983                 15.924146162236
1985                 17.373305484858
1987                 18.899182353533
1989                 20.497835808126
1991                 22.16448337224
1993                 23.893657285803
1995                 25.679393566529
1997                 27.515440403665
1999                 29.395470479803
2001                 25.769116592969
2003                 21.676398318307
2005                 18.374631652738
2007                 15.675362832517
2009                 13.443789549665
2011                 11.581317779745
2013                 10.014364243398
2015                 8.6870012354101
2017                 7.5560178365519
2019                 6.587534018232
2021                 5.7546337721881
2023                 5.0356803344931
2025                 4.413096588145
2027                 3.8724683147162
2029                 3.4018752106624
2031                 2.9913850607555
2033                 2.632666466198
2035                 2.3186888732152
2037                 2.0434876938946
2039                 1.8019785308176
2041                 1.5898088531729
2043                 1.4032385333929
2045                 1.2390428417808
2047                 1.0944330781548
2049                 0.96699117518195
2051                 0.85461546132315
2053                 0.75547540645093
2055                 0.66797365142701
2057                 0.59071398510913
2059                 0.5224742095189
2061                 0.46218304712298
2063                 0.40890041031805
2065                 0.36180048255563
2067                 0.32015716261657
2069                 0.28333150468907
2071                 0.25076085106601
2073                 0.2219494065514
2075                 0.19646004502327
2077                 0.1739071731155
2079                 0.15395050339428
2081                 0.1362896124002
2083                 0.12065917780912
2085                 0.10682480457547
2087                 0.09457936295032
2089                 0.083739772374081
2091                 0.074144174311286
2093                 0.065649444920268
2095                 0.058129005151564
2097                 0.051470891455629
2099                 0.045576055072161
2101                 0.040356862038848
2103                 0.035735769698952
2105                 0.031644158333677
2107                 0.028021299511849
2109                 0.024813444752247
2111                 0.021973020292165
2113                 0.019457915416687
2115                 0.017230853348593
2117                 0.015258834991094
2119                 0.013512647001335
2121                 0.011966426760601
2123                 0.010597277433355
2125                 0.0093849275595304
2127                 0.0083114297488862
2129                 0.0073608941475456
2131                 0.0065192525244839
2133                 0.0057740495451597
2135                 0.0051142580170804
2137                 0.0045301153672739
2139                 0.0040129789535825
2141                 0.0035551979760129
2143                 0.0031500001407281
2145                 0.0027913913269728
2147                 0.0024740668447265
2149                 0.0021933328531176
2151                 0.0019450369226348
2153                 0.0017255064976851
2155                 0.0015314945844835
2157                 0.0013601317139234
2159                 0.001208883424475
2161                 0.0010755127899387
2163                 0.00095804734812077
2165                 0.00085474985755951
2167                 0.00076409264693211
2169                 0.00068473497982779
2171                 0.00061550326169169
2173                 0.00055537364040958
2175                 0.00050345688951126
2177                 0.00045898522760268
2179                 0.000421301002973
2181                 0.0003898469058683
2183                 0.00036415780169108
2185                 0.00034385378544499
2187                 0.0003286345862108
2189                 0.00031827515289962
2191                 0.00031262225697049
2193                 0.00031159232083411
2195                 0.00031517008558524
2197                 0.00032340846445322
2199                 0.00033642925778565
2201                 0.00035442501822303
2203                 0.0003776618351381
2205                 0.00040648330923432
2207                 0.00044131562404459
2209                 0.00048267384311629
2211                 0.00053116950837762
2213                 0.00058751973508464
2215                 0.00065255774561734
2217                 0.00072724523736412
2219                 0.0008126865802538
2221                 0.00091014512815235
2223                 0.0010210619461049
2225                 0.0011470770377997
2227                 0.0012900536683347
2229                 0.0014521058266936
2231                 0.0016356295162723
2233                 0.0018433381709926
2235                 0.0020783027165905
2237                 0.0023439969831784
2239                 0.0026443490019901
2241                 0.0029837990611625
2243                 0.0033673652755084
2245                 0.0038007177094457
2247                 0.0042902621100183
2249                 0.0048432344668115
2251                 0.005467807850934
2253                 0.0061732130030023
2255                 0.0069698745619462
2257                 0.0078695647953708
2259                 0.0088855771807062
2261                 0.010032922372893
2263                 0.011328549325285
2265                 0.012791594907746
2267                 0.014443665556918
2269                 0.016309155093097
2271                 0.018415603291189
2273                 0.020794100366039
2275                 0.023479743238575
2277                 0.026512150053115
2279                 0.029936040348844
2281                 0.033801889078866
2283                 0.038166663767214
2285                 0.043094655168829
2287                 0.048658412890035
2289                 0.054939799132292
2291                 0.062031174832278
2293                 0.070036734398649
2295                 0.079074006920088
2297                 0.089275543788681
2299                 0.10079081459224
2301                 0.11378833579823
2303                 0.12845805873241
2305                 0.14501404619782
2307                 0.16369746971279
2309                 0.18477996184707
2311                 0.20856736094199
2313                 0.23540388803589
2315                 0.265676797917
2317                 0.29982154813535
2319                 0.33832753101759
2321                 0.38174441350236
2323                 0.43068912880528
2325                 0.48585356020592
2327                 0.54801295203077
2329                 0.61803507342972
2331                 0.69689014755348
2333                 0.78566153979054
2335                 0.88555717317806
2337                 0.99792160530576
2339                 1.1242486567431
2341                 1.2661944246251
2343                 1.4255904444793
2345                 1.6044566762607
2347                 1.8050138851278
2349                 2.0296948626086
2351                 2.2811537891743
2353                 2.5622728757124
2355                 2.876165243646
2357                 3.2261728183336
2359                 3.615857829784
2361                 4.0489863578008
2363                 4.5295022495884
2365                 5.061489711462
2367                 5.6491229733835
2369                 6.2966016940713
2371                 7.0080712670029
2373                 7.7875279486372
2375                 8.6387097931251
2377                 9.5649757427063
2379                 10.569176845237
2381                 11.653525341346
2383                 12.8194690984
2385                 14.067580307886
2387                 15.397468193985
2389                 16.807725380596
2391                 18.295916271929
2393                 19.858613202195
2395                 21.491482309526
2397                 23.1894164614
2399                 24.946707715143
2401                 26.757247498983
2403                 28.614739689115
2405                 30.512910588629
2407                 32.445700695525
2409                 34.407425894529
2411                 36.392899786741
2413                 38.397513541977
2415                 40.417274150499
2417                 42.448805638271
2419                 44.48932030801
2421                 46.536568270898
2423                 48.588773563671
2425                 50.644564283022
2427                 52.702902752748
2429                 54.763020096513
2431                 56.824357982803
2433                 58.886518915493
2435                 60.949225355524
2437                 63.012287197388
2439                 65.075576662341
2441                 67.139009452388
2443                 69.202530971633
2445                 71.266106501051
2447                 73.329714358081
2449                 75.393341242647
2451                 77.456979140651
2453                 79.52062330788
2455                 81.584270984805
2457                 83.647920594196
2459                 85.711571250111
2461                 87.775222463455
2463                 89.838873968864
2465                 91.902525624787
2467                 93.966177357014
2469                 96.029829127282
2471                 98.093480916224
2473                 100.15713271416
2475                 102.22078451638
2477                 104.28443632061
2479                 106.34808812573
2481                 108.41173993128
2483                 110.47539173701
2485                 112.53904354282
2487                 114.60269534868
2489                 116.66634715453
2491                 118.7299989604
2493                 120.79365076628
2495                 122.85730257215
2497                 124.92095437802
2499                 126.98460618389
2501                 129.04825798977
2503                 131.11190979564
2505                 133.17556160151
2507                 135.23921340738
2509                 137.30286521325
2511                 139.36651701913
2513                 141.430168825
2515                 143.49382063088
2517                 145.55747243674
2519                 147.62112424262
2521                 149.68477604849
2523                 151.74842785436
2525                 153.81207966023
2527                 155.8757314661
2529                 157.93938327197
2531                 160.00303507784
2533                 162.06668688372
2535                 164.13033868958
2537                 166.19399049546
2539                 168.25764230133
2541                 170.32129410721
2543                 172.38494591308
2545                 174.44859771895
2547                 176.51224952483
2549                 178.5759013307
2551                 192.40567373637
2553                 192.54917197729
2555                 192.69267021821
2557                 192.83616845912
2559                 192.97966670004
2561                 193.12316494096
2563                 193.26666318188
2565                 193.4101614228
2567                 193.55365966371
2569                 193.69715790463
2571                 193.84065614555
2573                 193.98415438647
2575                 194.12765262739
2577                 194.27115086831
2579                 194.41464910923
2581                 194.55814735014
2583                 194.70164559106
2585                 194.84514383198
2587                 194.9886420729
2589                 195.13214031382
2591                 195.27563855473
2593                 195.41913679565
2595                 195.56263503657
2597                 195.70613327748
2599                 195.8496315184
2601                 195.99312975932
2603                 196.13662800023
2605                 196.28012624116
2607                 196.42362448208
2609                 196.56712272299
2611                 196.71062096391
2613                 196.85411920483
2615                 196.99761744575
2617                 197.14111568666
2619                 197.28461392758
2621                 197.4281121685
2623                 197.57161040942
2625                 197.71510865033
2627                 197.85860689125
2629                 198.00210513218
2631                 198.14560337309
2633                 198.289101614
2635                 198.43259985493
2637                 198.57609809584
2639                 198.71959633676
2641                 198.86309457768
2643                 199.0065928186
2645                 199.15009105951
2647                 199.29358930043
2649                 199.43708754135
2651                 199.58058578226
2653                 199.72408402318
2655                 199.8675822641
2657                 200.01108050502
2659                 200.15457874593
2661                 200.29807698685
2663                 200.44157522777
2665                 200.58507346869
2667                 200.72857170961
2669                 200.87206995052
2671                 201.01556819144
2673                 201.15906643235
2675                 201.30256467327
2677                 201.44606291419
2679                 201.58956115511
2681                 201.73305939603
2683                 201.87655763694
2685                 202.02005587786
2687                 202.16355411878
2689                 202.3070523597
2691                 202.45055060062
2693                 202.59404884154
2695                 202.73754708246
2697                 202.88104532338
2699                 203.02454356429
2701                 203.16804180521
2703                 203.31154004613
2705                 203.45503828705
2707                 203.59853652797
2709                 203.74203476889
2711                 203.88553300981
2713                 204.02903125072
2715                 204.17252949164
2717                 204.31602773256
2719                 204.45952597348
2721                 204.6030242144
2723                 204.74652245531
2725                 204.89002069623
2727                 205.03351893715
2729                 205.17701717807
2731                 205.32051541899
2733                 205.46401365991
2735                 205.60751190082
2737                 205.75101014174
2739                 205.89450838266
2740.9774419792      192.40353710082
2742.8832025866      192.53122650765
2744.6931852871      192.65249930388
2746.4122035958      192.76767964123
2748.0448291145      192.8770789555
2749.5954036903      192.98100322403
2751.0680509614      193.07977034308
2752.4666873243      193.17375108204
2753.795032349       193.26346160272
2755.0566186707      193.34976219913
2756.2548013851      193.43426264725
2757.3927669703      193.52010786144
2758.4735417618      193.61342733872
2759.5               193.72588538445
2760.5               204.09255972087
2761.5               197.2046755306
2762.5               190.31682724194
2763.5               183.4290521449
2764.5               176.54142215672
2765.5               169.65407191729
2766.5               162.76724604562
2767.5               155.88137570298
2768.5               148.99719787469
2769.5               142.11593368339
2770.5               135.23954343676
2771.5               128.37107435349
2772.5               121.51511005967
2773.5               114.67831723262
2774.5               107.8700633855
2775.5               101.10305190034
2776.5               94.393890072537
2777.5               87.76348031986
2778.5               81.237113271415
2779.5               74.844153419327
2780.5               68.617248778291
2781.5               62.591063455306
2782.5               56.800614807206
2783.5               51.279375993449
2784.5               46.057359090841
2785.5               41.159407617508
2786.5               36.603895711251
2787.5               32.401962850752
2788.5               28.557326206975
2789.5               25.066628760282
2790.5               21.92021749702
2791.5               19.103211247753
2792.5               16.596712078636
2793.5               14.379031122562
2794.5               12.426829979562
2795.5               10.716113303375
2796.5               9.2230401840232
2797.5               7.9245475773249
2798.5               6.7987970026184
2799.5               5.8254664627766
2800.5               4.9859144036124
2801.5               4.2632431834866
2802.5               3.6422875178732
2803.5               3.1095499454614
2804.5               2.6531014260645
2805.5               2.2624613028555
2806.5               1.9284673674269
2807.5               1.6431438025344
2808.5               1.399572376295
2809.5               1.1917703881759
2810.5               1.0145774535553
2811.5               0.86355218132494
2812.5               0.73487907053416
2813.5               0.62528545843543
2814.5               0.53196803517341
2815.5               0.4525282522394
2816.5               0.38491585595546
2817.5               0.32737974481112
2818.5               0.27842535968992
2819.5               0.23677785288001
2820.5               0.20135033466095
2821.5               0.17121655685237
2822.5               0.145587456295
2823.5               0.12379104374682
2824.5               0.10525518343574
2825.5               0.089492863886154
2826.5               0.076089611300567
2827.5               0.064692742220984
2828.5               0.055002192760334
2829.5               0.04676269758308
2830.5               0.03975712306481
2831.5               0.033800786687355
2832.5               0.028736618347125
2833.5               0.024431040070994
2834.5               0.020770458268871
2835.5               0.017658278166355
2836.5               0.015012363032696
2837.5               0.012762872387828
2838.5               0.01085042277138
2839.5               0.0092245232186094
2840.5               0.0078422444516058
2841.5               0.0066670870468855
2842.5               0.0056680187965341
2843.5               0.0048186561207864
2844.5               0.0040965679004579
2845.5               0.0034826835682011
2846.5               0.0029607897333861
2847.5               0.002517102215549
2848.5               0.0021399021421509
2849.5               0.0018192265494044
2850.5               0.0015466053016056
2851.5               0.0013148374544691
2852.5               0.0011178010717039
2853.5               0.00095029156987891
2854.5               0.00080788426393141
2855.5               0.00068681749176847
2856.5               0.00058389329149477
2857.5               0.00049639291122006
2858.5               0.00042200501537693
2859.5               0.00035876462689544
2860.5               0.00030500122871757
2861.5               0.00025929463909335
2862.5               0.00022043748826306
2863.5               0.0001874033550564
2864.5               0.00015931961305782
2865.5               0.00013544442012403
2866.5               0.00011514709186145
2867.5               9.7891463823885e-05
2868.5               8.3221716185022e-05
2869.5               7.0750334479897e-05
2870.5               6.0147880009964e-05
2871.5               5.1134281253695e-05
2872.5               4.347143311989e-05
2873.5               3.6956921967146e-05
2874.5               3.1418654344861e-05
2875.5               2.6710340605973e-05
2876.5               2.2707598024141e-05
2877.5               1.9304697840283e-05
2878.5               1.6411747516543e-05
2879.5               1.3952325961242e-05
2880.5               1.1861469584318e-05
2881.5               1.0083938128957e-05
2882.5               8.5727869247876e-06
2883.5               7.2880923518426e-06
2884.5               6.1959171127057e-06
2885.5               5.2674109518591e-06
2886.5               4.4780512631348e-06
2887.5               3.8069836172383e-06
2888.5               3.2364777524663e-06
2889.5               2.7514679423746e-06
2890.5               2.339139992813e-06
2891.5               1.9886026159099e-06
2892.5               1.6905965516401e-06
2893.5               1.4372480983127e-06
2894.5               1.2218670519815e-06
2895.5               1.0387601889761e-06
2896.5               8.8309581869339e-07
2897.5               7.5075501371202e-07
2898.5               6.3824945328861e-07
2899.5               5.426059601632e-07
2900.5               4.612910053936e-07
2901.5               3.9216407898834e-07
2902.5               3.3339553340284e-07
2903.5               2.834354972947e-07
2904.5               2.4096058481859e-07
2905.5               2.0484947071964e-07
2906.5               1.7415180408875e-07
2907.5               1.4805268122586e-07
2908.5               1.2586598430175e-07
2909.5               1.0700329511337e-07
2910.5               9.0967233745687e-08
2911.5               7.7335915449339e-08
2912.5               6.5745187072253e-08
2913.5               5.5893067951729e-08
2914.5               4.7517545453957e-08
2915.5               4.0394354527962e-08
2916.5               3.4341418597705e-08
2917.5               2.9196645101592e-08
2918.5               2.4822366384569e-08
2919.5               2.1100898806026e-08
2920.5               1.7941204077943e-08
2921.5               1.52522439123e-08
2922.5               1.2967404927622e-08
2923.5               1.1024514634528e-08
2924.5               9.3725027738856e-09
2925.5               7.9669604247101e-09
2926.5               6.7745808962627e-09
2927.5               5.7576166057061e-09
2928.5               4.8960835385969e-09
2929.5               4.1611158962951e-09
2930.5               3.539391002505e-09
2931.5               3.0064839506849e-09
2932.5               2.5579538487364e-09
2933.5               2.1738166822161e-09
2934.5               1.8474111129763e-09
2935.5               1.5720758028692e-09
2936.5               1.3344880755994e-09
2937.5               1.1368683772162e-09
2938.5               9.6589403142389e-10
2939.5               8.1934459217337e-10
2940.5               6.972200594646e-10
2941.5               5.9285909514983e-10
2942.5               5.0404125317982e-10
2943.5               4.2854608750531e-10
2944.5               3.6415315207705e-10
2945.5               3.0864200084579e-10
2946.5               2.6201263381154e-10
2947.5               2.2204460492503e-10
2948.5               1.8873791418628e-10
2949.5               1.5987211554602e-10
2950.5               1.3766765505352e-10
2951.5               1.1768364061027e-10
2952.5               9.9920072216264e-11
2953.5               8.2156503822262e-11
2954.5               7.327471962526e-11
2955.5               5.9952043329758e-11
2956.5               5.1070259132757e-11
2957.5               4.4408920985006e-11
2958.5               3.9968028886506e-11
2959.5               3.3306690738755e-11
2960.5               2.6645352591004e-11
2961.5               2.4424906541753e-11
2962.5               2.2204460492503e-11
2963.5               1.5543122344752e-11
2964.5               1.5543122344752e-11
2965.5               1.1102230246252e-11
2966.5               8.8817841970013e-12
2967.5               8.8817841970013e-12
2968.5               6.6613381477509e-12
2969.5               6.6613381477509e-12
2970.5               4.4408920985006e-12
2971.5               4.4408920985006e-12
2972.5               4.4408920985006e-12
2973.5               2.2204460492503e-12
2974.5               2.2204460492503e-12
2975.5               -0
2976.5               -0
2977.5               -0
2978.5               2.2204460492503e-12
2979.5               -0
2980.5               2.2204460492503e-12
2981.5               -0
2982.5               -0
2983.5               2.2204460492503e-12
2984.5               -0
2985.5               -0
2986.5               -0
2987.5               -0
2988.5               -0
2989.5               -0
2990.5               -0
2991.5               -2.2204460492503e-12
2992.5               -0
2993.5               -2.2204460492503e-12
2994.5               -0
2995.5               -0
2996.5               -0
2997.5               -0
2998.5               -0
2999.5               -0
3000.5               -2.2204460492503e-12
3001.5               -0
3002.5               -2.2204460492503e-12
3003.5               -0
3004.5               -0
3005.5               -0
3006.5               -0
3007.5               -0
3008.5               -0
3009.5               2.2204460492503e-12
3010.5               2.2204460492503e-12
3011.5               2.2204460492503e-12
3012.5               -0
3013.5               2.2204460492503e-12
3014.5               2.2204460492503e-12
3015.5               -0
3016.5               2.2204460492503e-12
3017.5               2.2204460492503e-12
3018.5               2.2204460492503e-12
3019.5               -0
3020.5               -0
3021.5               -0
3022.5               -0
3023.5               -0
3024.5               -0
3025.5               -2.2204460492503e-12
3026.5               -0
3027.5               -2.2204460492503e-12
3028.5               -0
3029.5               -2.2204460492503e-12
3030.5               -0
3031.5               2.2204460492503e-12
3032.5               -0
3033.5               2.2204460492503e-12
3034.5               -0
3035.5               2.2204460492503e-12
3036.5               -0
3037.5               -2.2204460492503e-12
3038.5               -0
3039.5               -0
3040.5               -0
3041.5               2.2204460492503e-12
3042.5               -0
3043.5               4.4408920985006e-12
3044.5               2.2204460492503e-12
3045.5               2.2204460492503e-12
3046.5               2.2204460492503e-12
3047.5               2.2204460492503e-12
3048.5               2.2204460492503e-12
3049.5               2.2204460492503e-12
3050.5               2.2204460492503e-12
3051.5               -0
3052.5               2.2204460492503e-12
3053.5               -0
3054.5               -0
3055.5               -0
3056.5               -0
3057.5               -2.2204460492503e-12
3058.5               -0
3059.5               -2.2204460492503e-12
3060.5               -0
3061.5               -0
3062.5               -2.2204460492503e-12
3063.5               -0
3064.5               -0
3065.5               -0
3066.5               -0
3067.5               -2.2204460492503e-12
3068.5               -0
3069.5               -2.2204460492503e-12
3070.5               -0
3071.5               -2.2204460492503e-12
3072.5               -0
3073.5               -2.2204460492503e-12
3074.5               -2.2204460492503e-12
3075.5               -2.2204460492503e-12
3076.5               -0
3077.5               -2.2204460492503e-12
3078.5               -0
3079.5               -0
3080.5               2.2204460492503e-12
3081.5               -0
3082.5               -0
3083.5               2.2204460492503e-12
3084.5               -0
3085.5               2.2204460492503e-12
3086.5               -0
3087.5               -0
3088.5               -2.2204460492503e-12
3089.5               -0
3090.5               -0
3091.5               2.2204460492503e-12
3092.5               -0
3093.5               2.2204460492503e-12
3094.5               2.2204460492503e-12
3095.5               2.2204460492503e-12
3096.5               2.2204460492503e-12
3097.5               2.2204460492503e-12
3098.5               -0
3099.5               -0
3100.5               2.2204460492503e-12
3101.5               -0
3102.5               -2.2204460492503e-12
3103.5               -0
3104.5               -0
3105.5               -2.2204460492503e-12
3106.5               -0
3107.5               -2.2204460492503e-12
3108.5               -0
3109.5               -0
3110.5               -2.2204460492503e-12
3111.5               -2.2204460492503e-12
3112.5               -2.2204460492503e-12
3113.5               -0
3114.5               -2.2204460492503e-12
3115.5               -0
3116.5               -2.2204460492503e-12
3117.5               -0
3118.5               -0
3119.5               -2.2204460492503e-12
3120.5               -0
3121.5               -0
3122.5               -0
3123.5               2.2204460492503e-12
3124.5               -0
3125.5               2.2204460492503e-12
3126.5               -0
3127.5               -0
3128.5               -0
3129.5               -0
3130.5               -2.2204460492503e-12
3131.5               -2.2204460492503e-12
3132.5               -0
3133.5               -2.2204460492503e-12
3134.5               -2.2204460492503e-12
3135.5               -0
3136.5               -0
3137.5               -0
3138.5               2.2204460492503e-12
3139.5               -0
3140.5               2.2204460492503e-12
3141.5               2.2204460492503e-12
3142.5               2.2204460492503e-12
3143.5               2.2204460492503e-12
3144.5               -0
3145.5               2.2204460492503e-12
3146.5               -0
3147.5               -2.2204460492503e-12
3148.5               -0
3149.5               -2.2204460492503e-12
3150.5               -0
3151.5               -0
3152.5               -0
3153.5               -0
3154.5               -0
3155.5               -2.2204460492503e-12
3156.5               -0
3157.5               -2.2204460492503e-12
3158.5               -2.2204460492503e-12
3159.5               -0
3160.5               -2.2204460492503e-12
3161.5               -2.2204460492503e-12
3162.5               -0
3163.5               -0
3164.5               -0
3165.5               2.2204460492503e-12
3166.5               -0
3167.5               -0
3168.5               -0
3169.5               -0
3170.5               -0
3171.5               2.2204460492503e-12
3172.5               -0
3173.5               -2.2204460492503e-12
3174.5               -0
3175.5               -0
3176.5               -0
3177.5               -0
3178.5               2.2204460492503e-12
3179.5               -0
3180.5               2.2204460492503e-12
3181.5               2.2204460492503e-12
3182.5               2.2204460492503e-12
3183.5               2.2204460492503e-12
3184.5               4.4408920985006e-12
3185.5               2.2204460492503e-12
3186.5               2.2204460492503e-12
3187.5               2.2204460492503e-12
3188.5               2.2204460492503e-12
3189.5               -0
3190.5               2.2204460492503e-12
3191.5               -0
3192.5               -0
3193.5               -0
3194.5               -0
3195.5               -2.2204460492503e-12
3196.5               -0
3197.5               -2.2204460492503e-12
3198.5               -2.2204460492503e-12
3199.5               -2.2204460492503e-12
3200.5               -2.2204460492503e-12
3201.5               -4.4408920985006e-12
3202.5               -2.2204460492503e-12
3203.5               -2.2204460492503e-12
3204.5               -2.2204460492503e-12
3205.5               -0
3206.5               -0
3207.5               -0
3208.5               -2.2204460492503e-12
3209.5               -0
3210.5               -0
3211.5               2.2204460492503e-12
3212.5               -0
3213.5               2.2204460492503e-12
3214.5               -0
3215.5               -0
3216.5               -0
3217.5               -2.2204460492503e-12
3218.5               -0
3219.5               -0
3220.5               -0
3221.5               -0
3222.5               -0
3223.5               -2.2204460492503e-12
3224.5               -0
3225.5               -2.2204460492503e-12
3226.5               -2.2204460492503e-12
3227.5               -0
3228.5               -2.2204460492503e-12
3229.5               -0
3230.5               -0
3231.5               2.2204460492503e-12
3232.5               -0
3233.5               -0
3234.5               -0
3235.5               -0
3236.5               -0
3237.5               -0
3238.5               -0
3239.5               -0
3240.5               -0
3241.5               -0
3242.5               -2.2204460492503e-12
3243.5               -2.2204460492503e-12
3244.5               -2.2204460492503e-12
3245.5               -2.2204460492503e-12
3246.5               -2.2204460492503e-12
3247.5               -0
3248.5               -0
3249.5               -0
3250.5               -0
3251.5               -0
3252.5               -0
3253.5               -0
3254.5               -0
3255.5               -0
3256.5               -0
3257.5               -2.2204460492503e-12
3258.5               -0
3259.5               -0
3260.5               -0
3261.5               -0
3262.5               -0
3263.5               2.2204460492503e-12
3264.5               -0
3265.5               2.2204460492503e-12
3266.5               -0
3267.5               2.2204460492503e-12
3268.5               2.2204460492503e-12
3269.5               4.4408920985006e-12
3270.5               4.4408920985006e-12
3271.5               2.2204460492503e-12
3272.5               2.2204460492503e-12
3273.5               2.2204460492503e-12
3274.5               2.2204460492503e-12
3275.5               -0
3276.5               -0
3277.5               -0
3278.5               -0
3279.5               -0
3280.5               -2.2204460492503e-12
3281.5               -0
3282.5               -2.2204460492503e-12
3283.5               -0
3284.5               -0
3285.5               -0
3286.5               2.2204460492503e-12
3287.5               -0
3288.5               -0
3289.5               2.2204460492503e-12
3290.5               -0
3291.5               -2.2204460492503e-12
3292.5               -0
3293.5               -2.2204460492503e-12
3294.5               -0
3295.5               -2.2204460492503e-12
3296.5               -2.2204460492503e-12
3297.5               -4.4408920985006e-12
3298.5               -2.2204460492503e-12
3299.5               -0
3300.5               -4.4408920985006e-12
3301.5               -0
3302.5               -2.2204460492503e-12
3303.5               -0
3304.5               -2.2204460492503e-12
3305.5               -0
3306.5               -0
3307.5               -0
3308.5               2.2204460492503e-12
3309.5               -0
3310.5               2.2204460492503e-12
3311.5               2.2204460492503e-12
3312.5               2.2204460492503e-12
3313.5               2.2204460492503e-12
3314.5               2.2204460492503e-12
3315.5               -0
3316.5               -0
3317.5               -0
3318.5               -0
3319.5               -0
3320.5               2.2204460492503e-12
3321.5               -0
3322.5               2.2204460492503e-12
3323.5               -0
3324.5               2.2204460492503e-12
3325.5               2.2204460492503e-12
3326.5               2.2204460492503e-12
3327.5               -0
3328.5               2.2204460492503e-12
3329.5               -0
3330.5               -0
3331.5               -2.2204460492503e-12
3332.5               -2.2204460492503e-12
3333.5               -0
3334.5               -0
3335.5               -2.2204460492503e-12
3336.5               -0
3337.5               -0
3338.5               2.2204460492503e-12
3339.5               -0
3340.5               -0
3341.5               -0
3342.5               -0
3343.5               -0
3344.5               -2.2204460492503e-12
3345.5               -0
3346.5               -0
3347.5               2.2204460492503e-12
3348.5               2.2204460492503e-12
3349.5               -0
3350.5               2.2204460492503e-12
3351.5               -0
3352.5               -0
3353.5               2.2204460492503e-12
3354.5               -0
3355.5               2.2204460492503e-12
3356.5               -0
3357.5               -2.2204460492503e-12
3358.5               2.2204460492503e-12
3359.5               -0
3360.5               2.2204460492503e-12
3361.5               2.2204460492503e-12
3362.5               2.2204460492503e-12
3363.5               2.2204460492503e-12
3364.5               -0
3365.5               2.2204460492503e-12
3366.5               -0
3367.5               2.2204460492503e-12
3368.5               -0
3369.5               -0
3370.5               -0
3371.5               -0
3372.5               -0
3373.5               -0
3374.5               -0
3375.5               -2.2204460492503e-12
3376.5               -0
3377.5               -2.2204460492503e-12
3378.5               -2.2204460492503e-12
3379.5               -0
3380.5               -2.2204460492503e-12
3381.5               -2.2204460492503e-12
3382.5               -2.2204460492503e-12
3383.5               -2.2204460492503e-12
3384.5               -2.2204460492503e-12
3385.5               -0
3386.5               -0
3387.5               -0
3388.5               -2.2204460492503e-12
3389.5               2.2204460492503e-12
3390.5               -0
3391.5               2.2204460492503e-12
3392.5               -0
3393.5               2.2204460492503e-12
3394.5               -0
3395.5               2.2204460492503e-12
3396.5               -0
3397.5               -0
3398.5               -0
3399.5               -0
3400.5               -0
3401.5               -0
3402.5               -2.2204460492503e-12
3403.5               -2.2204460492503e-12
3404.5               -2.2204460492503e-12
3405.5               -2.2204460492503e-12
3406.5               -2.2204460492503e-12
3407.5               -2.2204460492503e-12
3408.5               -2.2204460492503e-12
3409.5               -2.2204460492503e-12
3410.5               -0
3411.5               -0
3412.5               -0
3413.5               2.2204460492503e-12
3414.5               2.2204460492503e-12
3415.5               2.2204460492503e-12
3416.5               2.2204460492503e-12
3417.5               2.2204460492503e-12
3418.5               2.2204460492503e-12
3419.5               -0
3420.5               -0
3421.5               -0
3422.5               -0
3423.5               -0
3424.5               -0
3425.5               -0
3426.5               -0
3427.5               -0
3428.5               -0
3429.5               -2.2204460492503e-12
3430.5               -0
3431.5               -0
3432.5               -2.2204460492503e-12
3433.5               -0
3434.5               -2.2204460492503e-12
3435.5               -2.2204460492503e-12
3436.5               -0
3437.5               -2.2204460492503e-12
3438.5               -0
3439.5               -2.2204460492503e-12
3440.5               -0
3441.5               -2.2204460492503e-12
3442.5               -0
3443.5               -2.2204460492503e-12
3444.5               -0
3445.5               -2.2204460492503e-12
3446.5               -0
3447.5               -2.2204460492503e-12
3448.5               -0
3449.5               -0
3450.5               2.2204460492503e-12
3451.5               2.2204460492503e-12
3452.5               2.2204460492503e-12
3453.5               2.2204460492503e-12
3454.5               2.2204460492503e-12
3455.5               2.2204460492503e-12
3456.5               -0
3457.5               2.2204460492503e-12
3458.5               -2.2204460492503e-12
3459.5               -0
3460.5               -2.2204460492503e-12
3461.5               -0
3462.5               -0
3463.5               -0
3464.5               -0
3465.5               -0
3466.5               2.2204460492503e-12
3467.5               -0
3468.5               2.2204460492503e-12
3469.5               2.2204460492503e-12
3470.5               2.2204460492503e-12
3471.5               2.2204460492503e-12
3472.5               -0
3473.5               -0
3474.5               2.2204460492503e-12
3475.5               -0
3476.5               -0
3477.5               2.2204460492503e-12
3478.5               -0
3479.5               -0
3480.5               -0
3481.5               -0
3482.5               -2.2204460492503e-12
3483.5               -0
3484.5               -2.2204460492503e-12
3485.5               -0
3486.5               -0
3487.5               -2.2204460492503e-12
3488.5               -0
3489.5               -0
3490.5               -0
3491.5               -2.2204460492503e-12
3492.5               -0
3493.5               -0
3494.5               -2.2204460492503e-12
3495.5               -0
3496.5               -2.2204460492503e-12
3497.5               -0
3498.5               -0
3499.5               -0
3500.5               -0
3501.5               -0
3502.5               -0
3503.5               -0
3504.5               -0
3505.5               -2.2204460492503e-12
3506.5               -0
3507.5               -2.2204460492503e-12
3508.5               -0
3509.5               -0
3510.5               2.2204460492503e-12
3511.5               -0
3512.5               2.2204460492503e-12
3513.5               2.2204460492503e-12
3514.5               2.2204460492503e-12
3515.5               2.2204460492503e-12
3516.5               -0
3517.5               -0
3518.5               -0
3519.5               -0
3520.5               -2.2204460492503e-12
3521.5               -0
3522.5               -2.2204460492503e-12
3523.5               -0
3524.5               -0
3525.5               -2.2204460492503e-12
3526.5               -0
3527.5               2.2204460492503e-12
3528.5               -0
3529.5               2.2204460492503e-12
3530.5               2.2204460492503e-12
3531.5               2.2204460492503e-12
3532.5               -0
3533.5               2.2204460492503e-12
3534.5               -0
3535.5               -0
3536.5               -0
3537.5               -2.2204460492503e-12
3538.5               -2.2204460492503e-12
3539.5               -2.2204460492503e-12
3540.5               -2.2204460492503e-12
3541.5               -4.4408920985006e-12
3542.5               -4.4408920985006e-12
3543.5               -4.4408920985006e-12
3544.5               -4.4408920985006e-12
3545.5               -4.4408920985006e-12
3546.5               -4.4408920985006e-12
3547.5               -4.4408920985006e-12
3548.5               -4.4408920985006e-12
3549.5               -6.6613381477509e-12
3550.5               -6.6613381477509e-12
3551.5               -6.6613381477509e-12
3552.5               -8.8817841970013e-12
3553.5               -8.8817841970013e-12
3554.5               -1.3322676295502e-11
3555.5               -1.3322676295502e-11
3556.5               -1.7763568394003e-11
3557.5               -2.2204460492503e-11
3558.5               -2.4424906541753e-11
3559.5               -3.1086244689504e-11
3560.5               -3.3306690738755e-11
3561.5               -3.9968028886506e-11
3562.5               -4.6629367034257e-11
3563.5               -5.5511151231258e-11
3564.5               -6.6613381477509e-11
3565.5               -7.7715611723761e-11
3566.5               -9.3258734068513e-11
3567.5               -1.0880185641327e-10
3568.5               -1.2878587085652e-10
3569.5               -1.4876988529977e-10
3570.5               -1.7541523789077e-10
3571.5               -2.0650148258028e-10
3572.5               -2.4202861936828e-10
3573.5               -2.8643754035329e-10
3574.5               -3.3750779948605e-10
3575.5               -3.9523939676656e-10
3576.5               -4.6629367034257e-10
3577.5               -5.4622972811558e-10
3578.5               -6.4392935428259e-10
3579.5               -7.5717210279436e-10
3580.5               -8.9261931179863e-10
3581.5               -1.0502709812954e-09
3582.5               -1.2345680033832e-09
3583.5               -1.454392162259e-09
3584.5               -1.7075230118735e-09
3585.5               -2.0095036745715e-09
3586.5               -2.3625545964023e-09
3587.5               -2.7822188997106e-09
3588.5               -3.2684965844965e-09
3589.5               -3.8458125573015e-09
3590.5               -4.5230486023229e-09
3591.5               -5.3201887340038e-09
3592.5               -6.2594374128366e-09
3593.5               -7.3607786532648e-09
3594.5               -8.657519146027e-09
3595.5               -1.0182965581862e-08
3596.5               -1.1979306435705e-08
3597.5               -1.4088730182493e-08
3598.5               -1.6573409311604e-08
3599.5               -1.9495516312418e-08
3600.5               -2.2930546350608e-08
3601.5               -2.6973978606293e-08
3602.5               -3.1730174043787e-08
3603.5               -3.731903674975e-08
3604.5               -4.3900438839728e-08
3605.5               -5.1636472875316e-08
3606.5               -6.0740301677242e-08
3607.5               -7.1445072080678e-08
3608.5               -8.4039442072026e-08
3609.5               -9.8854258112624e-08
3610.5               -1.1627809826109e-07
3611.5               -1.3677725618777e-07
3612.5               -1.6088685939053e-07
3613.5               -1.892486167776e-07
3614.5               -2.2260637777549e-07
3615.5               -2.6184610035784e-07
3616.5               -3.0800473282966e-07
3617.5               -3.6229463873383e-07
3618.5               -4.2615910800237e-07
3619.5               -5.0127901829455e-07
3620.5               -5.8963944837842e-07
3621.5               -6.9357852794383e-07
3622.5               -8.1584072830765e-07
3623.5               -9.5964791668735e-07
3624.5               -1.1288103785034e-06
3625.5               -1.3277889898688e-06
3626.5               -1.5618417670282e-06
3627.5               -1.8371504317827e-06
3628.5               -2.1609958267277e-06
3629.5               -2.5419200078147e-06
3630.5               -2.9899926978771e-06
3631.5               -3.5170488743574e-06
3632.5               -4.1370107339844e-06
3633.5               -4.8662540663713e-06
3634.5               -5.7240434614414e-06
3635.5               -6.7330385711273e-06
3636.5               -7.9198936298042e-06
3637.5               -9.3159568947954e-06
3638.5               -1.0958112195425e-05
3639.5               -1.2889733724819e-05
3640.5               -1.5161847333189e-05
3641.5               -1.7834473897693e-05
3642.5               -2.0978214720913e-05
3643.5               -2.4676112264643e-05
3644.5               -2.9025848391484e-05
3645.5               -3.4142324523145e-05
3646.5               -4.0160703651537e-05
3647.5               -4.7239954170664e-05
3648.5               -5.5567090928577e-05
3649.5               -6.5362075751807e-05
3650.5               -7.688364833669e-05
3651.5               -9.0436169664088e-05
3652.5               -0.00010637763114829
3653.5               -0.00012512914038254
3654.5               -0.00014718603225106
3655.5               -0.00017313095179716
3656.5               -0.00020364925301664
3657.5               -0.0002395470999339
3658.5               -0.00028177274291608
3659.5               -0.00033144160305199
3660.5               -0.00038986570416455
3661.5               -0.00045858834285539
3662.5               -0.00053942484479208
3663.5               -0.00063451053300412
3664.5               -0.00074635709834681
3665.5               -0.00087791896863365
3666.5               -0.0010326713328901
3667.5               -0.0012147019146092
3668.5               -0.0014288189564837
3669.5               -0.0016806781877321
3670.5               -0.0019769321979446
3671.5               -0.0023254061143341
3672.5               -0.0027353042342249
3673.5               -0.0032174530795182
3674.5               -0.0037845872413733
3675.5               -0.0044516855757237
3676.5               -0.005236366649175
3677.5               -0.006159353755919
3678.5               -0.0072450218513431
3679.5               -0.0085220407575193
3680.5               -0.010024131515962
3681.5               -0.011790955847246
3682.5               -0.013869162009961
3683.5               -0.016313614510377
3684.5               -0.019188839879281
3685.5               -0.022570726339044
3686.5               -0.026548521721015
3687.5               -0.031227181735982
3688.5               -0.036730129571172
3689.5               -0.043202498452022
3690.5               -0.05081494082626
3691.5               -0.059768102251834
3692.5               -0.070297874550374
3693.5               -0.082681561990317
3694.5               -0.097245116519318
3695.5               -0.11437162369177
3696.5               -0.13451125021158
3697.5               -0.15819289791663
3698.5               -0.18603784688986
3699.5               -0.21877571371398
3700.5               -0.25726309889063
3701.5               -0.30250535056231
3702.5               -0.3556819294448
3703.5               -0.4181759212174
3704.5               -0.49160830610129
3705.5               -0.57787765780803
3706.5               -0.67920600163696
3707.5               -0.79819160727856
3708.5               -0.93786951667285
3709.5               -1.1017805980629
3710.5               -1.2940498553848
3711.5               -1.5194745831826
3712.5               -1.7836227082402
3713.5               -2.0929412583204
3714.5               -2.4548742923369
3715.5               -2.8779887516261
3716.5               -3.3721054743174
3717.5               -3.9484309753424
3718.5               -4.6196834579337
3719.5               -5.4002038345025
3720.5               -6.3060392895897
3721.5               -7.3549831991171
3722.5               -8.5665512577271
3723.5               -9.9618699044535
3724.5               -11.56345030781
3725.5               -13.394820350252
3726.5               -15.479989653597
3727.5               -17.842730354765
3728.5               -20.50567065023
3729.5               -23.489220062018
3730.5               -26.810374580652
3731.5               -30.481483774707
3732.5               -34.509095284831
3733.5               -38.893016779897
3734.5               -43.625741916018
3735.5               -48.692366765726
3736.5               -54.071073010729
3737.5               -59.734178362196
3738.5               -65.649666706742
3739.5               -71.783030469275
3740.5               -78.099206344056
3741.5               -84.564376873071
3742.5               -91.147446252728
3743.5               -97.821068284716
3744.5               -104.56218804977
3745.5               -111.35213579248
3746.5               -118.17636612254
3747.5               -125.02396137269
3748.5               -131.88701692635
3749.5               -138.76000639291
3750.5               -145.63919539662
3751.5               -152.52214295524
3752.5               -159.4073045611
3753.5               -166.29373362299
3754.5               -173.18086791055
3755.5               -180.06838364595
3756.5               -186.95609997188
3757.5               -193.84391886407
3758.5               -200.73178875542
3759.5               -207.6196833087
3760.5               -126.55922790122
3761.5187209763      -65.762958278119
3762.5755848552      -34.251984632143
3763.6720197814      -17.683219868694
3764.8095073722      -8.9873807308981
3765.9895847196      -4.4776194435928
3767.2138464671      -2.1807413705533
3768.483946965       -1.0362838807449
3769.8016025056      -0.47979238043045
3771.1685936425      -0.21618300160591
3772.5867675969      -0.094696364481833
3774.0580407534      -0.040287098921949
3775.5844012497      -0.016630934649324
3777.1679116635      -0.0066565651884207
3778.8107117992      -0.002583985517974
3780.5150215798      -0.00098067442530064
3782.2831440465      -0.00038823904156947
3784.117468471       -0.00022992395831343
3786.0204735836      -0.00035652834877355
3787.9947309236      -0.00097327521238974
3790                 -4758.2579429988
3792                 -0
3794                 -0
3796                 -0
3798                 -0
