x[nm]                E[kV/cm]            
-8                   -0
-6                   -0
-4                   -0
-2                   -0
0                    -293.22280207834
1.999                -0.00037588763377614
3.997                -0.00021712371418088
5.995                -0.00012541701633407
7.9929999999999      -7.2444543968425e-05
9.9909999999999      -4.1846086155766e-05
11.989               -2.4171522307905e-05
13.987               -1.3962182539036e-05
15.985               -8.0649623338229e-06
17.983               -4.6585536007139e-06
19.981               -2.6909138914452e-06
21.979               -1.5543477971747e-06
23.977               -8.9783369261099e-07
25.975               -5.1861973730098e-07
27.973               -2.9957128980777e-07
29.971               -1.7303920503127e-07
31.969               -9.9957857584471e-08
33.967               -5.7744933292817e-08
35.965               -3.3340030769525e-08
37.963               -1.9266092447349e-08
39.961               -1.1131124939585e-08
41.959               -6.4279579323643e-09
43.957               -3.7074114215711e-09
45.955               -2.1426526441214e-09
47.953               -1.2446944820623e-09
49.951               -7.2014466462173e-10
51.948999999999      -4.0897104410617e-10
53.946999999999      -2.311575466687e-10
55.944999999999      -1.4225079794997e-10
57.942999999999      -8.0016073846859e-11
59.940999999999      -3.5562699487493e-11
61.938999999999      -3.5562699487493e-11
63.936999999999      -1.7781349743746e-11
65.934999999999      -1.7781349743746e-11
67.932999999999      -8.8906748718732e-12
69.930999999999      -0
71.928999999999      -8.8906748718732e-12
73.926999999999      -0
75.924999999999      -0
77.922999999999      -8.8906748718732e-12
79.920999999999      -0
81.918999999999      -0
83.916999999999      -0
85.914999999999      -0
87.912999999999      -0
89.910999999999      -0
91.908999999999      -0
93.906999999999      -0
95.904999999999      -0
97.902999999999      -0
99.900999999999      -0
101.899              -0
103.897              -0
105.895              -0
107.893              -0
109.891              -0
111.889              -0
113.887              -0
115.885              -0
117.883              -0
119.881              8.8906748718732e-12
121.879              -0
123.877              -0
125.875              8.8906748718732e-12
127.873              -0
129.871              -1.7781349743747e-11
131.869              -8.8906748718732e-12
133.867              -0
135.865              -8.8906748718733e-12
137.863              -0
139.861              8.8906748718733e-12
141.859              -0
143.857              -0
145.855              -8.8906748718732e-12
147.853              -0
149.851              -0
151.849              -0
153.847              -0
155.845              -0
157.843              -0
159.841              -0
161.839              -0
163.837              -0
165.835              8.8906748718733e-12
167.833              -8.8906748718733e-12
169.831              -0
171.829              8.8906748718733e-12
173.827              -0
175.825              -0
177.823              -8.8906748718732e-12
179.821              8.8906748718733e-12
181.819              -0
183.817              -8.8906748718732e-12
185.815              8.8906748718733e-12
187.813              -0
189.811              -8.8906748718732e-12
191.809              8.8906748718733e-12
193.807              -0
195.805              -8.8906748718732e-12
197.803              8.8906748718733e-12
199.801              -8.8906748718733e-12
201.799              8.8906748718732e-12
203.797              -0
205.795              -0
207.793              -0
209.791              -0
211.789              -0
213.787              -0
215.785              -8.8906748718732e-12
217.783              -0
219.781              -0
221.779              -0
223.777              -0
225.775              -0
227.773              -0
229.771              8.8906748718733e-12
231.769              -0
233.767              -8.8906748718732e-12
235.765              8.8906748718733e-12
237.763              -0
239.761              -8.8906748718733e-12
241.759              -0
243.757              -0
245.755              -0
247.753              -0
249.751              8.8906748718733e-12
251.749              -0
253.747              8.8906748718732e-12
255.745              -0
257.743              -8.8906748718732e-12
259.741              -0
261.739              8.8906748718732e-12
263.737              -0
265.735              -0
267.733              -0
269.731              8.8906748718732e-12
271.729              -0
273.727              -0
275.725              -0
277.723              -0
279.721              -8.8906748718732e-12
281.719              -0
283.717              -8.8906748718734e-12
285.715              -0
287.713              8.8906748718734e-12
289.711              8.8906748718732e-12
291.709              -0
293.707              -0
295.705              -0
297.703              -0
299.701              -0
301.699              -0
303.697              -0
305.695              -0
307.693              -0
309.691              -0
311.689              -8.8906748718734e-12
313.687              -0
315.685              -0
317.683              -0
319.681              -0
321.679              -0
323.677              8.8906748718734e-12
325.675              -0
327.673              -0
329.671              -0
331.669              -0
333.667              -0
335.665              -0
337.663              -0
339.661              -0
341.659              -0
343.657              -0
345.655              -0
347.653              -0
349.651              -0
351.649              -0
353.647              -0
355.645              -0
357.643              -0
359.641              -0
361.639              -0
363.637              -0
365.635              -0
367.633              -0
369.631              -0
371.629              -0
373.627              -0
375.625              -0
377.623              -0
379.621              -0
381.619              -0
383.617              -0
385.615              -0
387.613              -0
389.611              -0
391.609              -0
393.607              -0
395.605              -0
397.60299999999      -0
399.60099999999      -0
401.59899999999      -0
403.59699999999      -0
405.59499999999      -0
407.59299999999      -0
409.59099999999      -0
411.58899999999      -8.8906748718732e-12
413.58699999999      -0
415.58499999999      -8.8906748718734e-12
417.58299999999      -0
419.58099999999      -0
421.57899999999      -0
423.57699999999      8.8906748718732e-12
425.57499999999      -0
427.57299999999      -0
429.57099999999      8.8906748718732e-12
431.56899999999      -0
433.56699999999      -0
435.56499999999      -0
437.56299999999      -0
439.56099999999      -8.8906748718734e-12
441.55899999999      -0
443.55699999999      8.8906748718732e-12
445.55499999999      -0
447.55299999999      -0
449.55099999999      -0
451.54899999999      -0
453.54699999999      -0
455.54499999999      -0
457.54299999999      -0
459.54099999999      -8.8906748718732e-12
461.53899999999      -0
463.53699999999      -8.8906748718734e-12
465.53499999999      -0
467.53299999999      -0
469.53099999999      -8.8906748718734e-12
471.52899999999      -0
473.52699999999      8.8906748718734e-12
475.52499999999      -0
477.52299999999      -0
479.52099999999      -0
481.51899999999      -0
483.51699999999      -0
485.51499999999      -0
487.51299999999      -0
489.51099999999      -0
491.50899999999      8.8906748718734e-12
493.50699999999      -0
495.50499999999      -0
497.50299999999      -0
499.50099999999      -0
501.49899999999      -0
503.49699999999      8.8906748718734e-12
505.49499999999      -0
507.49299999999      -0
509.49099999999      -0
511.48899999999      -8.8906748718729e-12
513.48699999999      8.8906748718729e-12
515.48499999999      -0
517.48299999999      -0
519.48099999999      -0
521.47899999999      -0
523.47699999999      -0
525.47499999999      -0
527.47299999999      -0
529.47099999999      -8.8906748718734e-12
531.46899999999      -0
533.46699999999      -0
535.46499999999      -0
537.46299999999      8.8906748718729e-12
539.46099999999      -0
541.45899999999      -0
543.45699999999      -0
545.45499999999      -0
547.45299999999      -0
549.45099999999      -0
551.44899999999      -0
553.44699999999      -0
555.44499999999      -0
557.44299999999      -0
559.44099999999      -0
561.43899999999      -0
563.43699999999      -0
565.43499999999      -0
567.43299999999      -0
569.43099999999      -8.8906748718729e-12
571.42899999999      -0
573.42699999999      8.8906748718729e-12
575.42499999999      -0
577.42299999999      -8.8906748718729e-12
579.42099999999      -0
581.41899999999      -0
583.41699999999      -0
585.41499999999      8.8906748718729e-12
587.41299999999      -0
589.41099999999      -0
591.40899999999      -0
593.40699999999      -0
595.40499999999      -0
597.40299999999      -0
599.40099999999      -0
601.39899999999      -0
603.39699999999      8.8906748718729e-12
605.39499999999      -0
607.39299999999      -0
609.39099999999      -8.8906748718729e-12
611.38899999999      -0
613.38699999999      -0
615.38499999999      8.8906748718729e-12
617.38299999999      -0
619.38099999999      -0
621.37899999999      -0
623.37699999999      -8.8906748718734e-12
625.37499999999      8.8906748718729e-12
627.37299999999      -0
629.37099999999      -0
631.369              -8.8906748718729e-12
633.36699999999      -0
635.365              -0
637.363              -0
639.361              -0
641.359              -0
643.357              -0
645.355              -8.8906748718734e-12
647.353              8.8906748718729e-12
649.351              -8.8906748718729e-12
651.349              8.8906748718729e-12
653.347              -0
655.345              -0
657.343              -0
659.341              -0
661.339              -8.8906748718729e-12
663.337              -0
665.335              -0
667.333              8.8906748718729e-12
669.331              -0
671.329              -0
673.327              -0
675.325              -0
677.323              -8.8906748718729e-12
679.321              -0
681.319              -0
683.317              -0
685.315              -0
687.313              -0
689.311              -0
691.309              -0
693.307              -0
695.305              -0
697.303              8.8906748718729e-12
699.301              -0
701.299              -0
703.297              -8.8906748718734e-12
705.295              -0
707.293              -0
709.291              -0
711.289              -0
713.287              8.8906748718729e-12
715.285              -0
717.283              -0
719.281              -0
721.279              -0
723.277              8.8906748718729e-12
725.275              -8.8906748718729e-12
727.273              -0
729.271              -0
731.269              8.8906748718729e-12
733.267              -0
735.265              -8.8906748718729e-12
737.263              -0
739.261              -0
741.259              -0
743.257              -0
745.255              -0
747.253              -0
749.251              -0
751.249              -0
753.247              -0
755.245              -0
757.243              -0
759.241              -0
761.239              -0
763.237              8.8906748718729e-12
765.235              -0
767.233              8.8906748718729e-12
769.231              -8.8906748718729e-12
771.229              -0
773.227              -0
775.225              -0
777.223              -0
779.221              -8.8906748718729e-12
781.219              -0
783.217              -0
785.215              -0
787.213              -0
789.211              -0
791.209              -0
793.207              -0
795.205              -0
797.203              -0
799.201              -0
801.199              -0
803.197              -0
805.195              -0
807.193              -0
809.191              -0
811.189              -8.8906748718729e-12
813.187              -0
815.185              8.8906748718729e-12
817.183              -0
819.181              -0
821.179              8.8906748718729e-12
823.177              -0
825.175              -8.8906748718729e-12
827.173              -0
829.171              -0
831.169              -0
833.167              -8.8906748718729e-12
835.165              -0
837.163              -0
839.161              -0
841.159              8.8906748718729e-12
843.157              -8.8906748718734e-12
845.155              8.8906748718729e-12
847.153              -0
849.151              -0
851.149              -8.8906748718729e-12
853.147              -0
855.145              8.8906748718734e-12
857.143              -0
859.141              -0
861.139              -0
863.137              -0
865.135              -0
867.133              -0
869.131              8.8906748718729e-12
871.129              -0
873.127              -0
875.125              -0
877.123              -0
879.121              -0
881.119              -0
883.117              -0
885.115              -0
887.113              -0
889.111              8.8906748718734e-12
891.109              1.7781349743746e-11
893.107              3.5562699487492e-11
895.105              5.3344049231237e-11
897.103              9.7797423590602e-11
899.101              1.5114147282184e-10
901.099              2.667202461562e-10
903.097              4.6231509333739e-10
905.095              8.1794208821231e-10
907.093              1.4225079794997e-09
909.091              2.4449355897651e-09
911.089              4.2230705641396e-09
913.087              7.30813474468e-09
915.085              1.2660321017547e-08
917.083              2.1924404234039e-08
919.081              3.7954291028025e-08
921.079              6.5710977978013e-08
923.077              1.1375618498561e-07
925.075              1.9693733908687e-07
927.073              3.4095738133633e-07
929.071              5.9026079541851e-07
931.069              1.0218763884233e-06
933.067              1.7690753766801e-06
935.065              3.0626507891879e-06
937.063              5.3021051013145e-06
939.061              9.1790705833667e-06
941.059              1.5890934436414e-05
943.057              2.7510628632233e-05
945.055              4.7626776285431e-05
947.053              8.2452163215128e-05
949.051              0.00014274233669161
951.049              0.00024711755275819
953.047              0.00042781338031708
955.045              0.00074063649663229
957.043              0.0012822000874015
959.041              0.0022197620362884
961.039              0.0038428806438863
963.037              0.0066528407429912
965.035              0.011517465988827
967.033              0.019939121478365
969.031              0.034518652778767
971.029              0.059758469813074
973.027              0.10345257698211
975.025              0.1790921720611
977.023              0.31002773350887
979.021              0.53666693299968
981.019              0.92891312640338
983.017              1.6076311896078
985.015              2.7816060487327
987.013              4.8109158199269
989.011              8.3148145253625
991.009              14.353007872346
993.007              24.722973868703
995.005              42.424958343473
997.003              72.316398140157
999.001              121.78383953491
1001                 129.78541091813
1003                 92.365695319172
1005                 68.712211410871
1007                 52.92989764901
1009                 41.884421059359
1011                 33.837314497163
1013                 27.778525650444
1015                 23.093396291074
1017                 19.391305051721
1019                 16.414095327359
1021                 13.985132249266
1023                 11.979821201713
1025                 10.307900995468
1027                 8.9024395801562
1029                 7.7127795853738
1031                 6.6998872070911
1033                 5.8332069185152
1035                 5.0884851819433
1037                 4.4462330485295
1039                 3.8906194167243
1041                 3.4086605051353
1043                 2.9896168615284
1045                 2.6245382601431
1047                 2.3059156363825
1049                 2.027411614387
1051                 1.7836495156587
1053                 1.5700464256074
1055                 1.3826798374428
1057                 1.2181801637023
1059                 1.0736433786462
1061                 0.94655947649791
1063                 0.83475346709605
1065                 0.73633639408932
1067                 0.64966442872461
1069                 0.5733045195111
1071                 0.50600540113521
1073                 0.44667301345669
1075                 0.39434957208151
1077                 0.34819567941824
1079                 0.30747498167116
1081                 0.2715409677112
1083                 0.23982557864066
1085                 0.211829354404
1087                 0.18711289020423
1089                 0.16528941346294
1091                 0.1460183221802
1093                 0.12899955072143
1095                 0.11396864996627
1097                 0.10069248526534
1099                 0.088965470386171
1101                 0.078606266917802
1103                 0.069454889066733
1105                 0.061370161894558
1107                 0.054227488037739
1109                 0.047916884273747
1111                 0.04234125439595
1113                 0.037414868971908
1115                 0.033062026671971
1117                 0.029215875088084
1119                 0.02581737141405
1121                 0.022814366440471
1123                 0.02016079663214
1125                 0.017815971755653
1127                 0.015743946155666
1129                 0.013912964185181
1131                 0.012294970703763
1133                 0.010865178978747
1135                 0.0096016892214834
1137                 0.0084851518700191
1139                 0.0074984701559089
1141                 0.0066265375675556
1143                 0.0058560057958346
1145                 0.0051750800533767
1147                 0.004573338019398
1149                 0.0040415700386376
1151                 0.0035716379365169
1153                 0.0031563503011256
1155                 0.0027893522691613
1157                 0.0024650281638117
1159                 0.0021784154924376
1161                 0.0019251289540279
1163                 0.0017012932573834
1165                 0.001503483790799
1167                 0.0013286742106544
1169                 0.0011741901495554
1171                 0.0010376681913726
1173                 0.00091701979343384
1175                 0.00081039924992865
1177                 0.00071617549224356
1179                 0.00063290709562125
1181                 0.00055932027898109
1183                 0.00049428932946682
1185                 0.00043681943395768
1187                 0.00038603148233562
1189                 0.00034114856717338
1191                 0.00030148410878894
1193                 0.00026643135697668
1195                 0.00023545411842463
1197                 0.0002080785321823
1199                 0.00018388583988838
1201                 0.00016250596424072
1203                 0.00014361186906342
1205                 0.00012691454998048
1207                 0.00011215857576019
1209                 9.9118242502527e-05
1211                 8.7594065334429e-05
1213                 7.7409767484937e-05
1215                 6.8409580222806e-05
1217                 6.0455818129412e-05
1219                 5.3426809643042e-05
1221                 4.7215058529559e-05
1223                 4.1725511934487e-05
1225                 3.6874219233596e-05
1227                 3.2586964238135e-05
1229                 2.8798190498946e-05
1231                 2.5449908847008e-05
1233                 2.2490933559993e-05
1235                 1.9875985302065e-05
1237                 1.7565069398984e-05
1239                 1.5522836349646e-05
1241                 1.3718048919031e-05
1243                 1.2123102521855e-05
1245                 1.0713581133359e-05
1247                 9.4679464268665e-06
1249                 8.3671469752744e-06
1251                 7.3943251521769e-06
1253                 6.5346039690439e-06
1255                 5.774838385264e-06
1257                 5.1034287906759e-06
1259                 4.5100634338269e-06
1261                 3.9856828948359e-06
1263                 3.5222935679258e-06
1265                 3.112754498602e-06
1267                 2.750857319711e-06
1269                 2.4310420343454e-06
1271                 2.1483792522758e-06
1273                 1.8985968353036e-06
1275                 1.6778667344397e-06
1277                 1.4827783445526e-06
1279                 1.3103829132888e-06
1281                 1.1580159053892e-06
1283                 1.0233858205311e-06
1285                 9.0439655764385e-07
1287                 7.9924511453555e-07
1289                 7.0631500648233e-07
1291                 6.2419402979685e-07
1293                 5.5162097112316e-07
1295                 4.8748560743661e-07
1297                 4.3081094247555e-07
1299                 3.8071767960446e-07
1301                 3.364597489508e-07
1303                 2.9733548956301e-07
1305                 2.6275870368409e-07
1307                 2.322142478306e-07
1309                 2.0520474208752e-07
1311                 1.8134826973437e-07
1313                 1.6025403226649e-07
1315                 1.4162004902118e-07
1317                 1.2516210290414e-07
1319                 1.1061374038945e-07
1321                 9.7744035087999e-08
1323                 8.6375351315837e-08
1325                 7.6330053389029e-08
1327                 6.7466032760422e-08
1329                 5.9632299098666e-08
1331                 5.2686743856611e-08
1333                 4.6567194544878e-08
1335                 4.114042440051e-08
1337                 3.637090628672e-08
1339                 3.2134295224751e-08
1341                 2.8412827646207e-08
1343                 2.5091040356529e-08
1345                 2.2186696924109e-08
1347                 1.9602097722782e-08
1349                 1.7337242752546e-08
1351                 1.5303314171433e-08
1353                 1.353583911623e-08
1355                 1.1954881529164e-08
1357                 1.0569323194431e-08
1359                 9.3436369752453e-09
1361                 8.2511775190142e-09
1363                 7.291944825738e-09
1365                 6.4392935428259e-09
1367                 5.6843418860808e-09
1369                 5.0270898555027e-09
1371                 4.4408920985006e-09
1373                 3.9257486150746e-09
1375                 3.4638958368305e-09
1377                 3.0553337637684e-09
1379                 2.7000623958884e-09
1381                 2.3891999489933e-09
1383                 2.1138646388863e-09
1385                 1.8651746813703e-09
1387                 1.6520118606422e-09
1389                 1.4654943925052e-09
1391                 1.2967404927622e-09
1393                 1.1457501614132e-09
1395                 1.0036416142611e-09
1397                 8.9706020389713e-10
1399                 7.9936057773011e-10
1401                 7.016609515631e-10
1403                 6.3060667798709e-10
1405                 5.5067062021408e-10
1407                 4.8849813083507e-10
1409                 4.3520742565306e-10
1411                 3.8191672047105e-10
1413                 3.3750779948605e-10
1415                 3.1086244689504e-10
1417                 2.6645352591004e-10
1419                 2.3980817331903e-10
1421                 2.0428103653103e-10
1423                 1.8651746813703e-10
1425                 1.6875389974302e-10
1427                 1.5099033134902e-10
1429                 1.2434497875802e-10
1431                 1.2434497875802e-10
1433                 1.0658141036402e-10
1435                 8.8817841970013e-11
1437                 7.9936057773011e-11
1439                 6.2172489379009e-11
1441                 5.3290705182008e-11
1443                 4.4408920985006e-11
1445                 5.3290705182008e-11
1447                 4.4408920985006e-11
1449                 4.4408920985006e-11
1451                 4.4408920985006e-11
1453                 4.4408920985006e-11
1455                 2.6645352591004e-11
1457                 2.6645352591004e-11
1459                 1.7763568394003e-11
1461                 1.7763568394003e-11
1463                 8.8817841970013e-12
1465                 -0
1467                 -0
1469                 -0
1471                 -0
1473                 -8.8817841970013e-12
1475                 -8.8817841970013e-12
1477                 -1.7763568394003e-11
1479                 -8.8817841970013e-12
1481                 -8.8817841970013e-12
1483                 -0
1485                 8.8817841970013e-12
1487                 -0
1489                 -0
1491                 -8.8817841970013e-12
1493                 -8.8817841970013e-12
1495                 -0
1497                 -0
1499                 -8.8817841970013e-12
1501                 8.8817841970013e-12
1503                 -0
1505                 8.8817841970013e-12
1507                 8.8817841970013e-12
1509                 1.7763568394003e-11
1511                 8.8817841970013e-12
1513                 8.8817841970013e-12
1515                 1.7763568394003e-11
1517                 8.8817841970013e-12
1519                 1.7763568394003e-11
1521                 1.7763568394003e-11
1523                 8.8817841970013e-12
1525                 2.6645352591004e-11
1527                 1.7763568394003e-11
1529                 1.7763568394003e-11
1531                 2.6645352591004e-11
1533                 2.6645352591004e-11
1535                 2.6645352591004e-11
1537                 2.6645352591004e-11
1539                 3.5527136788005e-11
1541                 3.5527136788005e-11
1543                 4.4408920985006e-11
1545                 3.5527136788005e-11
1547                 5.3290705182008e-11
1549                 5.3290705182008e-11
1551                 6.2172489379009e-11
1553                 6.2172489379009e-11
1555                 7.105427357601e-11
1557                 7.105427357601e-11
1559                 8.8817841970013e-11
1561                 1.0658141036402e-10
1563                 1.1546319456102e-10
1565                 1.2434497875802e-10
1567                 1.5099033134902e-10
1569                 1.6875389974302e-10
1571                 1.7763568394003e-10
1573                 2.1316282072803e-10
1575                 2.4868995751604e-10
1577                 2.8421709430404e-10
1579                 3.1974423109205e-10
1581                 3.6415315207705e-10
1583                 4.2632564145606e-10
1585                 4.7073456244107e-10
1587                 5.3290705182008e-10
1589                 6.0396132539609e-10
1591                 6.927791673661e-10
1593                 7.8159700933611e-10
1595                 8.7929663550312e-10
1597                 9.9475983006414e-10
1599                 1.1102230246252e-09
1601                 1.2523315717772e-09
1603                 1.4210854715202e-09
1605                 1.5987211554602e-09
1607                 1.8207657603853e-09
1609                 2.0605739337043e-09
1611                 2.3181456754173e-09
1613                 2.6467716907064e-09
1615                 2.9842794901924e-09
1617                 3.3839597790575e-09
1619                 3.8369307731045e-09
1621                 4.3343106881366e-09
1623                 4.8938630925477e-09
1625                 5.5511151231258e-09
1627                 6.2794214272799e-09
1629                 7.114309141798e-09
1631                 8.0468964824831e-09
1633                 9.1038288019263e-09
1635                 1.0293987884324e-08
1637                 1.1652900866466e-08
1639                 1.3189449532547e-08
1641                 1.4930279235159e-08
1643                 1.6884271758499e-08
1645                 1.910471780775e-08
1647                 2.1618262735501e-08
1649                 2.4460433678541e-08
1651                 2.7666757773659e-08
1653                 3.1308289294429e-08
1655                 3.5429437161838e-08
1657                 4.0101255649461e-08
1659                 4.5368153678282e-08
1661                 5.1336712658667e-08
1663                 5.8095750432585e-08
1665                 6.57518484104e-08
1667                 7.4402706218279e-08
1669                 8.4199314187572e-08
1671                 9.5266017297035e-08
1673                 1.07798214799e-07
1675                 1.2198242416162e-07
1677                 1.380318082056e-07
1679                 1.5618617510427e-07
1681                 1.7673862373613e-07
1683                 1.9999113476388e-07
1685                 2.2629897955539e-07
1687                 2.5607960196794e-07
1689                 2.8977709121136e-07
1691                 3.2790659076909e-07
1693                 3.7103653482973e-07
1695                 4.1985970256064e-07
1697                 4.7509551848179e-07
1699                 5.3760551566029e-07
1701                 6.0834004500521e-07
1703                 6.8835603883599e-07
1705                 7.7893247407701e-07
1707                 8.8141050014201e-07
1709                 9.9737107461806e-07
1711                 1.1285816725604e-06
1713                 1.2770584589816e-06
1715                 1.4450662888521e-06
1717                 1.6351897613731e-06
1719                 1.8503243381929e-06
1721                 2.0937473976801e-06
1723                 2.3692159345501e-06
1725                 2.6809132691596e-06
1727                 3.033626683191e-06
1729                 3.4327385378674e-06
1731                 3.8843683825007e-06
1733                 4.3953907180594e-06
1735                 4.9736748053419e-06
1737                 5.6280136107034e-06
1739                 6.3684613138548e-06
1741                 7.2063066625105e-06
1743                 8.1544015984036e-06
1745                 9.227214547991e-06
1747                 1.0441167930253e-05
1749                 1.181484243773e-05
1751                 1.3369243490047e-05
1753                 1.51281476235e-05
1755                 1.7118448880638e-05
1757                 1.9370602899471e-05
1759                 2.1919071002685e-05
1761                 2.4802808695767e-05
1763                 2.8065949564393e-05
1765                 3.1758373708612e-05
1767                 3.5936613684839e-05
1769                 4.0664538403234e-05
1771                 4.6014489996082e-05
1773                 5.2068287459406e-05
1775                 5.8918550038811e-05
1777                 6.667005614247e-05
1779                 7.5441368707629e-05
1781                 8.5366655966368e-05
1783                 9.659774313775e-05
1785                 0.0001093064305735
1787                 0.00012368708723898
1789                 0.00013995970604697
1791                 0.0001583731901178
1793                 0.00017920918971015
1795                 0.00020278640988636
1797                 0.00022946551325731
1799                 0.00025965458227972
1801                 0.00029381535426865
1803                 0.00033247038011552
1805                 0.00037621092907614
1807                 0.00042570601266334
1809                 0.00048171273192565
1811                 0.00054508772606709
1813                 0.00061680035301492
1815                 0.00069794748647212
1817                 0.00078977026696236
1819                 0.00089367317102074
1821                 0.0010112453807665
1823                 0.0011442851111099
1825                 0.0012948271699287
1827                 0.0014651739643767
1829                 0.0016579307970943
1831                 0.0018760456121925
1833                 0.0021228541058349
1835                 0.0024021307343247
1837                 0.0027181462769477
1839                 0.0030757332414311
1841                 0.0034803596005162
1843                 0.0039382123695475
1845                 0.0044562920642477
1847                 0.0050425196462811
1849                 0.0057058573954549
1851                 0.0064564457513683
1853                 0.0073057580074476
1855                 0.0082667753620314
1857                 0.0093541847689949
1859                 0.010584602927466
1861                 0.01197682924392
1863                 0.013552132260841
1865                 0.015334573175707
1867                 0.017351371770502
1869                 0.019633319983114
1871                 0.022215249426694
1873                 0.025136559527184
1875                 0.028441814547975
1877                 0.032181417681798
1879                 0.036412372592665
1881                 0.04119914319034
1883                 0.046614624134023
1885                 0.052741235858633
1887                 0.059672159906654
1889                 0.06751273159189
1891                 0.076382009570608
1893                 0.086414543725155
1895                 0.097762365056653
1897                 0.11059722411666
1899                 0.12511310681695
1901                 0.14152905944975
1903                 0.16009235762837
1905                 0.18108205677159
1907                 0.20481296459707
1909                 0.23164007885157
1911                 0.26196353600128
1913                 0.29623411823998
1915                 0.33495936717642
1917                 0.37871035289072
1919                 0.42812914431423
1921                 0.4839370235743
1923                 0.54694347953799
1925                 0.61805600435783
1927                 0.69829070145744
1929                 0.78878368998225
1931                 0.89080326088009
1933                 1.0057626988136
1935                 1.1352336322368
1937                 1.2809597070351
1939                 1.4448702968028
1941                 1.6290938607266
1943                 1.8359704392701
1945                 2.0680626342795
1947                 2.328164257559
1949                 2.6193056514412
1951                 2.944754492491
1953                 3.3080106980865
1955                 3.7127938787584
1957                 4.1630216440502
1959                 4.6627770048424
1961                 5.2162631641561
1963                 5.8277441961518
1965                 6.5014705328181
1967                 7.241588856397
1969                 8.0520369725434
1971                 8.9364255210622
1973                 9.8979099403884
1975                 10.939057844972
1977                 12.061718741654
1979                 13.266904565636
1981                 14.554690565882
1983                 15.924146299522
1985                 17.373305629755
1987                 18.899182505736
1989                 20.497835967186
1991                 22.164483537681
1993                 23.893657457039
1995                 25.679393742974
1997                 27.515440584702
1999                 29.395470664824
2001                 25.769116832075
2003                 21.676398680643
2005                 18.37463213759
2007                 15.675363443322
2009                 13.443790293213
2011                 11.581318665712
2013                 10.014365284219
2015                 8.6870024461838
2017                 7.5560192351443
2019                 6.5875356254708
2021                 5.7546356120586
2023                 5.0356824345066
2025                 4.413098979672
2027                 3.8724710334748
2029                 3.4018782971845
2031                 2.9913885610178
2033                 2.632670432261
2035                 2.318693364014
2037                 2.0434927761137
2039                 1.8019842798633
2041                 1.5898153542881
2043                 1.4032458829494
2045                 1.2390511486426
2047                 1.0944424653303
2049                 0.96700178165321
2051                 0.85462744405795
2053                 0.75548894280075
2055                 0.66798894166276
2057                 0.59073125544984
2059                 0.5224937154491
2061                 0.46220507716299
2063                 0.40892529033165
2065                 0.36182858051959
2067                 0.32018889410068
2069                 0.28336733896239
2071                 0.25080131809574
2073                 0.22199510477883
2075                 0.19651165025891
2077                 0.17396544850001
2079                 0.1540163107272
2081                 0.1363639248364
2083                 0.12074309426957
2085                 0.1069195660186
2087                 0.094686370664121
2089                 0.083860608768305
2091                 0.074280626263246
2093                 0.065803530224784
2095                 0.058303002372639
2097                 0.051667373570652
2099                 0.045797927574753
2101                 0.040607405855653
2103                 0.036018689746342
2105                 0.031963638269517
2107                 0.028382063606003
2109                 0.025220827755135
2111                 0.022433046300563
2113                 0.019977386953585
2115                 0.017817451949398
2117                 0.015921234792771
2119                 0.014260642977604
2121                 0.012811079521668
2123                 0.01155107685058
2125                 0.010461977311138
2127                 0.0095276559086699
2129                 0.0087342806143198
2131                 0.0080701068938538
2133                 0.0075253033227085
2135                 0.007091805613868
2137                 0.0067631968470039
2139                 0.0065346122468668
2141                 0.006402666894445
2143                 0.0063654054205387
2145                 0.0064222727846897
2147                 0.0065741058907776
2149                 0.0068231456928913
2151                 0.0071730700845762
2153                 0.0076290479977814
2155                 0.0081978154842233
2157                 0.0088877749782057
2159                 0.0097091190109921
2161                 0.01067398032184
2163                 0.011796610523973
2165                 0.013093589874558
2167                 0.014584071186263
2169                 0.016290061566337
2171                 0.018236745775724
2173                 0.020452856173137
2175                 0.022971094288948
2177                 0.025828610423773
2179                 0.029067547631101
2181                 0.032735658290761
2183                 0.036887001719776
2185                 0.041582732794865
2187                 0.046891992342424
2189                 0.05289291205024
2191                 0.059673747356825
2193                 0.067334153941445
2195                 0.075986625009961
2197                 0.085758108330225
2199                 0.096791824573117
2201                 0.10924930984757
2203                 0.12331270881738
2205                 0.139187346333
2207                 0.15710460879781
2209                 0.17732516863767
2211                 0.20014258850232
2213                 0.22588734385209
2215                 0.25493130528353
2217                 0.28769272377716
2219                 0.3246417637115
2221                 0.36630662831882
2223                 0.41328032244436
2225                 0.46622809411367
2227                 0.5258955922649
2229                 0.59311776987592
2231                 0.66882854989458
2233                 0.75407125518012
2235                 0.85000977973593
2237                 0.95794044868036
2239                 1.0793044728263
2241                 1.2157008529368
2243                 1.3688995221983
2245                 1.5408544348983
2247                 1.7337162101061
2249                 1.9498438209364
2251                 2.1918146823552
2253                 2.4624323326528
2255                 2.7647307308243
2257                 3.1019740078619
2259                 3.4776503264045
2261                 3.8954583356521
2263                 4.3592845795271
2265                 4.8731701569871
2267                 5.4412649833058
2269                 6.0677682052379
2271                 6.7568537333962
2273                 7.5125805197196
2275                 8.3387881654318
2277                 9.2389797083392
2279                 10.216194981671
2281                 11.272879673196
2283                 12.410756986112
2285                 13.630710377335
2287                 14.93268692526
2289                 16.315631131762
2291                 17.777458102008
2293                 19.315072893908
2295                 20.924439412164
2297                 22.600697819151
2299                 24.338324584106
2301                 26.131324718763
2303                 27.973442220768
2305                 29.858372902893
2307                 31.779963965697
2309                 33.732386823884
2311                 35.710273396887
2313                 37.708810630459
2315                 39.723792650967
2317                 41.751633973321
2319                 43.789350114904
2321                 45.834513610812
2323                 47.885193831494
2325                 49.93988841048
2327                 51.997452823507
2329                 54.057033062529
2331                 56.118004704224
2333                 58.179920192716
2335                 60.242464957332
2337                 62.305422114921
2339                 64.368644945327
2341                 66.432036036117
2343                 68.495531898911
2345                 70.559091906972
2347                 72.62269053081
2349                 74.686312014283
2351                 76.749946805261
2353                 78.81358921475
2355                 80.877235913706
2357                 82.940884987943
2359                 85.004535355839
2361                 87.068186416719
2363                 89.131837842746
2365                 91.195489458
2367                 93.259141169755
2369                 95.322792929871
2371                 97.386444713852
2373                 99.450096509424
2375                 101.51374831053
2377                 103.57740011422
2379                 105.64105191912
2381                 107.70470372456
2383                 109.76835553024
2385                 111.83200733603
2387                 113.89565914187
2389                 115.95931094774
2391                 118.02296275361
2393                 120.08661455948
2395                 122.15026636535
2397                 124.21391817123
2399                 126.2775699771
2401                 128.34122178297
2403                 130.40487358885
2405                 132.46852539472
2407                 134.53217720059
2409                 136.59582900647
2411                 138.65948081233
2413                 140.7231326182
2415                 142.78678442408
2417                 144.85043622995
2419                 146.91408803583
2421                 148.9777398417
2423                 151.04139164758
2425                 153.10504345345
2427                 155.16869525932
2429                 157.2323470652
2431                 159.29599887107
2433                 161.35965067694
2435                 163.42330248281
2437                 165.48695428869
2439                 167.55060609456
2441                 169.61425790044
2443                 171.67790970633
2445                 173.74156151219
2447                 175.80521331806
2449                 177.86886512394
2451                 179.93251692982
2453                 181.99616873568
2455                 184.05982054157
2457                 186.12347234744
2459                 188.1871241533
2461                 190.25077595918
2463                 192.31442776506
2465                 194.37807957093
2467                 196.44173137681
2469                 198.50538318268
2471                 200.56903498855
2473                 202.63268679443
2475                 204.69633860031
2477                 206.75999040618
2479                 208.82364221204
2481                 210.88729401792
2483                 212.95094582378
2485                 215.01459762966
2487                 217.07824943554
2489                 219.14190124141
2491                 221.20555304728
2493                 223.26920485314
2495                 225.33285665902
2497                 227.39650846488
2499                 229.46016027075
2501                 231.52381207662
2503                 233.5874638825
2505                 235.65111568836
2507                 237.71476749424
2509                 239.77841930012
2511                 241.84207110598
2513                 243.90572291185
2515                 245.96937471773
2517                 248.0330265236
2519                 250.09667832948
2521                 252.16033013534
2523                 254.22398194122
2525                 256.28763374709
2527                 258.35128555296
2529                 260.41493735883
2531                 262.47858916472
2533                 264.54224097058
2535                 266.60589277646
2537                 268.66954458233
2539                 270.7331963882
2541                 272.79684819407
2543                 274.86049999994
2545                 276.92415180582
2547                 278.98780361169
2549                 281.05145541756
2551                 302.1421856242
2553                 302.2856838651
2555                 302.42918210603
2557                 302.57268034694
2559                 302.71617858786
2561                 302.85967682879
2563                 303.0031750697
2565                 303.14667331063
2567                 303.29017155154
2569                 303.43366979247
2571                 303.57716803338
2573                 303.7206662743
2575                 303.86416451522
2577                 304.00766275614
2579                 304.15116099705
2581                 304.29465923797
2583                 304.43815747888
2585                 304.5816557198
2587                 304.72515396072
2589                 304.86865220164
2591                 305.01215044255
2593                 305.15564868347
2595                 305.29914692439
2597                 305.4426451653
2599                 305.58614340622
2601                 305.72964164714
2603                 305.87313988805
2605                 306.01663812897
2607                 306.16013636989
2609                 306.30363461081
2611                 306.44713285172
2613                 306.59063109264
2615                 306.73412933356
2617                 306.87762757447
2619                 307.02112581539
2621                 307.16462405632
2623                 307.30812229723
2625                 307.45162053815
2627                 307.59511877907
2629                 307.73861701999
2631                 307.8821152609
2633                 308.02561350182
2635                 308.16911174274
2637                 308.31260998366
2639                 308.45610822458
2641                 308.59960646549
2643                 308.74310470641
2645                 308.88660294732
2647                 309.03010118824
2649                 309.17359942916
2651                 309.31709767008
2653                 309.460595911
2655                 309.60409415191
2657                 309.74759239283
2659                 309.89109063375
2661                 310.03458887467
2663                 310.17808711559
2665                 310.32158535651
2667                 310.46508359743
2669                 310.60858183834
2671                 310.75208007926
2673                 310.89557832018
2675                 311.0390765611
2677                 311.18257480202
2679                 311.32607304293
2681                 311.46957128385
2683                 311.61306952477
2685                 311.75656776569
2687                 311.9000660066
2689                 312.04356424752
2691                 312.18706248844
2693                 312.33056072936
2695                 312.47405897027
2697                 312.61755721119
2699                 312.76105545211
2701                 312.90455369303
2703                 313.04805193395
2705                 313.19155017487
2707                 313.33504841578
2709                 313.4785466567
2711                 313.62204489762
2713                 313.76554313854
2715                 313.90904137946
2717                 314.05253962038
2719                 314.19603786129
2721                 314.33953610221
2723                 314.48303434314
2725                 314.62653258405
2727                 314.77003082497
2729                 314.91352906589
2731                 315.0570273068
2733                 315.20052554772
2735                 315.34402378864
2737                 315.48752202956
2739                 315.63102027047
2740.9774419792      294.87909115887
2742.8832025866      295.00678032507
2744.6931852871      295.12805221042
2746.4122035958      295.2432293285
2748.0448291145      295.35261798435
2749.5954036903      295.456509089
2751.0680509614      295.55517893317
2752.4666873243      295.648889922
2753.795032349       295.73789127295
2755.0566186707      295.82241967852
2756.2548013851      295.90269993582
2757.3927669703      295.97894554436
2758.4735417618      296.05135927417
2759.5               296.1201337055
2760.5               313.69379402718
2761.5               306.80587846314
2762.5               299.91796289911
2763.5               293.0300473351
2764.5               286.1421317712
2765.5               279.25421620761
2766.5               272.3663006449
2767.5               265.47838508471
2768.5               258.59046953145
2769.5               251.70255399674
2770.5               244.81463851035
2771.5               237.92672314653
2772.5               231.03880808507
2773.5               224.15089374944
2774.5               217.2629811089
2775.5               210.37507231955
2776.5               203.48717204189
2777.5               196.59929006306
2778.5               189.71144634798
2779.5               182.82368044942
2780.5               175.93606845048
2781.5               169.04875241695
2782.5               162.16198977614
2783.5               155.27623304982
2784.5               148.39225363563
2785.5               141.51132615334
2786.5               134.63549105764
2787.5               127.76791109171
2788.5               120.91332976485
2789.5               114.07862565892
2790.5               107.27343432951
2791.5               100.5107812583
2792.5               93.807639051948
2793.5               87.185297322616
2794.5               80.669423962423
2795.5               74.289710892503
2796.5               68.079040691007
2797.5               62.072179897372
2798.5               56.304088083989
2799.5               50.808009562398
2800.5               45.61356588193
2801.5               40.745076970055
2802.5               36.220303410017
2803.5               32.049731543555
2804.5               28.236435696327
2805.5               24.776469050607
2806.5               21.659673200707
2807.5               18.870764349102
2808.5               16.390550766507
2809.5               14.197154670053
2810.5               12.267142627229
2811.5               10.576503090705
2812.5               9.1014412167056
2813.5               7.8189861083811
2814.5               6.7074229231157
2815.5               5.7465724370598
2816.5               4.9179450860048
2817.5               4.2047968631431
2818.5               3.592112279307
2819.5               3.0665360965454
2820.5               2.6162715959122
2821.5               2.2309592863956
2822.5               1.9015465105765
2823.5               1.6201554884643
2824.5               1.3799549883475
2825.5               1.1750389833942
2826.5               1.0003142759429
2827.5               0.85139806883072
2828.5               0.72452575786475
2829.5               0.61646874365495
2830.5               0.52446175687004
2831.5               0.44613901250656
2832.5               0.3794784192479
2833.5               0.32275304233886
2834.5               0.27448903123783
2835.5               0.23342926217085
2836.5               0.19850199944882
2837.5               0.16879394049374
2838.5               0.14352707306431
2839.5               0.1220388356149
2840.5               0.10376513103871
2841.5               0.088225799117492
2842.5               0.075012203051283
2843.5               0.063776630692125
2844.5               0.054223251022556
2845.5               0.046100401944749
2846.5               0.039194016547839
2847.5               0.033322021908422
2848.5               0.028329568249053
2849.5               0.024084966478988
2850.5               0.020476229769528
2851.5               0.017408129981966
2852.5               0.014799692735767
2853.5               0.012582066037936
2854.5               0.01069670706233
2855.5               0.0090938396679618
2856.5               0.0077311424329096
2857.5               0.0065726327713733
2858.5               0.0055877179594432
2859.5               0.0047503880562516
2860.5               0.0040385296684597
2861.5               0.0034333423237776
2862.5               0.0029188423011917
2863.5               0.0024814406729412
2864.5               0.0021095845670338
2865.5               0.0017934521601148
2866.5               0.0015246933027235
2867.5               0.0012962090645274
2868.5               0.0011019642331966
2869.5               0.00093682796631356
2870.5               0.00079643825312559
2871.5               0.00067708673334721
2872.5               0.00057562074662343
2873.5               0.00048936005692113
2874.5               0.00041602608025215
2875.5               0.00035368167505823
2876.5               0.00030067998979533
2877.5               0.00025562096883647
2878.5               0.00021731434207695
2879.5               0.00018474823448855
2880.5               0.00015706238087887
2881.5               0.00013352545069623
2882.5               0.00011351569462192
2883.5               9.6504544355724e-05
2884.5               8.2042634907964e-05
2885.5               6.9747947417653e-05
2886.5               5.9295706122953e-05
2887.5               5.0409811880314e-05
2888.5               4.2855532456088e-05
2889.5               3.6433318584272e-05
2890.5               3.0973517084476e-05
2891.5               2.6331907765353e-05
2892.5               2.2385879816511e-05
2893.5               1.9031189957275e-05
2894.5               1.6179224626711e-05
2895.5               1.3754650751707e-05
2896.5               1.1693412904634e-05
2897.5               9.9410679688106e-06
2898.5               8.4513263054475e-06
2899.5               7.1848327287682e-06
2900.5               6.1081317781486e-06
2901.5               5.1927839805899e-06
2902.5               4.4146064581696e-06
2903.5               3.7530445418099e-06
2904.5               3.1906233211032e-06
2905.5               2.7124857915339e-06
2906.5               2.3059998355279e-06
2907.5               1.9604295964371e-06
2908.5               1.6666446001068e-06
2909.5               1.416884387595e-06
2910.5               1.2045542341355e-06
2911.5               1.0240430725617e-06
2912.5               8.7058360520587e-07
2913.5               7.4011907713611e-07
2914.5               6.2921001742211e-07
2915.5               5.3491655549465e-07
2916.5               4.5475623267066e-07
2917.5               3.8660852297312e-07
2918.5               3.2867042421003e-07
2919.5               2.7941648994556e-07
2920.5               2.3754553879485e-07
2921.5               2.0194512728722e-07
2922.5               1.7168488852803e-07
2923.5               1.4595435970932e-07
2924.5               1.2408296612421e-07
2925.5               1.0548895090778e-07
2926.5               8.9679375037122e-08
2927.5               7.6241235547059e-08
2928.5               6.4814820177617e-08
2929.5               5.5100368712147e-08
2930.5               4.6842529854985e-08
2931.5               3.9825920339354e-08
2932.5               3.385514091292e-08
2933.5               2.8783642136432e-08
2934.5               2.4469315462738e-08
2935.5               2.0801138589377e-08
2936.5               1.7683632336229e-08
2937.5               1.5034640199474e-08
2938.5               1.2780887459485e-08
2939.5               1.0866862965031e-08
2940.5               9.2392760109306e-09
2941.5               7.8537176761984e-09
2942.5               6.6768812700957e-09
2943.5               5.6754601018838e-09
2944.5               4.8272497110702e-09
2945.5               4.1033842990146e-09
2946.5               3.486100297323e-09
2947.5               2.9665159217984e-09
2948.5               2.5202062658991e-09
2949.5               2.1427304375266e-09
2950.5               1.8229862064345e-09
2951.5               1.5476508963275e-09
2952.5               1.3167245072054e-09
2953.5               1.1168843627729e-09
2954.5               9.5257135512838e-10
2955.5               8.0824236192711e-10
2956.5               6.883382752676e-10
2957.5               5.8619775700208e-10
2958.5               4.9737991503207e-10
2959.5               4.2410519540681e-10
2960.5               3.5971225997855e-10
2961.5               3.0420110874729e-10
2962.5               2.6201263381154e-10
2963.5               2.1982415887578e-10
2964.5               1.9095836023553e-10
2965.5               1.5987211554602e-10
2966.5               1.3766765505352e-10
2967.5               1.1546319456102e-10
2968.5               9.7699626167014e-11
2969.5               8.2156503822262e-11
2970.5               7.105427357601e-11
2971.5               5.9952043329758e-11
2972.5               5.1070259132757e-11
2973.5               4.2188474935756e-11
2974.5               3.7747582837255e-11
2975.5               2.8865798640254e-11
2976.5               2.4424906541753e-11
2977.5               2.2204460492503e-11
2978.5               1.7763568394003e-11
2979.5               1.7763568394003e-11
2980.5               1.3322676295502e-11
2981.5               1.3322676295502e-11
2982.5               1.1102230246252e-11
2983.5               1.1102230246252e-11
2984.5               6.6613381477509e-12
2985.5               6.6613381477509e-12
2986.5               4.4408920985006e-12
2987.5               4.4408920985006e-12
2988.5               4.4408920985006e-12
2989.5               2.2204460492503e-12
2990.5               -0
2991.5               2.2204460492503e-12
2992.5               2.2204460492503e-12
2993.5               -0
2994.5               2.2204460492503e-12
2995.5               -0
2996.5               2.2204460492503e-12
2997.5               -0
2998.5               -2.2204460492503e-12
2999.5               -0
3000.5               -2.2204460492503e-12
3001.5               -0
3002.5               -0
3003.5               -0
3004.5               -0
3005.5               2.2204460492503e-12
3006.5               -0
3007.5               2.2204460492503e-12
3008.5               -0
3009.5               -0
3010.5               2.2204460492503e-12
3011.5               -0
3012.5               2.2204460492503e-12
3013.5               -0
3014.5               2.2204460492503e-12
3015.5               -0
3016.5               2.2204460492503e-12
3017.5               2.2204460492503e-12
3018.5               -0
3019.5               -0
3020.5               -0
3021.5               -0
3022.5               -2.2204460492503e-12
3023.5               -0
3024.5               -0
3025.5               -2.2204460492503e-12
3026.5               -2.2204460492503e-12
3027.5               -0
3028.5               -0
3029.5               -0
3030.5               -0
3031.5               2.2204460492503e-12
3032.5               2.2204460492503e-12
3033.5               -0
3034.5               -0
3035.5               2.2204460492503e-12
3036.5               -0
3037.5               -2.2204460492503e-12
3038.5               -0
3039.5               -0
3040.5               -0
3041.5               -0
3042.5               -0
3043.5               2.2204460492503e-12
3044.5               2.2204460492503e-12
3045.5               -0
3046.5               2.2204460492503e-12
3047.5               2.2204460492503e-12
3048.5               2.2204460492503e-12
3049.5               -0
3050.5               -0
3051.5               -2.2204460492503e-12
3052.5               -0
3053.5               -2.2204460492503e-12
3054.5               -0
3055.5               -2.2204460492503e-12
3056.5               -2.2204460492503e-12
3057.5               -0
3058.5               -0
3059.5               -0
3060.5               -0
3061.5               -0
3062.5               -0
3063.5               -0
3064.5               -0
3065.5               -0
3066.5               -0
3067.5               -0
3068.5               2.2204460492503e-12
3069.5               -0
3070.5               2.2204460492503e-12
3071.5               -0
3072.5               2.2204460492503e-12
3073.5               -2.2204460492503e-12
3074.5               -0
3075.5               -0
3076.5               -0
3077.5               -2.2204460492503e-12
3078.5               -0
3079.5               -0
3080.5               -0
3081.5               -0
3082.5               -2.2204460492503e-12
3083.5               -2.2204460492503e-12
3084.5               -2.2204460492503e-12
3085.5               -2.2204460492503e-12
3086.5               -0
3087.5               -2.2204460492503e-12
3088.5               -0
3089.5               -0
3090.5               -0
3091.5               -0
3092.5               -0
3093.5               -0
3094.5               2.2204460492503e-12
3095.5               -0
3096.5               2.2204460492503e-12
3097.5               2.2204460492503e-12
3098.5               2.2204460492503e-12
3099.5               -0
3100.5               -0
3101.5               -0
3102.5               -0
3103.5               -0
3104.5               -2.2204460492503e-12
3105.5               -0
3106.5               -2.2204460492503e-12
3107.5               -2.2204460492503e-12
3108.5               -0
3109.5               -2.2204460492503e-12
3110.5               -0
3111.5               -0
3112.5               -0
3113.5               -0
3114.5               2.2204460492503e-12
3115.5               2.2204460492503e-12
3116.5               -0
3117.5               2.2204460492503e-12
3118.5               2.2204460492503e-12
3119.5               2.2204460492503e-12
3120.5               -0
3121.5               2.2204460492503e-12
3122.5               -0
3123.5               -0
3124.5               2.2204460492503e-12
3125.5               -0
3126.5               2.2204460492503e-12
3127.5               -0
3128.5               -0
3129.5               -0
3130.5               -0
3131.5               -0
3132.5               -0
3133.5               -0
3134.5               -2.2204460492503e-12
3135.5               -0
3136.5               -0
3137.5               -0
3138.5               -0
3139.5               -2.2204460492503e-12
3140.5               -0
3141.5               -2.2204460492503e-12
3142.5               -0
3143.5               -2.2204460492503e-12
3144.5               -2.2204460492503e-12
3145.5               -2.2204460492503e-12
3146.5               -2.2204460492503e-12
3147.5               -0
3148.5               -0
3149.5               -2.2204460492503e-12
3150.5               -0
3151.5               -0
3152.5               -0
3153.5               -0
3154.5               -0
3155.5               2.2204460492503e-12
3156.5               2.2204460492503e-12
3157.5               2.2204460492503e-12
3158.5               2.2204460492503e-12
3159.5               -0
3160.5               2.2204460492503e-12
3161.5               -0
3162.5               2.2204460492503e-12
3163.5               -0
3164.5               2.2204460492503e-12
3165.5               -0
3166.5               -0
3167.5               -0
3168.5               -0
3169.5               -0
3170.5               2.2204460492503e-12
3171.5               -0
3172.5               -0
3173.5               -0
3174.5               -2.2204460492503e-12
3175.5               -2.2204460492503e-12
3176.5               -2.2204460492503e-12
3177.5               -2.2204460492503e-12
3178.5               -4.4408920985006e-12
3179.5               -2.2204460492503e-12
3180.5               -2.2204460492503e-12
3181.5               -2.2204460492503e-12
3182.5               -0
3183.5               -2.2204460492503e-12
3184.5               -2.2204460492503e-12
3185.5               -2.2204460492503e-12
3186.5               -0
3187.5               -0
3188.5               -0
3189.5               -2.2204460492503e-12
3190.5               -0
3191.5               -0
3192.5               -2.2204460492503e-12
3193.5               -0
3194.5               -0
3195.5               -0
3196.5               -0
3197.5               -0
3198.5               -0
3199.5               -0
3200.5               2.2204460492503e-12
3201.5               -0
3202.5               -0
3203.5               -0
3204.5               -2.2204460492503e-12
3205.5               -0
3206.5               -0
3207.5               -0
3208.5               -0
3209.5               -0
3210.5               -0
3211.5               2.2204460492503e-12
3212.5               -0
3213.5               -0
3214.5               2.2204460492503e-12
3215.5               2.2204460492503e-12
3216.5               -0
3217.5               2.2204460492503e-12
3218.5               2.2204460492503e-12
3219.5               4.4408920985006e-12
3220.5               2.2204460492503e-12
3221.5               2.2204460492503e-12
3222.5               -0
3223.5               2.2204460492503e-12
3224.5               -0
3225.5               -0
3226.5               -0
3227.5               -2.2204460492503e-12
3228.5               -2.2204460492503e-12
3229.5               -2.2204460492503e-12
3230.5               -2.2204460492503e-12
3231.5               -2.2204460492503e-12
3232.5               -0
3233.5               -2.2204460492503e-12
3234.5               -2.2204460492503e-12
3235.5               -0
3236.5               -0
3237.5               -2.2204460492503e-12
3238.5               -0
3239.5               -0
3240.5               2.2204460492503e-12
3241.5               -0
3242.5               2.2204460492503e-12
3243.5               2.2204460492503e-12
3244.5               -0
3245.5               2.2204460492503e-12
3246.5               -0
3247.5               -0
3248.5               -0
3249.5               -0
3250.5               -2.2204460492503e-12
3251.5               -0
3252.5               -0
3253.5               -0
3254.5               2.2204460492503e-12
3255.5               2.2204460492503e-12
3256.5               2.2204460492503e-12
3257.5               2.2204460492503e-12
3258.5               2.2204460492503e-12
3259.5               4.4408920985006e-12
3260.5               -0
3261.5               2.2204460492503e-12
3262.5               -0
3263.5               -0
3264.5               -0
3265.5               -0
3266.5               -2.2204460492503e-12
3267.5               -0
3268.5               -2.2204460492503e-12
3269.5               -0
3270.5               -0
3271.5               -2.2204460492503e-12
3272.5               -2.2204460492503e-12
3273.5               -2.2204460492503e-12
3274.5               -2.2204460492503e-12
3275.5               -2.2204460492503e-12
3276.5               -2.2204460492503e-12
3277.5               -2.2204460492503e-12
3278.5               -0
3279.5               -2.2204460492503e-12
3280.5               -2.2204460492503e-12
3281.5               -2.2204460492503e-12
3282.5               -0
3283.5               -0
3284.5               -2.2204460492503e-12
3285.5               -0
3286.5               -0
3287.5               -0
3288.5               -2.2204460492503e-12
3289.5               -0
3290.5               -0
3291.5               -0
3292.5               -0
3293.5               -0
3294.5               -0
3295.5               -0
3296.5               -0
3297.5               -0
3298.5               -0
3299.5               -0
3300.5               -0
3301.5               -0
3302.5               2.2204460492503e-12
3303.5               -0
3304.5               2.2204460492503e-12
3305.5               2.2204460492503e-12
3306.5               2.2204460492503e-12
3307.5               -0
3308.5               2.2204460492503e-12
3309.5               -0
3310.5               -0
3311.5               2.2204460492503e-12
3312.5               -0
3313.5               2.2204460492503e-12
3314.5               -0
3315.5               -0
3316.5               -0
3317.5               -0
3318.5               -0
3319.5               -0
3320.5               2.2204460492503e-12
3321.5               -0
3322.5               2.2204460492503e-12
3323.5               2.2204460492503e-12
3324.5               -0
3325.5               2.2204460492503e-12
3326.5               -0
3327.5               -0
3328.5               2.2204460492503e-12
3329.5               2.2204460492503e-12
3330.5               2.2204460492503e-12
3331.5               -0
3332.5               -0
3333.5               -0
3334.5               -0
3335.5               -2.2204460492503e-12
3336.5               -0
3337.5               -0
3338.5               -2.2204460492503e-12
3339.5               -2.2204460492503e-12
3340.5               -0
3341.5               -0
3342.5               -0
3343.5               2.2204460492503e-12
3344.5               2.2204460492503e-12
3345.5               2.2204460492503e-12
3346.5               -0
3347.5               2.2204460492503e-12
3348.5               -0
3349.5               -0
3350.5               -0
3351.5               2.2204460492503e-12
3352.5               -0
3353.5               -0
3354.5               -2.2204460492503e-12
3355.5               -0
3356.5               -0
3357.5               -2.2204460492503e-12
3358.5               -0
3359.5               -0
3360.5               -2.2204460492503e-12
3361.5               -2.2204460492503e-12
3362.5               -2.2204460492503e-12
3363.5               -2.2204460492503e-12
3364.5               -2.2204460492503e-12
3365.5               -0
3366.5               -2.2204460492503e-12
3367.5               -0
3368.5               -0
3369.5               -0
3370.5               -0
3371.5               -2.2204460492503e-12
3372.5               -0
3373.5               -0
3374.5               -0
3375.5               -2.2204460492503e-12
3376.5               -0
3377.5               -0
3378.5               -0
3379.5               -0
3380.5               -0
3381.5               -0
3382.5               2.2204460492503e-12
3383.5               -0
3384.5               2.2204460492503e-12
3385.5               -0
3386.5               2.2204460492503e-12
3387.5               -0
3388.5               4.4408920985006e-12
3389.5               2.2204460492503e-12
3390.5               2.2204460492503e-12
3391.5               -0
3392.5               2.2204460492503e-12
3393.5               -0
3394.5               2.2204460492503e-12
3395.5               -2.2204460492503e-12
3396.5               -0
3397.5               -0
3398.5               -2.2204460492503e-12
3399.5               -0
3400.5               -0
3401.5               -0
3402.5               -2.2204460492503e-12
3403.5               -0
3404.5               -4.4408920985006e-12
3405.5               -2.2204460492503e-12
3406.5               -2.2204460492503e-12
3407.5               -2.2204460492503e-12
3408.5               -0
3409.5               -0
3410.5               -2.2204460492503e-12
3411.5               -0
3412.5               -2.2204460492503e-12
3413.5               -0
3414.5               -0
3415.5               -2.2204460492503e-12
3416.5               -0
3417.5               -2.2204460492503e-12
3418.5               -2.2204460492503e-12
3419.5               -0
3420.5               -0
3421.5               -2.2204460492503e-12
3422.5               -0
3423.5               -0
3424.5               -0
3425.5               -0
3426.5               -0
3427.5               -0
3428.5               2.2204460492503e-12
3429.5               -0
3430.5               2.2204460492503e-12
3431.5               -0
3432.5               -0
3433.5               -0
3434.5               2.2204460492503e-12
3435.5               -0
3436.5               -0
3437.5               -0
3438.5               -0
3439.5               -0
3440.5               -0
3441.5               -0
3442.5               -0
3443.5               -0
3444.5               -0
3445.5               -0
3446.5               2.2204460492503e-12
3447.5               -2.2204460492503e-12
3448.5               2.2204460492503e-12
3449.5               -0
3450.5               -0
3451.5               2.2204460492503e-12
3452.5               -0
3453.5               -0
3454.5               -0
3455.5               2.2204460492503e-12
3456.5               -0
3457.5               -0
3458.5               -0
3459.5               -2.2204460492503e-12
3460.5               -0
3461.5               -2.2204460492503e-12
3462.5               -2.2204460492503e-12
3463.5               -0
3464.5               -2.2204460492503e-12
3465.5               -0
3466.5               -2.2204460492503e-12
3467.5               -0
3468.5               -2.2204460492503e-12
3469.5               -0
3470.5               -0
3471.5               -0
3472.5               -0
3473.5               2.2204460492503e-12
3474.5               -0
3475.5               -0
3476.5               2.2204460492503e-12
3477.5               -0
3478.5               2.2204460492503e-12
3479.5               -0
3480.5               -0
3481.5               -0
3482.5               -0
3483.5               2.2204460492503e-12
3484.5               -0
3485.5               2.2204460492503e-12
3486.5               -0
3487.5               2.2204460492503e-12
3488.5               -0
3489.5               -0
3490.5               -2.2204460492503e-12
3491.5               -0
3492.5               -2.2204460492503e-12
3493.5               -0
3494.5               -0
3495.5               -0
3496.5               -0
3497.5               -0
3498.5               -0
3499.5               2.2204460492503e-12
3500.5               -0
3501.5               -0
3502.5               -0
3503.5               -0
3504.5               -0
3505.5               -0
3506.5               -0
3507.5               -0
3508.5               -0
3509.5               -2.2204460492503e-12
3510.5               -0
3511.5               -2.2204460492503e-12
3512.5               -2.2204460492503e-12
3513.5               -2.2204460492503e-12
3514.5               -0
3515.5               -0
3516.5               -2.2204460492503e-12
3517.5               -0
3518.5               -0
3519.5               2.2204460492503e-12
3520.5               -0
3521.5               -0
3522.5               2.2204460492503e-12
3523.5               -0
3524.5               2.2204460492503e-12
3525.5               2.2204460492503e-12
3526.5               2.2204460492503e-12
3527.5               2.2204460492503e-12
3528.5               2.2204460492503e-12
3529.5               -0
3530.5               -2.2204460492503e-12
3531.5               -2.2204460492503e-12
3532.5               -2.2204460492503e-12
3533.5               -2.2204460492503e-12
3534.5               -2.2204460492503e-12
3535.5               -2.2204460492503e-12
3536.5               -0
3537.5               -0
3538.5               -0
3539.5               -0
3540.5               -2.2204460492503e-12
3541.5               -0
3542.5               -2.2204460492503e-12
3543.5               -2.2204460492503e-12
3544.5               -2.2204460492503e-12
3545.5               -0
3546.5               -4.4408920985006e-12
3547.5               -4.4408920985006e-12
3548.5               -4.4408920985006e-12
3549.5               -4.4408920985006e-12
3550.5               -8.8817841970013e-12
3551.5               -8.8817841970013e-12
3552.5               -8.8817841970013e-12
3553.5               -1.1102230246252e-11
3554.5               -1.3322676295502e-11
3555.5               -1.5543122344752e-11
3556.5               -1.7763568394003e-11
3557.5               -1.9984014443253e-11
3558.5               -2.4424906541753e-11
3559.5               -2.8865798640254e-11
3560.5               -3.3306690738755e-11
3561.5               -3.9968028886506e-11
3562.5               -4.6629367034257e-11
3563.5               -5.5511151231258e-11
3564.5               -6.6613381477509e-11
3565.5               -7.5495165674511e-11
3566.5               -9.3258734068513e-11
3567.5               -1.0658141036402e-10
3568.5               -1.2656542480727e-10
3569.5               -1.4876988529977e-10
3570.5               -1.7541523789077e-10
3571.5               -2.0650148258028e-10
3572.5               -2.4202861936828e-10
3573.5               -2.8421709430404e-10
3574.5               -3.3750779948605e-10
3575.5               -3.9523939676656e-10
3576.5               -4.6629367034257e-10
3577.5               -5.4622972811558e-10
3578.5               -6.4392935428259e-10
3579.5               -7.5717210279436e-10
3580.5               -8.9039886574938e-10
3581.5               -1.0480505352461e-09
3582.5               -1.2345680033832e-09
3583.5               -1.4521717162097e-09
3584.5               -1.7075230118735e-09
3585.5               -2.0095036745715e-09
3586.5               -2.3625545964023e-09
3587.5               -2.7799984536614e-09
3588.5               -3.2684965844965e-09
3589.5               -3.8458125573015e-09
3590.5               -4.5230486023229e-09
3591.5               -5.3201887340038e-09
3592.5               -6.2594374128366e-09
3593.5               -7.3607786532648e-09
3594.5               -8.657519146027e-09
3595.5               -1.0185186027911e-08
3596.5               -1.1979306435705e-08
3597.5               -1.4090950628542e-08
3598.5               -1.6573409311604e-08
3599.5               -1.9495516312418e-08
3600.5               -2.2930546350608e-08
3601.5               -2.6973978606293e-08
3602.5               -3.1725733151688e-08
3603.5               -3.7321257195799e-08
3604.5               -4.3898218393679e-08
3605.5               -5.1638693321365e-08
3606.5               -6.0738081231193e-08
3607.5               -7.1445072080678e-08
3608.5               -8.4039442072026e-08
3609.5               -9.8854258112624e-08
3610.5               -1.1627809826109e-07
3611.5               -1.3677725618777e-07
3612.5               -1.6088685939053e-07
3613.5               -1.8924639633155e-07
3614.5               -2.2260637777549e-07
3615.5               -2.6184832080389e-07
3616.5               -3.0800251238361e-07
3617.5               -3.6229463873383e-07
3618.5               -4.2615910800237e-07
3619.5               -5.012812387406e-07
3620.5               -5.8963944837842e-07
3621.5               -6.9357852794383e-07
3622.5               -8.158385078616e-07
3623.5               -9.5965013713339e-07
3624.5               -1.1288103785034e-06
3625.5               -1.3277867694228e-06
3626.5               -1.5618417670282e-06
3627.5               -1.8371526522287e-06
3628.5               -2.1609936062816e-06
3629.5               -2.5419177873687e-06
3630.5               -2.9899926978771e-06
3631.5               -3.5170466539114e-06
3632.5               -4.1370085135384e-06
3633.5               -4.8662540663713e-06
3634.5               -5.7240434614414e-06
3635.5               -6.7330407915733e-06
3636.5               -7.9198914093581e-06
3637.5               -9.3159591152414e-06
3638.5               -1.0958112195425e-05
3639.5               -1.2889733724819e-05
3640.5               -1.5161847333189e-05
3641.5               -1.7834473897693e-05
3642.5               -2.0978214720913e-05
3643.5               -2.4676110044197e-05
3644.5               -2.9025846171038e-05
3645.5               -3.4142326743591e-05
3646.5               -4.0160699210645e-05
3647.5               -4.723995639111e-05
3648.5               -5.5567090928577e-05
3649.5               -6.5362075751807e-05
3650.5               -7.6883650557136e-05
3651.5               -9.0436169664088e-05
3652.5               -0.00010637763336874
3653.5               -0.00012512914038254
3654.5               -0.0001471860344715
3655.5               -0.00017313095401761
3656.5               -0.00020364925523708
3657.5               -0.0002395470999339
3658.5               -0.00028177274513652
3659.5               -0.00033144160527243
3660.5               -0.000389865706385
3661.5               -0.00045858834285539
3662.5               -0.00053942484923297
3663.5               -0.00063451053522456
3664.5               -0.00074635709834681
3665.5               -0.0008779189708541
3666.5               -0.0010326713306696
3667.5               -0.0012147019146092
3668.5               -0.0014288189564837
3669.5               -0.0016806781877321
3670.5               -0.0019769321979446
3671.5               -0.0023254061098932
3672.5               -0.0027353042342249
3673.5               -0.0032174530817386
3674.5               -0.0037845872391529
3675.5               -0.0044516855779442
3676.5               -0.0052363666513955
3677.5               -0.0061593537536986
3678.5               -0.0072450218513431
3679.5               -0.0085220407575193
3680.5               -0.010024131515962
3681.5               -0.011790955845026
3682.5               -0.01386916200774
3683.5               -0.016313614510377
3684.5               -0.01918883987706
3685.5               -0.022570726339044
3686.5               -0.026548521721015
3687.5               -0.031227181735982
3688.5               -0.036730129571172
3689.5               -0.043202498452022
3690.5               -0.050814940828481
3691.5               -0.059768102256275
3692.5               -0.070297874550374
3693.5               -0.082681561990317
3694.5               -0.097245116521538
3695.5               -0.11437162369177
3696.5               -0.1345112502138
3697.5               -0.15819289791885
3698.5               -0.18603784688986
3699.5               -0.21877571371398
3700.5               -0.25726309889063
3701.5               -0.30250535056453
3702.5               -0.35568192944258
3703.5               -0.4181759212174
3704.5               -0.49160830610129
3705.5               -0.57787765780581
3706.5               -0.67920600163696
3707.5               -0.79819160727856
3708.5               -0.93786951667063
3709.5               -1.1017805980607
3710.5               -1.2940498553848
3711.5               -1.5194745831826
3712.5               -1.7836227082402
3713.5               -2.0929412583226
3714.5               -2.4548742923369
3715.5               -2.8779887516261
3716.5               -3.3721054743152
3717.5               -3.9484309753424
3718.5               -4.6196834579337
3719.5               -5.4002038345025
3720.5               -6.3060392895897
3721.5               -7.3549831991149
3722.5               -8.5665512577271
3723.5               -9.961869904449
3724.5               -11.563450307808
3725.5               -13.394820350252
3726.5               -15.479989653597
3727.5               -17.842730354765
3728.5               -20.50567065023
3729.5               -23.489220062018
3730.5               -26.81037458065
3731.5               -30.481483774705
3732.5               -34.509095284831
3733.5               -38.893016779893
3734.5               -43.625741916018
3735.5               -48.692366765724
3736.5               -54.071073010726
3737.5               -59.734178362194
3738.5               -65.649666706742
3739.5               -71.783030469277
3740.5               -78.099206344056
3741.5               -84.564376873069
3742.5               -91.147446252726
3743.5               -97.821068284718
3744.5               -104.56218804978
3745.5               -111.35213579248
3746.5               -118.17636612254
3747.5               -125.02396137269
3748.5               -131.88701692635
3749.5               -138.76000639291
3750.5               -145.63919539661
3751.5               -152.52214295524
3752.5               -159.4073045611
3753.5               -166.29373362299
3754.5               -173.18086791055
3755.5               -180.06838364595
3756.5               -186.95609997188
3757.5               -193.84391886407
3758.5               -200.73178875542
3759.5               -207.6196833087
3760.5               -126.55922790122
3761.5187209763      -65.762958278122
3762.5755848552      -34.251984632143
3763.6720197814      -17.683219868696
3764.8095073722      -8.9873807308961
3765.9895847196      -4.4776194435928
3767.2138464671      -2.1807413705515
3768.483946965       -1.0362838807466
3769.8016025056      -0.4797923804288
3771.1685936425      -0.21618300160751
3772.5867675969      -0.094696364481833
3774.0580407534      -0.040287098921949
3775.5844012497      -0.016630934650752
3777.1679116635      -0.0066565651870437
3778.8107117992      -0.002583985517974
3780.5150215798      -0.00098067442530064
3782.2831440465      -0.00038823904156947
3784.117468471       -0.00022992395831343
3786.0204735836      -0.00035652834877355
3787.9947309236      -0.00097327521238974
3790                 -4758.2579429988
3792                 -0
3794                 -0
3796                 -0
3798                 -0
