x[nm]                E[kV/cm]            
-8                   -0
-6                   -0
-4                   -0
-2                   -0
0                    -293.22280207834
1.999                -0.00037588759376811
3.997                -0.00021712368306351
5.995                -0.00012541699855272
7.9929999999999      -7.244453507775e-05
9.9909999999999      -4.1846072819753e-05
11.989               -2.4171508971893e-05
13.987               -1.3962169203024e-05
15.985               -8.0649489978106e-06
17.983               -4.658544710039e-06
19.981               -2.6909050007704e-06
21.979               -1.5543433518373e-06
23.977               -8.9782924727355e-07
25.975               -5.1861084662611e-07
27.973               -2.9955795379546e-07
29.971               -1.7303475969383e-07
31.969               -9.9944521572163e-08
33.967               -5.7727151943073e-08
35.965               -3.3340030769525e-08
37.963               -1.9257201772477e-08
39.961               -1.1126679602149e-08
41.959               -6.4235125949284e-09
43.957               -3.7118567590071e-09
45.955               -2.1426526441214e-09
47.953               -1.2402491446263e-09
49.951               -7.156993271858e-10
51.948999999999      -4.0897104410617e-10
53.946999999999      -2.4449355897651e-10
55.944999999999      -1.3780546051404e-10
57.942999999999      -8.4461411282796e-11
59.940999999999      -4.8898711795303e-11
61.938999999999      -3.1117362051556e-11
63.936999999999      -2.2226687179683e-11
65.934999999999      -1.7781349743746e-11
67.932999999999      -1.7781349743746e-11
69.930999999999      -1.333601230781e-11
71.928999999999      -1.333601230781e-11
73.926999999999      -1.333601230781e-11
75.924999999999      -1.7781349743746e-11
77.922999999999      -1.7781349743746e-11
79.920999999999      -1.333601230781e-11
81.918999999999      -1.7781349743746e-11
83.916999999999      -1.7781349743746e-11
85.914999999999      -1.333601230781e-11
87.912999999999      -1.333601230781e-11
89.910999999999      -8.8906748718732e-12
91.908999999999      -4.4453374359366e-12
93.906999999999      -0
95.904999999999      -4.4453374359366e-12
97.902999999999      -0
99.900999999999      -4.4453374359366e-12
101.899              -0
103.897              4.4453374359366e-12
105.895              -0
107.893              -4.4453374359366e-12
109.891              -0
111.889              -0
113.887              -4.4453374359366e-12
115.885              4.4453374359366e-12
117.883              -4.4453374359366e-12
119.881              4.4453374359366e-12
121.879              -0
123.877              -0
125.875              -0
127.873              -0
129.871              -4.4453374359366e-12
131.869              -0
133.867              -0
135.865              -4.4453374359366e-12
137.863              -0
139.861              -0
141.859              4.4453374359366e-12
143.857              -4.4453374359366e-12
145.855              -0
147.853              -0
149.851              -0
151.849              -0
153.847              -0
155.845              -0
157.843              -0
159.841              4.4453374359366e-12
161.839              -0
163.837              -4.4453374359366e-12
165.835              -0
167.833              -0
169.831              4.4453374359366e-12
171.829              4.4453374359366e-12
173.827              -0
175.825              -4.4453374359366e-12
177.823              -4.4453374359366e-12
179.821              -0
181.819              -4.4453374359366e-12
183.817              -0
185.815              -0
187.813              4.4453374359366e-12
189.811              -0
191.809              4.4453374359366e-12
193.807              -0
195.805              -0
197.803              -0
199.801              -0
201.799              4.4453374359366e-12
203.797              -0
205.795              -4.4453374359366e-12
207.793              -0
209.791              -0
211.789              -0
213.787              -0
215.785              -4.4453374359366e-12
217.783              -0
219.781              -0
221.779              -0
223.777              4.4453374359366e-12
225.775              -4.4453374359366e-12
227.773              -0
229.771              -4.4453374359366e-12
231.769              -0
233.767              -0
235.765              8.8906748718733e-12
237.763              -0
239.761              -4.4453374359366e-12
241.759              -0
243.757              -0
245.755              -4.4453374359366e-12
247.753              4.4453374359366e-12
249.751              -0
251.749              4.4453374359366e-12
253.747              4.4453374359366e-12
255.745              4.4453374359366e-12
257.743              -0
259.741              4.4453374359367e-12
261.739              -0
263.737              -0
265.735              -0
267.733              -0
269.731              -0
271.729              -4.4453374359367e-12
273.727              -0
275.725              -0
277.723              -4.4453374359367e-12
279.721              -0
281.719              -0
283.717              -0
285.715              -0
287.713              -0
289.711              -0
291.709              4.4453374359366e-12
293.707              -4.4453374359367e-12
295.705              -0
297.703              -0
299.701              -0
301.699              -0
303.697              -0
305.695              -0
307.693              -0
309.691              4.4453374359366e-12
311.689              -0
313.687              -0
315.685              -0
317.683              -0
319.681              4.4453374359366e-12
321.679              -0
323.677              -0
325.675              -0
327.673              -4.4453374359366e-12
329.671              -0
331.669              -0
333.667              -4.4453374359366e-12
335.665              -0
337.663              -0
339.661              -0
341.659              -0
343.657              4.4453374359366e-12
345.655              -0
347.653              -0
349.651              -0
351.649              -0
353.647              -0
355.645              -0
357.643              -4.4453374359367e-12
359.641              -0
361.639              -0
363.637              4.4453374359367e-12
365.635              -0
367.633              -0
369.631              -4.4453374359367e-12
371.629              4.4453374359366e-12
373.627              -0
375.625              -0
377.623              -4.4453374359366e-12
379.621              -0
381.619              -0
383.617              -0
385.615              -0
387.613              4.4453374359367e-12
389.611              -0
391.609              -0
393.607              -4.4453374359367e-12
395.605              -0
397.60299999999      4.4453374359366e-12
399.60099999999      -0
401.59899999999      -0
403.59699999999      -0
405.59499999999      4.4453374359367e-12
407.59299999999      -0
409.59099999999      -0
411.58899999999      -4.4453374359366e-12
413.58699999999      -0
415.58499999999      -4.4453374359367e-12
417.58299999999      -0
419.58099999999      -0
421.57899999999      -0
423.57699999999      -0
425.57499999999      -0
427.57299999999      4.4453374359367e-12
429.57099999999      -0
431.56899999999      -4.4453374359366e-12
433.56699999999      4.4453374359367e-12
435.56499999999      -4.4453374359366e-12
437.56299999999      -0
439.56099999999      4.4453374359367e-12
441.55899999999      -0
443.55699999999      4.4453374359366e-12
445.55499999999      -4.4453374359367e-12
447.55299999999      -0
449.55099999999      4.4453374359366e-12
451.54899999999      -0
453.54699999999      -0
455.54499999999      -0
457.54299999999      -4.4453374359367e-12
459.54099999999      -0
461.53899999999      -0
463.53699999999      -0
465.53499999999      -4.4453374359366e-12
467.53299999999      -0
469.53099999999      -0
471.52899999999      -0
473.52699999999      -0
475.52499999999      -0
477.52299999999      -0
479.52099999999      -0
481.51899999999      -4.4453374359366e-12
483.51699999999      -0
485.51499999999      -0
487.51299999999      -0
489.51099999999      4.4453374359366e-12
491.50899999999      -0
493.50699999999      -0
495.50499999999      -0
497.50299999999      4.4453374359367e-12
499.50099999999      -0
501.49899999999      -0
503.49699999999      -0
505.49499999999      -0
507.49299999999      -0
509.49099999999      -0
511.48899999999      -0
513.48699999999      -0
515.48499999999      -0
517.48299999999      -0
519.48099999999      -0
521.47899999999      -0
523.47699999999      4.4453374359365e-12
525.47499999999      -0
527.47299999999      -0
529.47099999999      -0
531.46899999999      -0
533.46699999999      -0
535.46499999999      -0
537.46299999999      -0
539.46099999999      -0
541.45899999999      -4.4453374359367e-12
543.45699999999      -0
545.45499999999      -0
547.45299999999      -0
549.45099999999      -4.4453374359365e-12
551.44899999999      -0
553.44699999999      -0
555.44499999999      -0
557.44299999999      -0
559.44099999999      -0
561.43899999999      4.4453374359365e-12
563.43699999999      -0
565.43499999999      -4.4453374359367e-12
567.43299999999      -0
569.43099999999      -0
571.42899999999      -0
573.42699999999      -0
575.42499999999      -0
577.42299999999      -0
579.42099999999      -0
581.41899999999      4.4453374359365e-12
583.41699999999      -0
585.41499999999      4.4453374359365e-12
587.41299999999      -0
589.41099999999      -4.4453374359365e-12
591.40899999999      -0
593.40699999999      -0
595.40499999999      -4.4453374359365e-12
597.40299999999      4.4453374359365e-12
599.40099999999      -0
601.39899999999      -0
603.39699999999      -0
605.39499999999      -4.4453374359365e-12
607.39299999999      -0
609.39099999999      -0
611.38899999999      -0
613.38699999999      4.4453374359365e-12
615.38499999999      -0
617.38299999999      -0
619.38099999999      4.4453374359365e-12
621.37899999999      -4.4453374359365e-12
623.37699999999      -0
625.37499999999      -0
627.37299999999      -4.4453374359365e-12
629.37099999999      -0
631.369              -0
633.36699999999      -0
635.365              -0
637.363              -0
639.361              4.4453374359365e-12
641.359              -0
643.357              -4.4453374359365e-12
645.355              -0
647.353              -4.4453374359365e-12
649.351              -0
651.349              -0
653.347              4.4453374359365e-12
655.345              -0
657.343              4.4453374359367e-12
659.341              -0
661.339              -0
663.337              -4.4453374359365e-12
665.335              -0
667.333              -0
669.331              4.4453374359367e-12
671.329              -0
673.327              4.4453374359365e-12
675.325              -0
677.323              -0
679.321              -4.4453374359365e-12
681.319              -4.4453374359367e-12
683.317              -4.4453374359365e-12
685.315              -0
687.313              4.4453374359365e-12
689.311              -0
691.309              -0
693.307              -0
695.305              -0
697.303              -4.4453374359365e-12
699.301              -0
701.299              -0
703.297              -0
705.295              4.4453374359365e-12
707.293              -0
709.291              -0
711.289              -4.4453374359365e-12
713.287              4.4453374359365e-12
715.285              4.4453374359367e-12
717.283              -0
719.281              -0
721.279              -0
723.277              -0
725.275              -0
727.273              -0
729.271              -0
731.269              -0
733.267              -0
735.265              -0
737.263              -0
739.261              -0
741.259              -0
743.257              -4.4453374359365e-12
745.255              4.4453374359365e-12
747.253              -4.4453374359365e-12
749.251              -0
751.249              -0
753.247              -0
755.245              -0
757.243              -0
759.241              -0
761.239              -0
763.237              -0
765.235              -0
767.233              -0
769.231              4.4453374359365e-12
771.229              -0
773.227              -4.4453374359367e-12
775.225              -0
777.223              -0
779.221              -0
781.219              -0
783.217              -4.4453374359365e-12
785.215              -0
787.213              4.4453374359365e-12
789.211              -0
791.209              -0
793.207              4.4453374359365e-12
795.205              -0
797.203              -4.4453374359367e-12
799.201              -0
801.199              -0
803.197              -0
805.195              -0
807.193              -0
809.191              -0
811.189              -0
813.187              -4.4453374359365e-12
815.185              -0
817.183              -0
819.181              4.4453374359367e-12
821.179              -0
823.177              -0
825.175              -0
827.173              -0
829.171              -0
831.169              -0
833.167              -0
835.165              -0
837.163              4.4453374359365e-12
839.161              -4.4453374359365e-12
841.159              -0
843.157              -0
845.155              4.4453374359365e-12
847.153              -0
849.151              4.4453374359365e-12
851.149              -0
853.147              -0
855.145              -4.4453374359367e-12
857.143              -0
859.141              -4.4453374359365e-12
861.139              -0
863.137              -0
865.135              4.4453374359365e-12
867.133              -0
869.131              -0
871.129              -0
873.127              -4.4453374359365e-12
875.125              -0
877.123              -0
879.121              4.4453374359367e-12
881.119              -0
883.117              4.4453374359365e-12
885.115              4.4453374359365e-12
887.113              4.4453374359365e-12
889.111              8.8906748718734e-12
891.109              1.7781349743746e-11
893.107              3.1117362051555e-11
895.105              5.3344049231237e-11
897.103              9.3352086154666e-11
899.101              1.5114147282184e-10
901.099              2.7116558359214e-10
903.097              4.6676043077333e-10
905.095              8.1794208821231e-10
907.093              1.4091719671919e-09
909.091              2.4404902523291e-09
911.089              4.2275159015756e-09
913.087              7.3170254195518e-09
915.085              1.2664766354983e-08
917.083              2.1924404234039e-08
919.081              3.7958736365461e-08
921.079              6.5706532640577e-08
923.077              1.1376063032305e-07
925.075              1.9694622976174e-07
927.073              3.4095293599889e-07
929.071              5.9026079541851e-07
931.069              1.0218719430859e-06
933.067              1.7690753766801e-06
935.065              3.0626507891879e-06
937.063              5.3021006559771e-06
939.061              9.1790705833667e-06
941.059              1.5890934436414e-05
943.057              2.7510624186896e-05
945.055              4.7626780730769e-05
947.053              8.2452149879116e-05
949.051              0.00014274233669161
951.049              0.00024711755275819
953.047              0.00042781338031708
955.045              0.00074063649663229
957.043              0.0012822000918468
959.041              0.0022197620407338
961.039              0.0038428806438863
963.037              0.0066528407518819
965.035              0.011517465988827
967.033              0.019939121487255
969.031              0.034518652769877
971.029              0.059758469808629
973.027              0.10345257698655
975.025              0.17909217205221
977.023              0.31002773350887
979.021              0.53666693299968
981.019              0.92891312640338
983.017              1.6076311896078
985.015              2.7816060487238
987.013              4.8109158199313
989.011              8.3148145253669
991.009              14.353007872346
993.007              24.722973868707
995.005              42.424958343477
997.003              72.316398140157
999.001              121.78383953491
1001                 129.78541091812
1003                 92.365695319168
1005                 68.712211410871
1007                 52.92989764901
1009                 41.884421059359
1011                 33.837314497163
1013                 27.778525650439
1015                 23.093396291065
1017                 19.391305051717
1019                 16.414095327359
1021                 13.98513224927
1023                 11.979821201709
1025                 10.307900995459
1027                 8.9024395801651
1029                 7.7127795853693
1031                 6.6998872070867
1033                 5.8332069185196
1035                 5.0884851819344
1037                 4.4462330485162
1039                 3.8906194167243
1041                 3.4086605051353
1043                 2.9896168615329
1045                 2.6245382601475
1047                 2.3059156363914
1049                 2.0274116144003
1051                 1.7836495156764
1053                 1.5700464256296
1055                 1.3826798374739
1057                 1.2181801637334
1059                 1.0736433786818
1061                 0.94655947652011
1063                 0.8347534671227
1065                 0.73633639412041
1067                 0.64966442876013
1069                 0.57330451955551
1071                 0.5060054011663
1073                 0.44667301349666
1075                 0.39434957212592
1077                 0.34819567946709
1079                 0.30747498172001
1081                 0.27154096776005
1083                 0.23982557870728
1085                 0.21182935447062
1087                 0.18711289027973
1089                 0.16528941356508
1091                 0.1460183223001
1093                 0.12899955085022
1095                 0.11396865009061
1097                 0.10069248539857
1099                 0.088965470519398
1101                 0.078606267051029
1103                 0.069454889222165
1105                 0.061370162058871
1107                 0.054227488197611
1109                 0.04791688443806
1111                 0.042341254564704
1113                 0.037414869140662
1115                 0.033062026858488
1117                 0.02921587526572
1119                 0.025817371591685
1121                 0.022814366613666
1123                 0.020160796814217
1125                 0.017815971928847
1127                 0.01574394632442
1129                 0.013912964358376
1131                 0.012294970881399
1133                 0.010865179156383
1135                 0.00960168940356
1137                 0.0084851520520957
1139                 0.0074984703468672
1141                 0.0066265377407504
1143                 0.0058560059779111
1145                 0.0051750802398942
1147                 0.0045733381970336
1149                 0.0040415702162733
1151                 0.0035716381185935
1153                 0.003156350492084
1155                 0.0027893524601197
1157                 0.0024650283680927
1159                 0.0021784157011595
1161                 0.0019251291627498
1163                 0.0017012934527827
1165                 0.0015034839773165
1167                 0.0013286744060537
1169                 0.0011741903405138
1171                 0.0010376683956537
1173                 0.00091701999327398
1175                 0.00081039945420969
1177                 0.00071617570096549
1179                 0.00063290730878407
1181                 0.00055932047438034
1183                 0.00049428952486608
1185                 0.00043681963823872
1187                 0.00038603169549845
1189                 0.0003411487803362
1191                 0.00030148432195176
1193                 0.0002664315701395
1195                 0.00023545433158745
1197                 0.00020807874090423
1199                 0.00018388604416941
1201                 0.00016250617296265
1203                 0.00014361207334446
1205                 0.00012691474982063
1207                 0.00011215877560034
1209                 9.911843790178e-05
1211                 8.7594269615465e-05
1213                 7.7409971765974e-05
1215                 6.8409784503842e-05
1217                 6.0456017969557e-05
1219                 5.3427009483187e-05
1221                 4.721524948792e-05
1223                 4.1725698451955e-05
1225                 3.6874410191956e-05
1227                 3.2587164078279e-05
1229                 2.8798381457307e-05
1231                 2.5450108687153e-05
1233                 2.2491124518353e-05
1235                 1.9876176260425e-05
1237                 1.7565269239128e-05
1239                 1.5523031748899e-05
1241                 1.3718239877392e-05
1243                 1.2123293480215e-05
1245                 1.0713776532612e-05
1247                 9.468146267011e-06
1249                 8.3673379336346e-06
1251                 7.3945249923213e-06
1253                 6.5348038091884e-06
1255                 5.7750515480848e-06
1257                 5.1036241899283e-06
1259                 4.5102721557555e-06
1261                 3.9859004985487e-06
1263                 3.5224978489623e-06
1265                 3.1129676614228e-06
1267                 2.7510616007476e-06
1269                 2.4312241109214e-06
1271                 2.1485790924203e-06
1273                 1.8987922345559e-06
1275                 1.6780488110157e-06
1277                 1.4829693029128e-06
1279                 1.3105783125411e-06
1281                 1.1582246273178e-06
1283                 1.0235901015676e-06
1285                 9.0460527957248e-07
1287                 7.9945383646418e-07
1289                 7.0652816930306e-07
1291                 6.2440275172548e-07
1293                 5.5183413394388e-07
1295                 4.8769877025734e-07
1297                 4.3101522351208e-07
1299                 3.8092196064099e-07
1301                 3.3666402998733e-07
1303                 2.9753977059954e-07
1305                 2.6297186650481e-07
1307                 2.3241852886713e-07
1309                 2.0542234580034e-07
1311                 1.815614325551e-07
1313                 1.6047607687142e-07
1315                 1.4183765273401e-07
1317                 1.2537082483277e-07
1319                 1.1082246231808e-07
1321                 9.7961638800825e-08
1323                 8.6597395920762e-08
1325                 7.6552097993954e-08
1327                 6.7674754689051e-08
1329                 5.9836580135197e-08
1331                 5.2899906677339e-08
1333                 4.6771475581409e-08
1335                 4.1362469005435e-08
1337                 3.6575187323251e-08
1339                 3.2347458045479e-08
1341                 2.861266779064e-08
1343                 2.5313084961454e-08
1345                 2.2395418852739e-08
1347                 1.9824142327707e-08
1349                 1.7537082896979e-08
1351                 1.552091788426e-08
1353                 1.3735679260662e-08
1355                 1.2163603457793e-08
1357                 1.0773604230963e-08
1359                 9.5434771196778e-09
1361                 8.4598994476437e-09
1363                 7.4962258622691e-09
1365                 6.6524563635539e-09
1367                 5.8975047068088e-09
1369                 5.2402526762307e-09
1371                 4.6540549192287e-09
1373                 4.1344705437041e-09
1375                 3.681499549657e-09
1377                 3.2773783686935e-09
1379                 2.9221070008134e-09
1381                 2.6068036618199e-09
1383                 2.3270274596143e-09
1385                 2.0783375020983e-09
1387                 1.8518520050748e-09
1389                 1.6608936448392e-09
1391                 1.4965806371947e-09
1393                 1.3367085216487e-09
1395                 1.2123635428907e-09
1397                 1.0969003483297e-09
1399                 9.8587804586714e-10
1401                 8.9706020389713e-10
1403                 8.1268325402561e-10
1405                 7.4606987254811e-10
1407                 6.838973831691e-10
1409                 6.2616578588859e-10
1411                 5.8175686490358e-10
1413                 5.3734794391858e-10
1415                 5.0182080713057e-10
1417                 4.6185277824407e-10
1419                 4.3520742565306e-10
1421                 4.0856207306206e-10
1423                 3.8191672047105e-10
1425                 3.6415315207705e-10
1427                 3.4194869158455e-10
1429                 3.2418512319055e-10
1431                 3.1530333899354e-10
1433                 2.9753977059954e-10
1435                 2.8421709430404e-10
1437                 2.7533531010704e-10
1439                 2.7089441800854e-10
1441                 2.6645352591004e-10
1443                 2.5313084961454e-10
1445                 2.5313084961454e-10
1447                 2.4868995751604e-10
1449                 2.3980817331903e-10
1451                 2.3536728122053e-10
1453                 2.3536728122053e-10
1455                 2.3092638912203e-10
1457                 2.2204460492503e-10
1459                 2.2648549702353e-10
1461                 2.2204460492503e-10
1463                 2.2204460492503e-10
1465                 2.1316282072803e-10
1467                 2.1316282072803e-10
1469                 2.1316282072803e-10
1471                 2.1760371282653e-10
1473                 2.1760371282653e-10
1475                 2.1760371282653e-10
1477                 2.1760371282653e-10
1479                 2.1760371282653e-10
1481                 2.1316282072803e-10
1483                 2.1316282072803e-10
1485                 2.0428103653103e-10
1487                 2.0872192862953e-10
1489                 2.1316282072803e-10
1491                 2.0872192862953e-10
1493                 2.0428103653103e-10
1495                 2.0872192862953e-10
1497                 2.0428103653103e-10
1499                 2.0428103653103e-10
1501                 1.9984014443253e-10
1503                 2.0428103653103e-10
1505                 2.0428103653103e-10
1507                 2.0428103653103e-10
1509                 2.0428103653103e-10
1511                 1.9984014443253e-10
1513                 1.9984014443253e-10
1515                 2.0428103653103e-10
1517                 2.0872192862953e-10
1519                 2.0428103653103e-10
1521                 1.9984014443253e-10
1523                 1.9984014443253e-10
1525                 1.9984014443253e-10
1527                 1.9984014443253e-10
1529                 1.9984014443253e-10
1531                 2.0428103653103e-10
1533                 2.0428103653103e-10
1535                 2.0428103653103e-10
1537                 2.0428103653103e-10
1539                 2.1316282072803e-10
1541                 2.1316282072803e-10
1543                 2.2204460492503e-10
1545                 2.2204460492503e-10
1547                 2.2204460492503e-10
1549                 2.3092638912203e-10
1551                 2.3980817331903e-10
1553                 2.4424906541753e-10
1555                 2.4868995751604e-10
1557                 2.6201263381154e-10
1559                 2.7089441800854e-10
1561                 2.8421709430404e-10
1563                 2.9753977059954e-10
1565                 3.1530333899354e-10
1567                 3.3306690738755e-10
1569                 3.5527136788005e-10
1571                 3.7747582837255e-10
1573                 4.0412118096356e-10
1575                 4.3520742565306e-10
1577                 4.6629367034257e-10
1579                 5.0626169922907e-10
1581                 5.4178883601708e-10
1583                 5.9507954119908e-10
1585                 6.4837024638109e-10
1587                 7.149836278586e-10
1589                 7.7715611723761e-10
1591                 8.5709217501062e-10
1593                 9.4591001698063e-10
1595                 1.0480505352461e-09
1597                 1.1635137298072e-09
1599                 1.2922996006637e-09
1601                 1.4344081478157e-09
1603                 1.5987211554602e-09
1605                 1.7896795156958e-09
1607                 2.0072832285223e-09
1609                 2.2426505097428e-09
1611                 2.5135449277514e-09
1613                 2.8199664825479e-09
1615                 3.1663560662309e-09
1617                 3.5615954629975e-09
1619                 4.0056846728476e-09
1621                 4.5163872641751e-09
1623                 5.0848214527832e-09
1625                 5.7287508070658e-09
1627                 6.4614980033184e-09
1629                 7.2875039336395e-09
1631                 8.2200912743247e-09
1633                 9.2770235937678e-09
1635                 1.0471623568264e-08
1637                 1.1826095658307e-08
1639                 1.3362644324388e-08
1641                 1.5094592242804e-08
1643                 1.7061907442439e-08
1645                 1.9277912599591e-08
1647                 2.1795898419441e-08
1649                 2.4633628470383e-08
1651                 2.7853275241796e-08
1653                 3.1490365870468e-08
1655                 3.5611513737877e-08
1657                 4.0278891333401e-08
1659                 4.5554671146419e-08
1661                 5.1523230126804e-08
1663                 5.8286708792821e-08
1665                 6.592948409434e-08
1667                 7.4584782794318e-08
1669                 8.4372508979413e-08
1671                 9.5452534765172e-08
1673                 1.0798029137504e-07
1675                 1.2216894162975e-07
1677                 1.3821388478163e-07
1679                 1.563726925724e-07
1681                 1.7692514120426e-07
1683                 2.0017321133992e-07
1685                 2.2648993791563e-07
1687                 2.5626167854398e-07
1689                 2.899547268953e-07
1691                 3.2807978556093e-07
1693                 3.7121861140577e-07
1695                 4.2003289735248e-07
1697                 4.7526871327364e-07
1699                 5.3777871045213e-07
1701                 6.0850879890495e-07
1703                 6.8854255630413e-07
1705                 7.7910122797675e-07
1707                 8.8158369493385e-07
1709                 9.975398285178e-07
1711                 1.1287593082443e-06
1713                 1.2772449764498e-06
1715                 1.4452528063202e-06
1717                 1.6353718379492e-06
1719                 1.8505019738768e-06
1721                 2.0939427969324e-06
1723                 2.3694024520182e-06
1725                 2.6810997866278e-06
1727                 3.0338132006591e-06
1729                 3.4329161735513e-06
1731                 3.8845415772926e-06
1733                 4.3955727946354e-06
1735                 4.9738480001338e-06
1737                 5.6281956872795e-06
1739                 6.3686345086467e-06
1741                 7.2064931799787e-06
1743                 8.1545747931955e-06
1745                 9.227392183675e-06
1747                 1.0441354447721e-05
1749                 1.181503339609e-05
1751                 1.3369430007515e-05
1753                 1.5128329700076e-05
1755                 1.7118635398106e-05
1757                 1.9370789416939e-05
1759                 2.1919248638369e-05
1761                 2.4802995213236e-05
1763                 2.8066131640969e-05
1765                 3.1758569107865e-05
1767                 3.5936795761415e-05
1769                 4.0664729361595e-05
1771                 4.6014672072658e-05
1773                 5.2068473976874e-05
1775                 5.8918740997171e-05
1777                 6.6670238219046e-05
1779                 7.5441550784205e-05
1781                 8.5366842483836e-05
1783                 9.6597925214326e-05
1785                 0.0001093065993274
1787                 0.00012368726487466
1789                 0.00013995988368265
1791                 0.00015837336331259
1793                 0.00017920937178673
1795                 0.00020278660528561
1797                 0.00022946570865656
1799                 0.00025965476879719
1801                 0.00029381555410879
1803                 0.00033247057995567
1805                 0.00037621112447539
1807                 0.00042570621694438
1809                 0.0004817129317658
1811                 0.00054508791702546
1813                 0.00061680053953239
1815                 0.00069794765966691
1817                 0.00078977045347983
1819                 0.00089367335309731
1821                 0.0010112455584022
1823                 0.0011442852931864
1825                 0.0012948273386826
1827                 0.0014651741375715
1829                 0.0016579309614073
1831                 0.0018760457809464
1833                 0.0021228542790297
1835                 0.0024021308986377
1837                 0.0027181464368198
1839                 0.0030757334013032
1841                 0.0034803597559474
1843                 0.0039382125160969
1845                 0.0044562922107971
1847                 0.005042519775067
1849                 0.0057058575197999
1851                 0.0064564458668315
1853                 0.0073057581095881
1855                 0.0082667754464083
1857                 0.0093541848489309
1859                 0.010584602971875
1861                 0.011976829283888
1863                 0.013552132283046
1865                 0.015334573180148
1867                 0.017351371748298
1869                 0.019633319947587
1871                 0.022215249351198
1873                 0.025136559425043
1875                 0.028441814410307
1877                 0.032181417495281
1879                 0.036412372357297
1881                 0.041199142915005
1883                 0.046614623792074
1885                 0.05274123544563
1887                 0.059672159404833
1889                 0.067512730987929
1891                 0.076382008868947
1893                 0.086414542894708
1895                 0.09776236409742
1897                 0.110597223002
1899                 0.12511310553354
1901                 0.14152905796205
1903                 0.16009235592307
1905                 0.18108205482648
1907                 0.20481296235442
1909                 0.23164007628917
1911                 0.26196353308361
1913                 0.29623411490043
1915                 0.3349593633839
1917                 0.37871034858306
1919                 0.42812913942036
1921                 0.48393701803651
1923                 0.54694347324968
1925                 0.61805599723908
1927                 0.69829069340166
1929                 0.78878368086954
1931                 0.89080325058166
1933                 1.0057626871873
1935                 1.1352336191051
1937                 1.2809596922425
1939                 1.4448702801317
1941                 1.6290938419772
1943                 1.8359704182069
1945                 2.0680626106229
1947                 2.3281642310424
1949                 2.6193056217449
1951                 2.9447544592953
1953                 3.3080106610273
1955                 3.7127938374759
1957                 4.1630215981536
1959                 4.6627769539276
1961                 5.2162631077923
1963                 5.8277441339438
1965                 6.5014704643351
1967                 7.241588781266
1969                 8.0520368903825
1971                 8.9364254315427
1973                 9.8979098432306
1975                 10.939057739958
1977                 12.061718628655
1979                 13.266904444573
1981                 14.554690436794
1983                 15.924146162556
1985                 17.373305485169
1987                 18.89918235384
1989                 20.49783580842
1991                 22.164483372542
1993                 23.893657286091
1995                 25.679393566809
1997                 27.515440403922
1999                 29.395470480056
2001                 25.769116593017
2003                 21.676398318045
2005                 18.374631652187
2007                 15.675362831682
2009                 13.443789548551
2011                 11.581317778346
2013                 10.014364241693
2015                 8.6870012333629
2017                 7.5560178341583
2019                 6.5875340154431
2021                 5.7546337689507
2023                 5.0356803307761
2025                 4.4130965838818
2027                 3.8724683098579
2029                 3.401875205129
2031                 2.9913850544672
2033                 2.6326664590526
2035                 2.3186888651106
2037                 2.0434876847064
2039                 1.8019785204126
2041                 1.5898088413913
2043                 1.4032385200702
2045                 1.2390428267128
2047                 1.0944330611107
2049                 0.96699115591736
2051                 0.8546154395539
2053                 0.75547538185283
2055                 0.66797362363147
2057                 0.59071395371646
2059                 0.52247417404949
2061                 0.46218300705281
2063                 0.40890036506536
2065                 0.36180043143208
2067                 0.32015710487165
2069                 0.28333143947012
2071                 0.25076077740938
2073                 0.22194932336905
2075                 0.1964599510762
2077                 0.17390706702258
2079                 0.15395038357902
2081                 0.13628947709954
2083                 0.12065902501579
2085                 0.1068246320246
2087                 0.094579168097297
2089                 0.083739552327877
2091                 0.074143925821168
2093                 0.065649164313619
2095                 0.058128688276149
2097                 0.051470533630749
2099                 0.04557565099983
2101                 0.040356405746067
2103                 0.035735254422242
2105                 0.03164357646579
2107                 0.028020642446336
2109                 0.024812702772437
2111                 0.021972182424612
2113                 0.019456969275744
2115                 0.017229784941009
2117                 0.015257628507293
2119                 0.013511284620016
2121                 0.011964888315674
2123                 0.010595540187452
2125                 0.0093829658176503
2127                 0.0083092144986807
2129                 0.0073583926241128
2131                 0.0065164277396335
2133                 0.0057708597323014
2135                 0.0051106560050584
2137                 0.0045260478787057
2139                 0.0040083858410256
2141                 0.0035500113293452
2143                 0.0031441432568613
2145                 0.0027847775951884
2147                 0.0024665984588168
2149                 0.0021848993903006
2151                 0.0019355136515742
2153                 0.0017147525932515
2155                 0.0015193510360945
2157                 0.0013464189319023
2159                 0.001193398633248
2161                 0.0010580270082272
2163                 0.00093830200054157
2165                 0.0008324529465753
2167                 0.00073891446294994
2169                 0.00065630319401322
2171                 0.00058339743258529
2173                 0.00051911900555979
2175                 0.00046251732666036
2177                 0.00041275534545804
2179                 0.00036909716616407
2181                 0.0003308971541216
2183                 0.00029759041009214
2185                 0.00026868437696947
2187                 0.00024375160112555
2189                 0.000222423373053
2191                 0.00020438428727232
2193                 0.00018936757939514
2195                 0.00017715118705297
2197                 0.00016755445919614
2199                 0.00016043546491318
2201                 0.00015568894173867
2203                 0.00015324468805034
2205                 0.00015306655942737
2207                 0.00015515192686166
2209                 0.00015953161014437
2211                 0.00016627039300943
2213                 0.00017546790243017
2215                 0.0001872601540498
2217                 0.00020182153281922
2219                 0.00021936734206918
2221                 0.00024015704980229
2223                 0.0002644980678923
2225                 0.00029275034840737
2227                 0.00032533164606718
2229                 0.00036272374881463
2231                 0.00040547959212489
2233                 0.000454231385838
2235                 0.00050970003773187
2237                 0.0005727057317273
2239                 0.00064418013590029
2241                 0.00072518011151601
2243                 0.00081690336273255
2245                 0.00092070615576034
2247                 0.0010381233250811
2249                 0.0011708910152564
2251                 0.0013209723137564
2253                 0.0014905862633086
2255                 0.0016822406578854
2257                 0.0018987691241534
2259                 0.0021433729768816
2261                 0.0024196685366462
2263                 0.0027317405315586
2265                 0.0030842024623112
2267                 0.00348226476099
2269                 0.0039318116940024
2271                 0.0044394883147447
2273                 0.0050127985096182
2275                 0.0056602158027275
2277                 0.0063913083625522
2279                 0.0072168801912298
2281                 0.0081491304637638
2283                 0.0092018333441857
2285                 0.010390541058669
2287                 0.011732812925658
2289                 0.013248473957894
2291                 0.014959906557976
2293                 0.01689237972613
2295                 0.019074420372078
2297                 0.021538232228835
2299                 0.024320168336978
2301                 0.027461263760742
2303                 0.031007836356345
2305                 0.035012163874804
2307                 0.039533247093715
2309                 0.044637669689429
2311                 0.050400566684594
2313                 0.056906715029115
2315                 0.064251761062728
2317                 0.072543601565833
2319                 0.081903936903771
2321                 0.092470016572754
2323                 0.10439660004025
2325                 0.11785815763776
2327                 0.13305133911512
2329                 0.1501977397389
2331                 0.16954699675775
2333                 0.19138025152632
2335                 0.21601401526183
2337                 0.24380447893879
2339                 0.27515230988762
2341                 0.31050797931975
2343                 0.35037766581425
2345                 0.39532977972989
2347                 0.44600215138413
2349                 0.50310992234515
2351                 0.56745417242876
2353                 0.63993130467566
2355                 0.72154319616935
2357                 0.81340810153208
2359                 0.91677226861986
2361                 1.0330221887678
2363                 1.1636973567519
2365                 1.3105033553051
2367                 1.4753250036259
2369                 1.6602392173226
2371                 1.8675271162794
2373                 2.099684786061
2375                 2.3594319482978
2377                 2.6497176274365
2379                 2.9737217200454
2381                 3.3348511879838
2383                 3.7367294205559
2385                 4.1831771648626
2387                 4.678183334561
2389                 5.2258640120506
2391                 5.8304081008176
2393                 6.4960084133103
2395                 7.2267775454948
2397                 8.0266487359859
2399                 8.8992630591767
2401                 9.8478457486184
2403                 10.875076126911
2405                 11.982957401022
2407                 13.172694260808
2409                 14.444587515583
2411                 15.797955596484
2413                 17.231092328744
2415                 18.741268710363
2417                 20.32478346337
2419                 21.977063034067
2421                 23.692806955808
2423                 25.46616972166
2425                 27.290966317901
2427                 29.160886048918
2429                 31.069698704411
2431                 33.011438578097
2433                 34.98055504827
2435                 36.972022761881
2437                 38.981409158705
2439                 41.004901385877
2441                 43.039298022927
2443                 45.08197315984
2445                 47.130821211985
2447                 49.184190593965
2449                 51.240813315441
2451                 53.299736048649
2453                 55.360256561579
2455                 57.421867852323
2457                 59.484211009204
2459                 61.547036828173
2461                 63.610175548843
2463                 65.673513685374
2465                 67.736976769961
2467                 69.800516828811
2469                 71.864103514248
2471                 73.927717972317
2473                 75.991348697775
2475                 78.054988793577
2477                 80.118634197586
2479                 82.182282559007
2481                 84.245932540985
2483                 86.309583396371
2485                 88.373234714765
2487                 90.436886274583
2489                 92.500537958227
2491                 94.56418970434
2493                 96.62784148146
2495                 98.691493273719
2497                 100.75514507324
2499                 102.81879687621
2501                 104.88244868077
2503                 106.94610048606
2505                 109.00975229167
2507                 111.07340409743
2509                 113.13705590327
2511                 115.20070770912
2513                 117.26435951499
2515                 119.32801132086
2517                 121.39166312673
2519                 123.45531493261
2521                 125.51896673847
2523                 127.58261854434
2525                 129.64627035021
2527                 131.70992215609
2529                 133.77357396196
2531                 135.83722576783
2533                 137.90087757371
2535                 139.96452937958
2537                 142.02818118545
2539                 144.09183299132
2541                 146.15548479719
2543                 148.21913660307
2545                 150.28278840894
2547                 152.34644021482
2549                 154.41009202069
2551                 166.52758364692
2553                 166.67108188785
2555                 166.81458012876
2557                 166.95807836968
2559                 167.1015766106
2561                 167.24507485152
2563                 167.38857309243
2565                 167.53207133335
2567                 167.67556957427
2569                 167.81906781519
2571                 167.9625660561
2573                 168.10606429702
2575                 168.24956253794
2577                 168.39306077886
2579                 168.53655901977
2581                 168.68005726069
2583                 168.82355550161
2585                 168.96705374252
2587                 169.11055198344
2589                 169.25405022436
2591                 169.39754846527
2593                 169.54104670619
2595                 169.68454494711
2597                 169.82804318803
2599                 169.97154142894
2601                 170.11503966986
2603                 170.25853791078
2605                 170.40203615169
2607                 170.54553439261
2609                 170.68903263353
2611                 170.83253087445
2613                 170.97602911536
2615                 171.11952735629
2617                 171.2630255972
2619                 171.40652383812
2621                 171.55002207904
2623                 171.69352031996
2625                 171.83701856087
2627                 171.98051680179
2629                 172.12401504271
2631                 172.26751328363
2633                 172.41101152455
2635                 172.55450976547
2637                 172.69800800638
2639                 172.8415062473
2641                 172.98500448822
2643                 173.12850272914
2645                 173.27200097006
2647                 173.41549921098
2649                 173.55899745189
2651                 173.70249569281
2653                 173.84599393373
2655                 173.98949217464
2657                 174.13299041556
2659                 174.27648865648
2661                 174.4199868974
2663                 174.56348513831
2665                 174.70698337923
2667                 174.85048162015
2669                 174.99397986107
2671                 175.13747810199
2673                 175.28097634291
2675                 175.42447458382
2677                 175.56797282474
2679                 175.71147106566
2681                 175.85496930657
2683                 175.99846754749
2685                 176.14196578841
2687                 176.28546402933
2689                 176.42896227024
2691                 176.57246051116
2693                 176.71595875208
2695                 176.85945699299
2697                 177.00295523391
2699                 177.14645347483
2701                 177.28995171575
2703                 177.43344995667
2705                 177.57694819758
2707                 177.7204464385
2709                 177.86394467942
2711                 178.00744292034
2713                 178.15094116125
2715                 178.29443940217
2717                 178.43793764309
2719                 178.58143588401
2721                 178.72493412493
2723                 178.86843236584
2725                 179.01193060676
2727                 179.15542884768
2729                 179.2989270886
2731                 179.44242532951
2733                 179.58592357044
2735                 179.72942181137
2737                 179.87292005233
2739                 180.01641829346
2740.9774419792      168.23773031914
2742.8832025866      168.36543727345
2744.6931852871      168.48676576575
2746.4122035958      168.60211254309
2748.0448291145      168.71198151418
2749.5954036903      168.81716065882
2751.0680509614      168.91911102326
2752.4666873243      169.02077754751
2753.795032349       169.1281935603
2755.0566186707      169.25350111223
2756.2548013851      169.42037245342
2757.3927669703      169.67331689556
2758.4735417618      170.09302184213
2759.5               170.82078197808
2760.5               180.18114852336
2761.5               173.29362833913
2762.5               166.4064856955
2763.5               159.52004137642
2764.5               152.63485269335
2765.5               145.75185843401
2766.5               138.87259116653
2767.5               131.99947428021
2768.5               125.13621723037
2769.5               118.28831255005
2770.5               111.46362086423
2771.5               104.67300538812
2772.5               97.930947645233
2773.5               91.256046956512
2774.5               84.671286087403
2775.5               78.203944029895
2776.5               71.885062155244
2777.5               65.748424144627
2778.5               59.829086752787
2779.5               54.161582173557
2780.5               48.777982713506
2781.5               43.706055052191
2782.5               38.967723446619
2783.5               34.578010511308
2784.5               30.544544509319
2785.5               26.867634081162
2786.5               23.540835178009
2787.5               20.551884310813
2788.5               17.883851671394
2789.5               15.516373769351
2790.5               13.426849668197
2791.5               11.591518162088
2792.5               9.9863672095646
2793.5               8.5878562484121
2794.5               7.37345407684
2795.5               6.3220094146743
2796.5               5.4139790227725
2797.5               4.6315409300912
2798.5               3.9586195401631
2799.5               3.3808465832053
2800.5               2.8854781266974
2801.5               2.4612838941107
2802.5               2.0984214164277
2803.5               1.7883042874245
2804.5               1.5234710962231
2805.5               1.2974594654369
2806.5               1.1046879760723
2807.5               0.94034753657324
2808.5               0.80030287354704
2809.5               0.68100421194206
2810.5               0.5794088087363
2811.5               0.49291175296284
2812.5               0.41928530451374
2813.5               0.35662598120823
2814.5               0.30330859348782
2815.5               0.25794645065913
2816.5               0.21935700799336
2817.5               0.18653228154308
2818.5               0.15861341988277
2819.5               0.13486888548186
2820.5               0.11467575985913
2821.5               0.097503744467264
2822.5               0.082901482394426
2823.5               0.07048487423944
2824.5               0.059927104669733
2825.5               0.050950134362626
2826.5               0.043317445834745
2827.5               0.036827861065181
2828.5               0.031310274546392
2829.5               0.026619167596831
2830.5               0.022630789118239
2831.5               0.019239904491819
2832.5               0.016357028651548
2833.5               0.013906071623104
2834.5               0.011822335295175
2835.5               0.010050809253759
2836.5               0.008544721168402
2837.5               0.0072643038184772
2838.5               0.0061757464520085
2839.5               0.0052503029812634
2840.5               0.0044635335916254
2841.5               0.0037946598463456
2842.5               0.0032260163096431
2843.5               0.0027425842530349
2844.5               0.0023315952080161
2845.5               0.0019821938423981
2846.5               0.0016851513562344
2847.5               0.0014326218011895
2848.5               0.0012179348862773
2849.5               0.0010354198254348
2850.5               0.0008802555884202
2851.5               0.00074834356045272
2852.5               0.00063619931101044
2853.5               0.00054086055412128
2854.5               0.00045980889762376
2855.5               0.0003909033541305
2856.5               0.00033232375296066
2857.5               0.00028252269856921
2858.5               0.00024018466771025
2859.5               0.00020419127944038
2860.5               0.00017359175208398
2861.5               0.00014757777666574
2862.5               0.00012546218064458
2863.5               0.00010666076244448
2864.5               9.0676872677165e-05
2865.5               7.7088280203697e-05
2866.5               6.5536038817982e-05
2867.5               5.5714983737687e-05
2868.5               4.7365686928202e-05
2869.5               4.0267593703902e-05
2870.5               3.4233196277711e-05
2871.5               2.910310215043e-05
2872.5               2.4741786397442e-05
2873.5               2.1034047836821e-05
2874.5               1.7881942593334e-05
2875.5               1.5202201719688e-05
2876.5               1.292403961628e-05
2877.5               1.0987277754282e-05
2878.5               9.3407526158273e-06
2879.5               7.9409723241497e-06
2880.5               6.7509597911908e-06
2881.5               5.7392779417853e-06
2882.5               4.8792059281766e-06
2883.5               4.1480219259427e-06
2884.5               3.526408054455e-06
2885.5               2.9979507765177e-06
2886.5               2.5486857069268e-06
2887.5               2.1667467819952e-06
2888.5               1.8420442948752e-06
2889.5               1.5659984420324e-06
2890.5               1.3313239399793e-06
2891.5               1.131812421562e-06
2892.5               9.6220365009003e-07
2893.5               8.1800788365172e-07
2894.5               6.9542371861075e-07
2895.5               5.9121152418129e-07
2896.5               5.026112859241e-07
2897.5               4.2729153548748e-07
2898.5               3.6326053276525e-07
2899.5               3.0882185697578e-07
2900.5               2.6254332041731e-07
2901.5               2.2319923687064e-07
2902.5               1.8975265803078e-07
2903.5               1.6131762592408e-07
2904.5               1.3714140933985e-07
2905.5               1.1659118115404e-07
2906.5               9.9118491192485e-08
2907.5               8.4265927569049e-08
2908.5               7.1638250886963e-08
2909.5               6.0902394238838e-08
2910.5               5.1776360976419e-08
2911.5               4.401368158824e-08
2912.5               3.7421177268016e-08
2913.5               3.1812330547609e-08
2914.5               2.704281243382e-08
2915.5               2.2990498393938e-08
2916.5               1.9546586571551e-08
2917.5               1.661559778654e-08
2918.5               1.412869821138e-08
2919.5               1.2010392680395e-08
2920.5               1.0209610934453e-08
2921.5               8.6819440525687e-09
2922.5               7.380762667708e-09
2923.5               6.2727600891321e-09
2924.5               5.3335114102993e-09
2925.5               4.5341508325691e-09
2926.5               3.8546943414985e-09
2927.5               3.2773783686935e-09
2928.5               2.7866597918091e-09
2929.5               2.3692159345501e-09
2930.5               2.01394456667e-09
2931.5               1.711963903972e-09
2932.5               1.4566126083082e-09
2933.5               1.2390088954817e-09
2934.5               1.0524914273446e-09
2935.5               8.9261931179863e-10
2936.5               7.5939254884361e-10
2937.5               6.4614980033184e-10
2938.5               5.4845017416483e-10
2939.5               4.6629367034257e-10
2940.5               3.9523939676656e-10
2941.5               3.352873534368e-10
2942.5               2.8643754035329e-10
2943.5               2.4424906541753e-10
2944.5               2.0650148258028e-10
2945.5               1.7541523789077e-10
2946.5               1.5099033134902e-10
2947.5               1.2656542480727e-10
2948.5               1.0880185641327e-10
2949.5               9.1038288019263e-11
2950.5               7.7715611723761e-11
2951.5               6.6613381477509e-11
2952.5               5.5511151231258e-11
2953.5               4.8849813083507e-11
2954.5               3.9968028886506e-11
2955.5               3.5527136788005e-11
2956.5               2.8865798640254e-11
2957.5               2.4424906541753e-11
2958.5               1.9984014443253e-11
2959.5               1.9984014443253e-11
2960.5               1.5543122344752e-11
2961.5               1.3322676295502e-11
2962.5               1.1102230246252e-11
2963.5               1.1102230246252e-11
2964.5               8.8817841970013e-12
2965.5               8.8817841970013e-12
2966.5               4.4408920985006e-12
2967.5               4.4408920985006e-12
2968.5               4.4408920985006e-12
2969.5               4.4408920985006e-12
2970.5               2.2204460492503e-12
2971.5               4.4408920985006e-12
2972.5               2.2204460492503e-12
2973.5               2.2204460492503e-12
2974.5               2.2204460492503e-12
2975.5               -0
2976.5               2.2204460492503e-12
2977.5               2.2204460492503e-12
2978.5               2.2204460492503e-12
2979.5               2.2204460492503e-12
2980.5               2.2204460492503e-12
2981.5               -0
2982.5               2.2204460492503e-12
2983.5               -0
2984.5               2.2204460492503e-12
2985.5               -0
2986.5               2.2204460492503e-12
2987.5               -0
2988.5               -0
2989.5               -0
2990.5               -0
2991.5               2.2204460492503e-12
2992.5               -0
2993.5               -0
2994.5               2.2204460492503e-12
2995.5               2.2204460492503e-12
2996.5               -0
2997.5               -0
2998.5               -0
2999.5               -0
3000.5               -0
3001.5               -0
3002.5               -0
3003.5               -0
3004.5               -0
3005.5               -0
3006.5               -0
3007.5               -0
3008.5               -2.2204460492503e-12
3009.5               -0
3010.5               -0
3011.5               -0
3012.5               -2.2204460492503e-12
3013.5               -0
3014.5               -0
3015.5               -0
3016.5               -2.2204460492503e-12
3017.5               -2.2204460492503e-12
3018.5               -0
3019.5               -2.2204460492503e-12
3020.5               -2.2204460492503e-12
3021.5               -2.2204460492503e-12
3022.5               -4.4408920985006e-12
3023.5               -2.2204460492503e-12
3024.5               -2.2204460492503e-12
3025.5               -2.2204460492503e-12
3026.5               -2.2204460492503e-12
3027.5               -0
3028.5               -0
3029.5               -0
3030.5               -0
3031.5               -0
3032.5               -0
3033.5               -0
3034.5               -0
3035.5               2.2204460492503e-12
3036.5               2.2204460492503e-12
3037.5               2.2204460492503e-12
3038.5               2.2204460492503e-12
3039.5               2.2204460492503e-12
3040.5               2.2204460492503e-12
3041.5               -0
3042.5               -0
3043.5               -0
3044.5               -2.2204460492503e-12
3045.5               -0
3046.5               -2.2204460492503e-12
3047.5               -2.2204460492503e-12
3048.5               -0
3049.5               -2.2204460492503e-12
3050.5               -0
3051.5               -0
3052.5               -0
3053.5               -2.2204460492503e-12
3054.5               -0
3055.5               -2.2204460492503e-12
3056.5               -0
3057.5               -0
3058.5               -0
3059.5               -0
3060.5               2.2204460492503e-12
3061.5               -0
3062.5               2.2204460492503e-12
3063.5               2.2204460492503e-12
3064.5               -0
3065.5               2.2204460492503e-12
3066.5               2.2204460492503e-12
3067.5               2.2204460492503e-12
3068.5               4.4408920985006e-12
3069.5               2.2204460492503e-12
3070.5               -0
3071.5               2.2204460492503e-12
3072.5               -0
3073.5               -0
3074.5               -0
3075.5               -0
3076.5               -0
3077.5               -0
3078.5               -2.2204460492503e-12
3079.5               -2.2204460492503e-12
3080.5               -0
3081.5               -2.2204460492503e-12
3082.5               -2.2204460492503e-12
3083.5               -2.2204460492503e-12
3084.5               -2.2204460492503e-12
3085.5               -0
3086.5               -0
3087.5               -0
3088.5               -2.2204460492503e-12
3089.5               -0
3090.5               -0
3091.5               -0
3092.5               -0
3093.5               -0
3094.5               -0
3095.5               -0
3096.5               -0
3097.5               -2.2204460492503e-12
3098.5               -0
3099.5               -2.2204460492503e-12
3100.5               -0
3101.5               -0
3102.5               -0
3103.5               -0
3104.5               -0
3105.5               2.2204460492503e-12
3106.5               2.2204460492503e-12
3107.5               -0
3108.5               4.4408920985006e-12
3109.5               2.2204460492503e-12
3110.5               2.2204460492503e-12
3111.5               -0
3112.5               2.2204460492503e-12
3113.5               2.2204460492503e-12
3114.5               -0
3115.5               2.2204460492503e-12
3116.5               -0
3117.5               2.2204460492503e-12
3118.5               2.2204460492503e-12
3119.5               -0
3120.5               -0
3121.5               -2.2204460492503e-12
3122.5               -0
3123.5               -2.2204460492503e-12
3124.5               -0
3125.5               -0
3126.5               -0
3127.5               -0
3128.5               -0
3129.5               -2.2204460492503e-12
3130.5               -0
3131.5               -0
3132.5               -0
3133.5               2.2204460492503e-12
3134.5               -2.2204460492503e-12
3135.5               -0
3136.5               -2.2204460492503e-12
3137.5               -2.2204460492503e-12
3138.5               -2.2204460492503e-12
3139.5               -2.2204460492503e-12
3140.5               -0
3141.5               -0
3142.5               -2.2204460492503e-12
3143.5               -0
3144.5               2.2204460492503e-12
3145.5               -0
3146.5               2.2204460492503e-12
3147.5               2.2204460492503e-12
3148.5               2.2204460492503e-12
3149.5               -0
3150.5               2.2204460492503e-12
3151.5               -0
3152.5               -0
3153.5               -0
3154.5               -0
3155.5               -2.2204460492503e-12
3156.5               -0
3157.5               -2.2204460492503e-12
3158.5               -0
3159.5               -0
3160.5               -0
3161.5               -2.2204460492503e-12
3162.5               -0
3163.5               -0
3164.5               -2.2204460492503e-12
3165.5               -2.2204460492503e-12
3166.5               -0
3167.5               -0
3168.5               -2.2204460492503e-12
3169.5               -0
3170.5               -0
3171.5               -0
3172.5               2.2204460492503e-12
3173.5               2.2204460492503e-12
3174.5               -0
3175.5               -0
3176.5               2.2204460492503e-12
3177.5               -0
3178.5               -2.2204460492503e-12
3179.5               -0
3180.5               -2.2204460492503e-12
3181.5               -0
3182.5               -2.2204460492503e-12
3183.5               -2.2204460492503e-12
3184.5               -2.2204460492503e-12
3185.5               -0
3186.5               -0
3187.5               2.2204460492503e-12
3188.5               2.2204460492503e-12
3189.5               2.2204460492503e-12
3190.5               2.2204460492503e-12
3191.5               -0
3192.5               2.2204460492503e-12
3193.5               -0
3194.5               2.2204460492503e-12
3195.5               2.2204460492503e-12
3196.5               2.2204460492503e-12
3197.5               2.2204460492503e-12
3198.5               2.2204460492503e-12
3199.5               -0
3200.5               -0
3201.5               -0
3202.5               -0
3203.5               -0
3204.5               -2.2204460492503e-12
3205.5               -0
3206.5               -0
3207.5               -0
3208.5               -0
3209.5               2.2204460492503e-12
3210.5               -0
3211.5               -0
3212.5               -0
3213.5               -0
3214.5               -0
3215.5               2.2204460492503e-12
3216.5               -0
3217.5               2.2204460492503e-12
3218.5               -0
3219.5               2.2204460492503e-12
3220.5               -0
3221.5               -2.2204460492503e-12
3222.5               -0
3223.5               -0
3224.5               -0
3225.5               -0
3226.5               -0
3227.5               -0
3228.5               -0
3229.5               -0
3230.5               -0
3231.5               -2.2204460492503e-12
3232.5               -0
3233.5               -0
3234.5               -2.2204460492503e-12
3235.5               -0
3236.5               -2.2204460492503e-12
3237.5               -2.2204460492503e-12
3238.5               -0
3239.5               -2.2204460492503e-12
3240.5               -2.2204460492503e-12
3241.5               -2.2204460492503e-12
3242.5               -2.2204460492503e-12
3243.5               -2.2204460492503e-12
3244.5               -2.2204460492503e-12
3245.5               -2.2204460492503e-12
3246.5               -2.2204460492503e-12
3247.5               -0
3248.5               -2.2204460492503e-12
3249.5               -0
3250.5               -0
3251.5               -0
3252.5               -0
3253.5               -0
3254.5               2.2204460492503e-12
3255.5               2.2204460492503e-12
3256.5               2.2204460492503e-12
3257.5               2.2204460492503e-12
3258.5               -0
3259.5               -0
3260.5               -0
3261.5               -2.2204460492503e-12
3262.5               -2.2204460492503e-12
3263.5               -0
3264.5               -2.2204460492503e-12
3265.5               -0
3266.5               -2.2204460492503e-12
3267.5               -0
3268.5               -2.2204460492503e-12
3269.5               -0
3270.5               2.2204460492503e-12
3271.5               -0
3272.5               2.2204460492503e-12
3273.5               4.4408920985006e-12
3274.5               2.2204460492503e-12
3275.5               2.2204460492503e-12
3276.5               2.2204460492503e-12
3277.5               -0
3278.5               2.2204460492503e-12
3279.5               2.2204460492503e-12
3280.5               -0
3281.5               -0
3282.5               -2.2204460492503e-12
3283.5               -0
3284.5               -2.2204460492503e-12
3285.5               -2.2204460492503e-12
3286.5               -2.2204460492503e-12
3287.5               -2.2204460492503e-12
3288.5               -2.2204460492503e-12
3289.5               -0
3290.5               -0
3291.5               -0
3292.5               2.2204460492503e-12
3293.5               -0
3294.5               -0
3295.5               2.2204460492503e-12
3296.5               2.2204460492503e-12
3297.5               -0
3298.5               -0
3299.5               2.2204460492503e-12
3300.5               -0
3301.5               -0
3302.5               -0
3303.5               -0
3304.5               -2.2204460492503e-12
3305.5               -2.2204460492503e-12
3306.5               -0
3307.5               -2.2204460492503e-12
3308.5               -2.2204460492503e-12
3309.5               -2.2204460492503e-12
3310.5               -0
3311.5               -0
3312.5               -0
3313.5               -0
3314.5               2.2204460492503e-12
3315.5               -0
3316.5               2.2204460492503e-12
3317.5               -0
3318.5               -0
3319.5               -0
3320.5               2.2204460492503e-12
3321.5               -0
3322.5               -2.2204460492503e-12
3323.5               -0
3324.5               -0
3325.5               -0
3326.5               -0
3327.5               -2.2204460492503e-12
3328.5               -0
3329.5               -2.2204460492503e-12
3330.5               -2.2204460492503e-12
3331.5               -0
3332.5               -0
3333.5               -0
3334.5               -0
3335.5               -0
3336.5               -0
3337.5               2.2204460492503e-12
3338.5               -0
3339.5               2.2204460492503e-12
3340.5               2.2204460492503e-12
3341.5               4.4408920985006e-12
3342.5               -0
3343.5               2.2204460492503e-12
3344.5               -0
3345.5               -2.2204460492503e-12
3346.5               -0
3347.5               -2.2204460492503e-12
3348.5               -2.2204460492503e-12
3349.5               -2.2204460492503e-12
3350.5               -0
3351.5               -2.2204460492503e-12
3352.5               -0
3353.5               -0
3354.5               -0
3355.5               -0
3356.5               -0
3357.5               -0
3358.5               -2.2204460492503e-12
3359.5               -0
3360.5               -0
3361.5               -0
3362.5               -0
3363.5               2.2204460492503e-12
3364.5               -0
3365.5               -0
3366.5               -2.2204460492503e-12
3367.5               -2.2204460492503e-12
3368.5               -2.2204460492503e-12
3369.5               -2.2204460492503e-12
3370.5               -2.2204460492503e-12
3371.5               -0
3372.5               -2.2204460492503e-12
3373.5               -0
3374.5               2.2204460492503e-12
3375.5               -0
3376.5               -0
3377.5               2.2204460492503e-12
3378.5               2.2204460492503e-12
3379.5               4.4408920985006e-12
3380.5               4.4408920985006e-12
3381.5               2.2204460492503e-12
3382.5               2.2204460492503e-12
3383.5               2.2204460492503e-12
3384.5               -0
3385.5               2.2204460492503e-12
3386.5               -0
3387.5               -0
3388.5               -0
3389.5               -0
3390.5               -0
3391.5               -2.2204460492503e-12
3392.5               -0
3393.5               2.2204460492503e-12
3394.5               2.2204460492503e-12
3395.5               2.2204460492503e-12
3396.5               2.2204460492503e-12
3397.5               2.2204460492503e-12
3398.5               -0
3399.5               2.2204460492503e-12
3400.5               2.2204460492503e-12
3401.5               2.2204460492503e-12
3402.5               -0
3403.5               2.2204460492503e-12
3404.5               -0
3405.5               -0
3406.5               -0
3407.5               -2.2204460492503e-12
3408.5               -0
3409.5               -0
3410.5               -2.2204460492503e-12
3411.5               -0
3412.5               -0
3413.5               -0
3414.5               -2.2204460492503e-12
3415.5               -0
3416.5               -0
3417.5               2.2204460492503e-12
3418.5               -0
3419.5               2.2204460492503e-12
3420.5               -0
3421.5               -0
3422.5               2.2204460492503e-12
3423.5               -0
3424.5               -0
3425.5               2.2204460492503e-12
3426.5               -0
3427.5               -0
3428.5               -0
3429.5               -0
3430.5               2.2204460492503e-12
3431.5               -0
3432.5               -0
3433.5               -0
3434.5               -0
3435.5               -0
3436.5               -0
3437.5               -0
3438.5               -0
3439.5               -0
3440.5               -0
3441.5               -2.2204460492503e-12
3442.5               -0
3443.5               -0
3444.5               -2.2204460492503e-12
3445.5               -0
3446.5               -0
3447.5               -2.2204460492503e-12
3448.5               -2.2204460492503e-12
3449.5               -0
3450.5               -0
3451.5               2.2204460492503e-12
3452.5               -0
3453.5               -0
3454.5               -2.2204460492503e-12
3455.5               -0
3456.5               -2.2204460492503e-12
3457.5               -2.2204460492503e-12
3458.5               -2.2204460492503e-12
3459.5               -2.2204460492503e-12
3460.5               -2.2204460492503e-12
3461.5               -0
3462.5               -0
3463.5               2.2204460492503e-12
3464.5               -0
3465.5               -0
3466.5               -2.2204460492503e-12
3467.5               -0
3468.5               -0
3469.5               2.2204460492503e-12
3470.5               -0
3471.5               2.2204460492503e-12
3472.5               -0
3473.5               -0
3474.5               -0
3475.5               -0
3476.5               2.2204460492503e-12
3477.5               -0
3478.5               -0
3479.5               -0
3480.5               -0
3481.5               -0
3482.5               -2.2204460492503e-12
3483.5               -0
3484.5               -2.2204460492503e-12
3485.5               -0
3486.5               -0
3487.5               -0
3488.5               -0
3489.5               -0
3490.5               -0
3491.5               2.2204460492503e-12
3492.5               -0
3493.5               2.2204460492503e-12
3494.5               -0
3495.5               -0
3496.5               -0
3497.5               -2.2204460492503e-12
3498.5               -0
3499.5               -0
3500.5               -0
3501.5               -0
3502.5               -0
3503.5               -0
3504.5               -0
3505.5               -0
3506.5               -0
3507.5               -2.2204460492503e-12
3508.5               -0
3509.5               -2.2204460492503e-12
3510.5               -2.2204460492503e-12
3511.5               -0
3512.5               -0
3513.5               -0
3514.5               2.2204460492503e-12
3515.5               -0
3516.5               -0
3517.5               -0
3518.5               -0
3519.5               -0
3520.5               -0
3521.5               -2.2204460492503e-12
3522.5               -0
3523.5               -0
3524.5               -0
3525.5               2.2204460492503e-12
3526.5               -0
3527.5               2.2204460492503e-12
3528.5               2.2204460492503e-12
3529.5               -0
3530.5               2.2204460492503e-12
3531.5               -0
3532.5               -0
3533.5               -0
3534.5               -0
3535.5               -0
3536.5               -2.2204460492503e-12
3537.5               -2.2204460492503e-12
3538.5               -4.4408920985006e-12
3539.5               -2.2204460492503e-12
3540.5               -4.4408920985006e-12
3541.5               -2.2204460492503e-12
3542.5               -2.2204460492503e-12
3543.5               -4.4408920985006e-12
3544.5               -4.4408920985006e-12
3545.5               -4.4408920985006e-12
3546.5               -2.2204460492503e-12
3547.5               -4.4408920985006e-12
3548.5               -4.4408920985006e-12
3549.5               -4.4408920985006e-12
3550.5               -6.6613381477509e-12
3551.5               -8.8817841970013e-12
3552.5               -8.8817841970013e-12
3553.5               -1.1102230246252e-11
3554.5               -1.1102230246252e-11
3555.5               -1.5543122344752e-11
3556.5               -1.7763568394003e-11
3557.5               -2.2204460492503e-11
3558.5               -2.6645352591004e-11
3559.5               -2.8865798640254e-11
3560.5               -3.5527136788005e-11
3561.5               -3.9968028886506e-11
3562.5               -4.8849813083507e-11
3563.5               -5.7731597280508e-11
3564.5               -6.6613381477509e-11
3565.5               -7.7715611723761e-11
3566.5               -9.3258734068513e-11
3567.5               -1.0880185641327e-10
3568.5               -1.2656542480727e-10
3569.5               -1.5099033134902e-10
3570.5               -1.7541523789077e-10
3571.5               -2.0650148258028e-10
3572.5               -2.4202861936828e-10
3573.5               -2.8643754035329e-10
3574.5               -3.352873534368e-10
3575.5               -3.9523939676656e-10
3576.5               -4.6407322429332e-10
3577.5               -5.4845017416483e-10
3578.5               -6.4392935428259e-10
3579.5               -7.5717210279436e-10
3580.5               -8.9039886574938e-10
3581.5               -1.0502709812954e-09
3582.5               -1.2323475573339e-09
3583.5               -1.4499512701605e-09
3584.5               -1.7075230118735e-09
3585.5               -2.0072832285223e-09
3586.5               -2.3625545964023e-09
3587.5               -2.7755575615629e-09
3588.5               -3.2684965844965e-09
3589.5               -3.8458125573015e-09
3590.5               -4.5208281562736e-09
3591.5               -5.3201887340038e-09
3592.5               -6.2572169667874e-09
3593.5               -7.3607786532648e-09
3594.5               -8.657519146027e-09
3595.5               -1.0182965581862e-08
3596.5               -1.1977085989656e-08
3597.5               -1.4090950628542e-08
3598.5               -1.6573409311604e-08
3599.5               -1.9493295866368e-08
3600.5               -2.2930546350608e-08
3601.5               -2.6973978606293e-08
3602.5               -3.1730174043787e-08
3603.5               -3.731903674975e-08
3604.5               -4.3900438839728e-08
3605.5               -5.1638693321365e-08
3606.5               -6.0740301677242e-08
3607.5               -7.1447292526727e-08
3608.5               -8.4041662518075e-08
3609.5               -9.8856478558673e-08
3610.5               -1.1628031870714e-07
3611.5               -1.3677947663382e-07
3612.5               -1.6088685939053e-07
3613.5               -1.892486167776e-07
3614.5               -2.2260859822154e-07
3615.5               -2.6184610035784e-07
3616.5               -3.0800251238361e-07
3617.5               -3.6229685917988e-07
3618.5               -4.2615910800237e-07
3619.5               -5.012767978485e-07
3620.5               -5.8964166882447e-07
3621.5               -6.9357852794383e-07
3622.5               -8.158385078616e-07
3623.5               -9.5965013713339e-07
3624.5               -1.1288103785034e-06
3625.5               -1.3277889898688e-06
3626.5               -1.5618439874743e-06
3627.5               -1.8371548726748e-06
3628.5               -2.1609936062816e-06
3629.5               -2.5419200078147e-06
3630.5               -2.9899926978771e-06
3631.5               -3.5170466539114e-06
3632.5               -4.1370107339844e-06
3633.5               -4.8662518459253e-06
3634.5               -5.7240434614414e-06
3635.5               -6.7330385711273e-06
3636.5               -7.9198936298042e-06
3637.5               -9.3159591152414e-06
3638.5               -1.0958112195425e-05
3639.5               -1.2889733724819e-05
3640.5               -1.5161847333189e-05
3641.5               -1.7834476118139e-05
3642.5               -2.0978216941359e-05
3643.5               -2.4676110044197e-05
3644.5               -2.9025848391484e-05
3645.5               -3.4142324523145e-05
3646.5               -4.0160699210645e-05
3647.5               -4.7239954170664e-05
3648.5               -5.5567088708131e-05
3649.5               -6.5362073531361e-05
3650.5               -7.6883650557136e-05
3651.5               -9.0436171884534e-05
3652.5               -0.00010637763114829
3653.5               -0.00012512914260299
3654.5               -0.00014718603225106
3655.5               -0.00017313095179716
3656.5               -0.00020364925523708
3657.5               -0.00023954709771346
3658.5               -0.00028177274513652
3659.5               -0.00033144160305199
3660.5               -0.00038986570416455
3661.5               -0.00045858834285539
3662.5               -0.00053942484701253
3663.5               -0.00063451053078367
3664.5               -0.00074635709834681
3665.5               -0.00087791896863365
3666.5               -0.0010326713328901
3667.5               -0.0012147019146092
3668.5               -0.0014288189564837
3669.5               -0.0016806781899525
3670.5               -0.0019769321979446
3671.5               -0.0023254061121136
3672.5               -0.0027353042364453
3673.5               -0.0032174530795182
3674.5               -0.0037845872391529
3675.5               -0.0044516855779442
3676.5               -0.0052363666469546
3677.5               -0.0061593537536986
3678.5               -0.0072450218513431
3679.5               -0.0085220407552988
3680.5               -0.010024131515962
3681.5               -0.011790955845026
3682.5               -0.013869162009961
3683.5               -0.016313614510377
3684.5               -0.019188839879281
3685.5               -0.022570726339044
3686.5               -0.026548521721015
3687.5               -0.031227181735982
3688.5               -0.036730129571172
3689.5               -0.043202498452022
3690.5               -0.05081494082626
3691.5               -0.059768102251834
3692.5               -0.070297874550374
3693.5               -0.082681561988096
3694.5               -0.097245116519318
3695.5               -0.11437162369177
3696.5               -0.13451125021158
3697.5               -0.15819289791663
3698.5               -0.18603784688986
3699.5               -0.21877571371398
3700.5               -0.25726309889285
3701.5               -0.30250535056453
3702.5               -0.3556819294448
3703.5               -0.4181759212174
3704.5               -0.49160830609907
3705.5               -0.57787765780581
3706.5               -0.67920600163696
3707.5               -0.79819160727856
3708.5               -0.93786951667063
3709.5               -1.1017805980607
3710.5               -1.2940498553871
3711.5               -1.5194745831804
3712.5               -1.7836227082424
3713.5               -2.0929412583248
3714.5               -2.4548742923391
3715.5               -2.8779887516284
3716.5               -3.3721054743174
3717.5               -3.9484309753446
3718.5               -4.619683457936
3719.5               -5.4002038345002
3720.5               -6.3060392895919
3721.5               -7.3549831991149
3722.5               -8.5665512577271
3723.5               -9.961869904449
3724.5               -11.563450307808
3725.5               -13.394820350252
3726.5               -15.479989653597
3727.5               -17.842730354765
3728.5               -20.50567065023
3729.5               -23.489220062016
3730.5               -26.81037458065
3731.5               -30.481483774707
3732.5               -34.509095284829
3733.5               -38.893016779893
3734.5               -43.625741916016
3735.5               -48.692366765724
3736.5               -54.071073010724
3737.5               -59.734178362192
3738.5               -65.649666706742
3739.5               -71.783030469272
3740.5               -78.099206344053
3741.5               -84.564376873066
3742.5               -91.147446252728
3743.5               -97.821068284718
3744.5               -104.56218804977
3745.5               -111.35213579248
3746.5               -118.17636612255
3747.5               -125.02396137269
3748.5               -131.88701692635
3749.5               -138.76000639291
3750.5               -145.63919539662
3751.5               -152.52214295524
3752.5               -159.4073045611
3753.5               -166.29373362299
3754.5               -173.18086791055
3755.5               -180.06838364595
3756.5               -186.95609997188
3757.5               -193.84391886407
3758.5               -200.73178875543
3759.5               -207.6196833087
3760.5               -126.55922790122
3761.5187209763      -65.762958278122
3762.5755848552      -34.251984632145
3763.6720197814      -17.683219868694
3764.8095073722      -8.9873807308981
3765.9895847196      -4.4776194435928
3767.2138464671      -2.1807413705533
3768.483946965       -1.0362838807466
3769.8016025056      -0.4797923804288
3771.1685936425      -0.21618300160751
3772.5867675969      -0.094696364480295
3774.0580407534      -0.040287098921949
3775.5844012497      -0.016630934650752
3777.1679116635      -0.0066565651870437
3778.8107117992      -0.002583985517974
3780.5150215798      -0.00098067442530064
3782.2831440465      -0.00038823904156947
3784.117468471       -0.00022992395831343
3786.0204735836      -0.00035652834877355
3787.9947309236      -0.00097327521238974
3790                 -4758.2579429988
3792                 -0
3794                 -0
3796                 -0
3798                 -0
